<TICKER>,<PER>,<DATE>,<TIME>,<OPEN>,<HIGH>,<LOW>,<CLOSE>,<VOL>,<OPENINT>
ALE,D,20201012,000000,65,72.1,60,70,59867551,0
ALE,D,20201013,000000,72,80,71.08,80,18452974,0
ALE,D,20201014,000000,84,90.3,71.25,75.96,16731591,0
ALE,D,20201015,000000,76,80,71.52,79.22,6235974,0
ALE,D,20201016,000000,80,85.44,79.25,81.45,15480831,0
ALE,D,20201019,000000,81.45,83.62,79.8,83.4,3205087,0
ALE,D,20201020,000000,83.45,85.6,83.33,85,3048042,0
ALE,D,20201021,000000,85.99,85.99,82.12,84.17,2734889,0
ALE,D,20201022,000000,83.84,89,83.72,85.37,5133134,0
ALE,D,20201023,000000,86.37,89,85.43,89,30874654,0
ALE,D,20201026,000000,89,92.86,85.5,91.7,2752483,0
ALE,D,20201027,000000,91.6,98.78,90.4,94.64,3996495,0
ALE,D,20201028,000000,94.64,96.55,82.1,87.67,4158058,0
ALE,D,20201029,000000,88,90.37,84.63,85.94,1854893,0
ALE,D,20201030,000000,85,86.8,80,80.45,1850831,0
ALE,D,20201102,000000,81.2,85.44,81.18,84.17,2942285,0
ALE,D,20201103,000000,85.4,85.5,82.12,83.69,1908419,0
ALE,D,20201104,000000,83,87.2,82.5,86.59,2026196,0
ALE,D,20201105,000000,88.3,89.6,86.7,87.56,1296652,0
ALE,D,20201106,000000,88,93,87.87,92.13,2860026,0
ALE,D,20201109,000000,94,95.3,84.6,90.61,4577919,0
ALE,D,20201110,000000,89,89,82.62,82.75,4475543,0
ALE,D,20201112,000000,84.41,84.6,79.45,79.5,4993858,0
ALE,D,20201113,000000,79.95,80.36,74.7,75.88,3626856,0
ALE,D,20201116,000000,76.05,76.48,72.11,72.39,2730979,0
ALE,D,20201117,000000,71.2,71.44,67.4,67.89,4080037,0
ALE,D,20201118,000000,67.8,69.99,65.3,67.3,3151660,0
ALE,D,20201119,000000,67.67,71.9,67.45,71.9,2647711,0
ALE,D,20201120,000000,73.29,79.45,72.74,78.32,3325301,0
ALE,D,20201123,000000,79.6,81.62,75,76.6,2947478,0
ALE,D,20201124,000000,76.6,79.2,73.46,78.27,2364059,0
ALE,D,20201125,000000,75.5,79.34,75.02,79.34,2028319,0
ALE,D,20201126,000000,77,77.32,74,74.2,1938984,0
ALE,D,20201127,000000,72.68,76,70.7,75,1889733,0
ALE,D,20201130,000000,75,77.6,74.32,77.07,3324698,0
ALE,D,20201201,000000,78.5,78.5,75.01,75.01,1038188,0
ALE,D,20201202,000000,74.2,75.87,74,75.2,1106902,0
ALE,D,20201203,000000,75.6,76.4,74.8,74.8,1437814,0
ALE,D,20201204,000000,74.8,75.86,74.6,75.5,2174870,0
ALE,D,20201207,000000,75.5,75.5,72.6,74.45,2401460,0
ALE,D,20201208,000000,75,78.26,73.91,78.26,1242364,0
ALE,D,20201209,000000,78.2,78.35,75.5,75.57,1295897,0
ALE,D,20201210,000000,76.04,78.96,75.86,78.7,1165328,0
ALE,D,20201211,000000,78.65,79.8,77.3,79.8,1352568,0
ALE,D,20201214,000000,80,84.7,79.31,83.65,1868710,0
ALE,D,20201215,000000,83.65,86.4,83.01,84.92,1833526,0
ALE,D,20201216,000000,85.5,88.59,84.2,85,1336367,0
ALE,D,20201217,000000,86,87.78,85.53,85.95,1289064,0
ALE,D,20201218,000000,87,88,84.49,86.1,8813180,0
ALE,D,20201221,000000,86.5,86.99,79.05,81.05,1457366,0
ALE,D,20201222,000000,81.1,85.65,81.1,83.04,915077,0
ALE,D,20201223,000000,83.67,85.88,83.21,85.69,583655,0
ALE,D,20201228,000000,85.99,86.76,84.49,86.55,590450,0
ALE,D,20201229,000000,87.1,87.35,85.02,85.96,511731,0
ALE,D,20201230,000000,85.32,85.9,84.56,84.7,775111,0
ALE,D,20210104,000000,84,85.84,83.4,84.4,1189833,0
ALE,D,20210105,000000,84,87.29,83.8,85.99,1270249,0
ALE,D,20210107,000000,86.85,87.5,82.8,82.93,1411442,0
ALE,D,20210108,000000,83.16,83.89,78.35,80.59,1599933,0
ALE,D,20210111,000000,81.75,82.84,79.1,80.5,895247,0
ALE,D,20210112,000000,81.3,82.3,79.34,80,662230,0
ALE,D,20210113,000000,80.4,80.65,77.5,78.4,1008032,0
ALE,D,20210114,000000,78,78.99,77.8,78.48,769410,0
ALE,D,20210115,000000,79,79.5,75.15,76.75,1172286,0
ALE,D,20210118,000000,76.9,77.89,75.65,77.79,432646,0
ALE,D,20210119,000000,77.84,77.97,74.4,75,1327618,0
ALE,D,20210120,000000,75,75.29,72.1,73.65,1263333,0
ALE,D,20210121,000000,73.71,75.55,72.78,73.13,1142721,0
ALE,D,20210122,000000,73.85,73.85,72.33,72.7,1903288,0
ALE,D,20210125,000000,72.3,73.32,70.4,70.65,1300410,0
ALE,D,20210126,000000,70.7,75.86,70,74.98,3897708,0
ALE,D,20210127,000000,75.99,77.48,69.04,70.54,5390632,0
ALE,D,20210128,000000,70.54,71.94,67.35,71.63,2037106,0
ALE,D,20210129,000000,71.63,74,70.46,73.5,2239290,0
ALE,D,20210201,000000,73.8,73.95,69.75,72,1972848,0
ALE,D,20210202,000000,72.36,72.66,71.66,72.03,850283,0
ALE,D,20210203,000000,72.09,72.45,70.44,71.11,1681277,0
ALE,D,20210204,000000,71,71.48,69.25,69.7,654911,0
ALE,D,20210205,000000,69.75,71.11,69.58,70.31,586445,0
ALE,D,20210208,000000,70.24,70.57,68.15,68.2,474649,0
ALE,D,20210209,000000,69,69.2,67.76,68.35,652221,0
ALE,D,20210210,000000,68.5,68.88,65.05,65.05,1887257,0
ALE,D,20210211,000000,65.5,69.78,65.15,68.5,3060064,0
ALE,D,20210212,000000,69.1,71.56,68.85,69,1831647,0
ALE,D,20210215,000000,69.7,70.31,68.36,68.9,2112956,0
ALE,D,20210216,000000,70,71.07,69.5,69.5,1391523,0
ALE,D,20210217,000000,70.26,70.3,68.9,69.05,2515956,0
ALE,D,20210218,000000,69.1,69.47,68.43,68.63,1021619,0
ALE,D,20210219,000000,69.03,69.7,67.5,67.5,3765024,0
ALE,D,20210222,000000,67,68.09,66.81,67,1363824,0
ALE,D,20210223,000000,67.3,67.3,64.24,64.65,1592226,0
ALE,D,20210224,000000,65,66.7,64.5,65,1286295,0
ALE,D,20210225,000000,65.01,65.65,64.38,64.45,1034701,0
ALE,D,20210226,000000,64.1,64.43,61.5,64.32,1624343,0
ALE,D,20210301,000000,65,65.35,62.5,63.07,1347372,0
ALE,D,20210302,000000,63.95,67.46,63.19,66.76,3120360,0
ALE,D,20210303,000000,67.5,68.2,65.02,66.46,2887525,0
ALE,D,20210304,000000,67,67.38,63.69,64.74,3554548,0
ALE,D,20210305,000000,63.72,64.35,63.46,64,2512451,0
ALE,D,20210308,000000,64.1,65,63.03,63.54,1529124,0
ALE,D,20210309,000000,63.2,65.3,63.03,64.5,1587533,0
ALE,D,20210310,000000,64.9,66.15,64.31,65,887581,0
ALE,D,20210311,000000,65.5,66.2,64.65,64.77,883473,0
ALE,D,20210312,000000,65.5,65.5,64.25,64.67,1065413,0
ALE,D,20210315,000000,64.6,64.96,63.44,63.65,1217488,0
ALE,D,20210316,000000,64,64.79,63.18,63.63,877016,0
ALE,D,20210317,000000,60,60.3,58.1,59.76,18032806,0
ALE,D,20210318,000000,60,60.69,58.59,59.97,6259063,0
ALE,D,20210319,000000,59.99,60.04,59.43,59.64,7728144,0
ALE,D,20210322,000000,60,60.1,58.5,58.8,16046948,0
ALE,D,20210323,000000,58.73,59.16,56.3,56.8,4003505,0
ALE,D,20210324,000000,56.59,56.59,53.41,54.5,4841732,0
ALE,D,20210325,000000,54.98,55.5,51.96,52.86,4048175,0
ALE,D,20210326,000000,53.5,53.7,51.9,52.75,2498746,0
ALE,D,20210329,000000,53.4,54.4,52.05,52.66,3384592,0
ALE,D,20210330,000000,53.3,54.72,52.8,54.57,2390920,0
ALE,D,20210331,000000,55,55.67,53.64,55.57,3804694,0
ALE,D,20210401,000000,56.45,56.7,55.6,56.06,3008664,0
ALE,D,20210406,000000,57.04,57.6,56.6,57.5,1847719,0
ALE,D,20210407,000000,57.35,57.38,55.8,56.56,1648173,0
ALE,D,20210408,000000,56.9,56.9,55.81,56.17,1033468,0
ALE,D,20210409,000000,56.44,59.03,56.01,58.5,2189710,0
ALE,D,20210412,000000,58.3,58.4,56.52,57.24,958936,0
ALE,D,20210413,000000,57.54,57.89,56.7,57.38,853514,0
ALE,D,20210414,000000,57.91,59.25,57.71,59.25,1267067,0
ALE,D,20210415,000000,59.25,59.44,57.8,58.34,1011597,0
ALE,D,20210416,000000,58,58.48,57.16,57.16,1110516,0
ALE,D,20210419,000000,57.15,58.31,55.78,56.22,810233,0
ALE,D,20210420,000000,56.24,56.92,54.16,55,1296422,0
ALE,D,20210421,000000,55,55.96,54.22,54.37,1246621,0
ALE,D,20210422,000000,54.9,56.78,54.65,56.2,1458275,0
ALE,D,20210423,000000,56.2,56.68,55.49,56.5,1354451,0
ALE,D,20210426,000000,56.8,57.18,55.91,56.6,927036,0
ALE,D,20210427,000000,56.79,57.29,56.01,56.52,633127,0
ALE,D,20210428,000000,56.76,57.7,56.15,57.5,1301799,0
ALE,D,20210429,000000,57.99,58.45,57.1,57.4,982923,0
ALE,D,20210430,000000,57.5,58.34,55.87,58.14,1339375,0
ALE,D,20210504,000000,57.75,57.83,54.08,54.08,1483111,0
ALE,D,20210505,000000,54.2,54.87,52.88,53.01,1121237,0
ALE,D,20210506,000000,53,53.63,51.23,51.62,2176146,0
ALE,D,20210507,000000,51.11,54.98,50.9,54.86,1425325,0
ALE,D,20210510,000000,55.04,55.47,52.5,53.17,968193,0
ALE,D,20210511,000000,53,53.25,51.74,51.8,1115028,0
ALE,D,20210512,000000,51.9,52.93,51.85,52.34,1484928,0
ALE,D,20210513,000000,54.4,55.86,51.12,51.23,4044396,0
ALE,D,20210514,000000,52,52.4,49.105,52.4,2252936,0
ALE,D,20210517,000000,53,55.98,52.8,55.61,2798685,0
ALE,D,20210518,000000,55.74,58.75,55.71,57,3935818,0
ALE,D,20210519,000000,57.5,57.7,56.45,57.2,3569170,0
ALE,D,20210520,000000,57.5,57.7,56.55,57.21,1102150,0
ALE,D,20210521,000000,57.75,57.75,56.67,57.46,1885792,0
ALE,D,20210524,000000,57.46,57.5,56.8,56.9,527238,0
ALE,D,20210525,000000,56.94,58.9,56.94,58.4,1016722,0
ALE,D,20210526,000000,58.71,58.74,57.33,58.4,609807,0
ALE,D,20210527,000000,58.15,58.85,57.51,58.28,2321612,0
ALE,D,20210528,000000,58.5,58.83,57.6,58.5,1479511,0
ALE,D,20210531,000000,58.7,58.82,57.28,57.66,487814,0
ALE,D,20210601,000000,58.9,59.96,57.89,59.21,1177366,0
ALE,D,20210602,000000,59.4,59.74,59,59.18,886587,0
ALE,D,20210604,000000,59,59.26,57.5,58.77,964784,0
ALE,D,20210607,000000,58.4,59.44,58.25,59.05,893616,0
ALE,D,20210608,000000,59.02,61.18,58.27,59.25,1951969,0
ALE,D,20210609,000000,59.5,60.23,58.88,59.64,1522661,0
ALE,D,20210610,000000,60,60.2,58.1,58.4,1905139,0
ALE,D,20210611,000000,58.67,58.86,58.02,58.3,610146,0
ALE,D,20210614,000000,58.54,59.17,58,58.5,926802,0
ALE,D,20210615,000000,59,60.08,58.56,58.79,1258238,0
ALE,D,20210616,000000,57.74,59.95,57.58,59.8,699683,0
ALE,D,20210617,000000,59.8,61.04,58.51,59.09,2192885,0
ALE,D,20210618,000000,59.35,60.5,58.8,60.05,3250796,0
ALE,D,20210621,000000,60.18,60.18,58.78,59.4,606399,0
ALE,D,20210622,000000,59.9,59.9,57.1,58.25,1181990,0
ALE,D,20210623,000000,59.13,60.28,58.53,60.25,997942,0
ALE,D,20210624,000000,60.45,63.08,60.24,62.54,2490704,0
ALE,D,20210625,000000,62.55,64.48,62.33,64.2,2317301,0
ALE,D,20210628,000000,64.2,64.21,62.3,63.94,998415,0
ALE,D,20210629,000000,63.8,65.84,63.57,65.5,1725203,0
ALE,D,20210630,000000,65.9,67.28,65.15,65.62,2320583,0
ALE,D,20210701,000000,66,68.33,64.55,67.3,2059122,0
ALE,D,20210702,000000,67.25,68.95,66,67.68,1644793,0
ALE,D,20210705,000000,67.7,69.54,67.65,69.05,1713798,0
ALE,D,20210706,000000,69.25,69.91,69,69.91,1024144,0
ALE,D,20210707,000000,70.03,75.9,70.03,73.38,4404103,0
ALE,D,20210708,000000,73.19,74.25,71.38,71.82,1748032,0
ALE,D,20210709,000000,71.83,72.75,70.6,71.55,914559,0
ALE,D,20210712,000000,71,74.83,70.83,73.69,1377603,0
ALE,D,20210713,000000,73.99,74.25,72.51,72.68,1297777,0
ALE,D,20210714,000000,72.6,73.49,72.14,73.49,762177,0
ALE,D,20210715,000000,73,73.53,72.25,72.99,549774,0
ALE,D,20210716,000000,73,73.87,72.71,73.6,822218,0
ALE,D,20210719,000000,73.87,73.9,72.46,72.9,1217846,0
ALE,D,20210720,000000,72.26,74.32,72.2,73.9,936733,0
ALE,D,20210721,000000,73.8,74.78,73,73.15,1044873,0
ALE,D,20210722,000000,72.73,74,72.5,73.71,721542,0
ALE,D,20210723,000000,73.46,74.01,72.66,73.15,323216,0
ALE,D,20210726,000000,73.14,73.77,70.68,72.9,626559,0
ALE,D,20210727,000000,72.72,72.73,70.35,71.35,644794,0
ALE,D,20210728,000000,70.91,71.26,68.71,68.84,1876598,0
ALE,D,20210729,000000,68.59,70.24,67.57,67.75,1290815,0
ALE,D,20210730,000000,67.42,68,65.71,66.1,1757923,0
ALE,D,20210802,000000,66.25,67.7,65.8,66.1,788318,0
ALE,D,20210803,000000,66.28,68.9,66.25,67.12,1159433,0
ALE,D,20210804,000000,67,67.41,66.1,66.53,662849,0
ALE,D,20210805,000000,67.63,67.72,63.3,64.19,2268288,0
ALE,D,20210806,000000,64.5,64.5,62.5,63.87,1859196,0
ALE,D,20210809,000000,63.75,64.3,63.2,64.15,923115,0
ALE,D,20210810,000000,64.15,64.45,62.88,62.88,1176235,0
ALE,D,20210811,000000,63,63.25,61.66,62.19,896542,0
ALE,D,20210812,000000,62.1,62.88,61.52,62.5,1051563,0
ALE,D,20210813,000000,62.6,64,62.34,63.81,842149,0
ALE,D,20210816,000000,63.86,63.98,61.87,62,792614,0
ALE,D,20210817,000000,62.3,63.74,62.05,63.37,1027652,0
ALE,D,20210818,000000,63.42,64.34,62.95,64.19,627757,0
ALE,D,20210819,000000,64.38,65.23,63.72,65.01,875960,0
ALE,D,20210820,000000,65,65.2,64.3,65,371254,0
ALE,D,20210823,000000,65.1,65.2,64.51,65,318720,0
ALE,D,20210824,000000,65.2,65.9,64.68,65.65,623158,0
ALE,D,20210825,000000,65.65,67.98,65.34,67.45,792214,0
ALE,D,20210826,000000,67.5,68.98,67.01,67.85,625375,0
ALE,D,20210827,000000,68.25,68.37,66.54,67.5,628515,0
ALE,D,20210830,000000,67.5,69.42,67.5,69.25,537827,0
ALE,D,20210831,000000,69.38,71.01,69.35,71.01,1377589,0
ALE,D,20210901,000000,71,72.75,70.72,72.75,1029314,0
ALE,D,20210902,000000,72.7,72.83,71,71.35,767552,0
ALE,D,20210903,000000,71.02,71.18,68.72,69.25,693674,0
ALE,D,20210906,000000,68.92,70.65,68.92,70.65,349274,0
ALE,D,20210907,000000,70.4,70.4,68.2,68.38,983360,0
ALE,D,20210908,000000,68.3,68.62,66.21,66.88,743911,0
ALE,D,20210909,000000,66.61,66.61,64.88,64.88,1124457,0
ALE,D,20210910,000000,65,65.4,63.46,63.46,1113796,0
ALE,D,20210913,000000,63.61,64.2,62.2,63.45,1096609,0
ALE,D,20210914,000000,63.35,63.35,62.1,62.1,1446049,0
ALE,D,20210915,000000,62,63.03,61.82,62.3,1623982,0
ALE,D,20210916,000000,62.58,63.23,62.3,62.72,1115320,0
ALE,D,20210917,000000,63,65.15,62.3,64.25,2784270,0
ALE,D,20210920,000000,63.8,63.98,62,62.37,980931,0
ALE,D,20210921,000000,62.38,63.4,62.11,62.42,1258552,0
ALE,D,20210922,000000,63.17,63.3,61.84,62.02,1237773,0
ALE,D,20210923,000000,62.46,62.64,61.64,61.9,1352873,0
ALE,D,20210924,000000,61.8,62.19,59.5,59.64,1224358,0
ALE,D,20210927,000000,59.6,60.81,59.5,59.83,1724518,0
ALE,D,20210928,000000,59.53,59.79,57.55,58.41,1786841,0
ALE,D,20210929,000000,58.2,59.37,57.85,58.47,1306420,0
ALE,D,20210930,000000,59.1,59.95,57.61,57.85,2041887,0
ALE,D,20211001,000000,57.9,59,57.19,58.09,1337982,0
ALE,D,20211004,000000,57.9,57.93,56.61,56.9,2176919,0
ALE,D,20211005,000000,56.9,57.61,56.32,56.59,2031084,0
ALE,D,20211006,000000,57.1,57.1,54.81,55.5,1312088,0
ALE,D,20211007,000000,55.51,55.84,54.36,55.15,1892994,0
ALE,D,20211008,000000,55.8,59.84,55.21,58.79,2758928,0
ALE,D,20211011,000000,59,59.88,57.2,58.25,1430284,0
ALE,D,20211012,000000,57.1,57.24,54.5,54.5,6633579,0
ALE,D,20211013,000000,55,55.19,51.34,51.5,8838503,0
ALE,D,20211014,000000,51.88,52.95,50.02,50.98,5409374,0
ALE,D,20211015,000000,51.15,51.26,49.42,50.69,3801772,0
ALE,D,20211018,000000,50.71,51.63,50.48,50.8,1898081,0
ALE,D,20211019,000000,50.76,50.76,49.055,49.295,3355915,0
ALE,D,20211020,000000,49.05,50.48,48.81,49.3,2023318,0
ALE,D,20211021,000000,49.3,50.5,48.65,49.48,2404902,0
ALE,D,20211022,000000,49.6,51.13,49.225,50.35,2007962,0
ALE,D,20211025,000000,50.16,51.3,48.58,48.67,1885046,0
ALE,D,20211026,000000,48.925,49.13,46.64,46.87,3643519,0
ALE,D,20211027,000000,46.8,48.23,45.53,47.36,4366924,0
ALE,D,20211028,000000,47.36,47.54,45.81,45.95,2208812,0
ALE,D,20211029,000000,45.96,46.32,44.615,45.12,2509683,0
ALE,D,20211102,000000,45.5,45.6,43.75,44.16,3853429,0
ALE,D,20211103,000000,44.175,44.86,43.31,43.5,2048406,0
ALE,D,20211104,000000,43.97,45.335,43.6,44.5,2878602,0
ALE,D,20211105,000000,48.5,50.19,46.56,49.25,9797926,0
ALE,D,20211108,000000,49.8,49.9,47.165,47.695,2804676,0
ALE,D,20211109,000000,48,48.8,42.34,42.34,7836602,0
ALE,D,20211110,000000,42.315,43.29,41.4,42.3,3731965,0
ALE,D,20211112,000000,43,43.1,40.25,40.8,5470764,0
ALE,D,20211115,000000,41,42.6,40.3,41.7,2555880,0
ALE,D,20211116,000000,41.95,44.155,41.8,44.03,2363926,0
ALE,D,20211117,000000,44.195,44.32,42.4,42.71,2886986,0
ALE,D,20211118,000000,42.98,45.06,42.45,44.965,4245181,0
ALE,D,20211119,000000,45,46.095,44.12,45.4,4209067,0
ALE,D,20211122,000000,45.5,46.15,42.95,43.085,2686352,0
ALE,D,20211123,000000,43,44.29,42.625,43.25,1765184,0
ALE,D,20211124,000000,43.56,43.77,40.37,40.37,3535366,0
ALE,D,20211125,000000,40.745,40.92,39.33,40.35,2132181,0
ALE,D,20211126,000000,39.5,43.12,39,42,6245426,0
ALE,D,20211129,000000,42.63,42.63,40.63,40.94,2754685,0
ALE,D,20211130,000000,40.52,41.695,39.81,39.995,3999630,0
ALE,D,20211201,000000,40.08,40.6,37.92,38.48,4141382,0
ALE,D,20211202,000000,38.245,38.245,36.055,36.385,5334331,0
ALE,D,20211203,000000,36.5,37.34,36.37,36.545,3618424,0
ALE,D,20211206,000000,36.54,37,34.525,34.725,6275085,0
ALE,D,20211207,000000,35,37.67,34.96,37.265,4647059,0
ALE,D,20211208,000000,37.65,38.8,37.41,37.975,2491227,0
ALE,D,20211209,000000,37.94,39.88,37.81,39.16,4258328,0
ALE,D,20211210,000000,38.845,38.845,37.56,38,1593265,0
ALE,D,20211213,000000,38.1,38.56,37.62,38,1981626,0
ALE,D,20211214,000000,38.435,38.46,36.485,36.485,2410495,0
ALE,D,20211215,000000,36.5,36.745,34.65,34.77,2755413,0
ALE,D,20211216,000000,35.3,38.115,35.3,37.25,3077300,0
ALE,D,20211217,000000,36.79,37.915,36.225,37.915,4946422,0
ALE,D,20211220,000000,37.5,39.445,36.985,39.225,2128895,0
ALE,D,20211221,000000,39.5,40.3,38.77,39.375,1850335,0
ALE,D,20211222,000000,39.5,41.36,39.04,41.35,2043342,0
ALE,D,20211223,000000,41.61,41.96,38.71,38.78,3061858,0
ALE,D,20211227,000000,38.78,41,38.3,40.4,1682120,0
ALE,D,20211228,000000,40.18,40.66,39.01,39.77,1556840,0
ALE,D,20211229,000000,39.77,40.33,39.21,39.8,817664,0
ALE,D,20211230,000000,39.56,39.95,38.54,38.86,1928301,0
ALE,D,20220103,000000,39.49,41.19,39.16,39.4,2551155,0
ALE,D,20220104,000000,39.8,40,38.41,38.78,1771635,0
ALE,D,20220105,000000,38.725,38.725,37.6,37.785,3245494,0
ALE,D,20220107,000000,37,40.25,36.5,39.365,6847709,0
ALE,D,20220110,000000,39.62,40.75,38.56,38.63,4917472,0
ALE,D,20220111,000000,39.44,40.98,39.055,40.83,5312022,0
ALE,D,20220112,000000,41.2,43.36,41.16,42.87,9013101,0
ALE,D,20220113,000000,42.9,44.4,42.12,44,7064033,0
ALE,D,20220114,000000,43.8,43.885,42.82,43.235,3859185,0
ALE,D,20220117,000000,43.38,43.45,42.1,42.3,3160498,0
ALE,D,20220118,000000,42.05,42.2,39.8,39.86,4677131,0
ALE,D,20220119,000000,39.25,40.64,38.855,40.2,3515320,0
ALE,D,20220120,000000,40.245,41.18,40.12,40.24,4451467,0
ALE,D,20220121,000000,39.455,39.96,38.42,39,3323055,0
ALE,D,20220124,000000,38.6,39.26,36,36.7,3950291,0
ALE,D,20220125,000000,37.35,38.36,37.005,37.855,2727029,0
ALE,D,20220126,000000,38.12,38.2,36.865,37.58,3831055,0
ALE,D,20220127,000000,36.9,37.5,36.11,36.4,3487458,0
ALE,D,20220128,000000,36.5,36.64,34.8,35.375,4691677,0
ALE,D,20220131,000000,36.3,37.71,35.9,37.6,4722606,0
ALE,D,20220201,000000,37.6,38.835,36.84,38.835,3225070,0
ALE,D,20220202,000000,39.2,39.2,38.32,38.52,1679270,0
ALE,D,20220203,000000,38.04,38.08,36.375,36.375,3357191,0
ALE,D,20220204,000000,36.785,37.73,35.175,35.175,3867938,0
ALE,D,20220207,000000,35.48,35.79,34.54,35.04,4066192,0
ALE,D,20220208,000000,35.1,35.2,32.93,33.66,4673932,0
ALE,D,20220209,000000,34.06,35.32,33.4,35.16,4047739,0
ALE,D,20220210,000000,36,36,33.91,34.8,2010815,0
ALE,D,20220211,000000,34.3,35.45,34,35.185,2168780,0
ALE,D,20220214,000000,34.11,35.095,33.1,34.945,3166737,0
ALE,D,20220215,000000,35.07,36.075,35.005,35.69,1664390,0
ALE,D,20220216,000000,36,36.195,34.06,34.325,3280367,0
ALE,D,20220217,000000,34.49,34.695,33.7,33.83,1507547,0
ALE,D,20220218,000000,33.7,34.07,32.65,32.65,2562474,0
ALE,D,20220221,000000,33,33.265,31.01,31.2,2417131,0
ALE,D,20220222,000000,30.2,32.89,29.685,32.75,3170282,0
ALE,D,20220223,000000,33.195,33.21,30.57,30.615,4763132,0
ALE,D,20220224,000000,27,28.235,24.435,26.4,13846493,0
ALE,D,20220225,000000,27.59,28.6,26.03,27.51,6358578,0
ALE,D,20220228,000000,26.5,31.48,26.12,31.365,5749619,0
ALE,D,20220301,000000,31.62,31.885,29.82,30.2,3853691,0
ALE,D,20220302,000000,29.6,31.005,29.11,29.255,3664184,0
ALE,D,20220303,000000,29.255,29.615,27.745,27.745,2768938,0
ALE,D,20220304,000000,27.6,27.7,26.105,26.305,3743742,0
ALE,D,20220307,000000,26,26.74,23.12,26.4,9955602,0
ALE,D,20220308,000000,26,27.48,25.32,26.195,3554768,0
ALE,D,20220309,000000,27.255,29.2,26.7,29.135,3957972,0
ALE,D,20220310,000000,29.95,30.3,28.51,29.23,3401448,0
ALE,D,20220311,000000,29.41,30.58,28.76,29.37,3232837,0
ALE,D,20220314,000000,29.25,29.675,28.36,29.24,2381598,0
ALE,D,20220315,000000,29.8,29.96,28.41,29.43,2522757,0
ALE,D,20220316,000000,30.97,32.2,30.12,30.895,4645894,0
ALE,D,20220317,000000,31.85,32.7,31.2,32.7,5821212,0
ALE,D,20220318,000000,32.94,33.15,31.945,32.43,4973978,0
ALE,D,20220321,000000,32.3,32.885,31.21,31.84,2714077,0
ALE,D,20220322,000000,31.72,33.18,31.225,32.89,4288085,0
ALE,D,20220323,000000,33.1,33.72,32.005,32.33,1822742,0
ALE,D,20220324,000000,32.53,33.7,31.835,33.405,2234954,0
ALE,D,20220325,000000,33.5,34.18,32.665,33,2394429,0
ALE,D,20220328,000000,33.5,34.79,33.045,34.5,3848148,0
ALE,D,20220329,000000,34.8,36.2,34.14,36.2,4645042,0
ALE,D,20220330,000000,36.2,36.66,35.65,36.5,2798934,0
ALE,D,20220331,000000,36.6,36.645,35.57,35.57,3120009,0
ALE,D,20220401,000000,35.56,35.985,34.845,35.1,2390256,0
ALE,D,20220404,000000,35.6,35.68,31.725,32.7,6506338,0
ALE,D,20220405,000000,32.8,33.33,32.32,32.8,2530326,0
ALE,D,20220406,000000,32.7,32.77,29.92,30.16,4671279,0
ALE,D,20220407,000000,30.48,30.54,29.035,29.035,2813313,0
ALE,D,20220408,000000,29.45,29.505,28.64,28.71,2751705,0
ALE,D,20220411,000000,28.785,29.45,27.82,28.36,2962390,0
ALE,D,20220412,000000,28.3,28.36,27.525,27.8,2872104,0
ALE,D,20220413,000000,28,28.18,26.72,26.795,4428572,0
ALE,D,20220414,000000,27,28.485,27,27.9,2349689,0
ALE,D,20220419,000000,28.18,28.21,26.31,27.02,3311956,0
ALE,D,20220420,000000,27.49,28.52,27.05,27.905,4952265,0
ALE,D,20220421,000000,27.85,28.96,27.165,28.045,4326791,0
ALE,D,20220422,000000,27.9,27.9,26.85,27,1820030,0
ALE,D,20220425,000000,26.44,27.48,26.1,27.055,2051746,0
ALE,D,20220426,000000,27.59,27.59,24.615,24.615,6510479,0
ALE,D,20220427,000000,24.9,24.95,23.86,24.05,3535628,0
ALE,D,20220428,000000,24.57,24.85,23.125,24.35,4645352,0
ALE,D,20220429,000000,25,25.42,23.005,23.035,5744588,0
ALE,D,20220502,000000,22.59,23.36,22.22,22.935,3069207,0
ALE,D,20220504,000000,23.2,23.45,22.375,22.575,4123966,0
ALE,D,20220505,000000,23.4,23.425,21.22,21.235,5201244,0
ALE,D,20220506,000000,21.02,22.15,20.61,21.95,4276409,0
ALE,D,20220509,000000,21.85,22.64,21.475,22.295,2662355,0
ALE,D,20220510,000000,22.32,22.96,21.23,21.82,3584953,0
ALE,D,20220511,000000,22.1,23.25,21.52,22.375,3487543,0
ALE,D,20220512,000000,21.7,22.67,20.7,22.44,3963700,0
ALE,D,20220513,000000,23,23.145,21.83,23,3570236,0
ALE,D,20220516,000000,22.88,23.32,21.925,22.295,2553630,0
ALE,D,20220517,000000,22.595,24.13,22.25,23.86,2847867,0
ALE,D,20220518,000000,23.86,24.265,23.15,23.345,2189861,0
ALE,D,20220519,000000,22.81,23.42,22.465,23.4,4383117,0
ALE,D,20220520,000000,23.6,24.94,23.47,24.29,2964570,0
ALE,D,20220523,000000,24.865,25.185,23.23,23.495,7659350,0
ALE,D,20220524,000000,23.15,23.33,22.21,22.27,5307555,0
ALE,D,20220525,000000,22.5,22.72,22.01,22.3,2008161,0
ALE,D,20220526,000000,21.7,23.6,21.3,23.45,5584021,0
ALE,D,20220527,000000,23.58,24.935,23.52,24.7,10293575,0
ALE,D,20220530,000000,24.83,25.225,24.52,25.03,3514722,0
ALE,D,20220531,000000,25,25.25,24.61,25.11,6122222,0
ALE,D,20220601,000000,25,25.12,23.7,23.7,3199105,0
ALE,D,20220602,000000,23.605,23.965,23.36,23.775,1279778,0
ALE,D,20220603,000000,24,24.3,22.79,22.89,2305695,0
ALE,D,20220606,000000,23.015,23.4,22.93,23.01,1216522,0
ALE,D,20220607,000000,22.88,22.88,22.205,22.38,2251286,0
ALE,D,20220608,000000,22.46,22.6,21.305,21.415,3116662,0
ALE,D,20220609,000000,21.5,21.9,20.56,20.795,3118856,0
ALE,D,20220610,000000,20.73,21.66,20.45,21.2,2216544,0
ALE,D,20220613,000000,20.7,21,19.938,20.125,2580832,0
ALE,D,20220614,000000,20.3,20.6,19.612,19.686,3595967,0
ALE,D,20220615,000000,19.83,20.32,19.414,20.235,5353056,0
ALE,D,20220617,000000,19.99,21.1,19.78,20.615,5958956,0
ALE,D,20220620,000000,20.9,21.78,20.835,21.47,2587729,0
ALE,D,20220621,000000,21.66,22.59,21.18,22.485,4989568,0
ALE,D,20220622,000000,22.035,22.97,21.7,22.43,3501969,0
ALE,D,20220623,000000,22.4,22.99,21.82,22.83,2718603,0
ALE,D,20220624,000000,22.9,23.72,22.34,23.455,2765276,0
ALE,D,20220627,000000,23.605,24.36,23.16,24.075,4111348,0
ALE,D,20220628,000000,24,24.8,23.725,23.925,4251045,0
ALE,D,20220629,000000,23.1,24.415,22.41,23.995,2475827,0
ALE,D,20220630,000000,24.07,24.165,23.545,23.845,1721615,0
ALE,D,20220701,000000,23.66,24.52,23.01,23.22,2079266,0
ALE,D,20220704,000000,23.3,23.405,22.62,22.71,1310567,0
ALE,D,20220705,000000,22.835,23.24,21.87,22.82,1989506,0
ALE,D,20220706,000000,23,27.15,23,26.42,9665798,0
ALE,D,20220707,000000,26.42,28.12,26.2,27.5,4814188,0
ALE,D,20220708,000000,27.705,27.735,26.56,26.875,2942650,0
ALE,D,20220711,000000,26.52,27.7,26.005,27.47,2070565,0
ALE,D,20220712,000000,27.295,27.35,25.4,25.6,2525756,0
ALE,D,20220713,000000,25.45,25.895,24.34,24.82,3102692,0
ALE,D,20220714,000000,24.9,25.19,24.12,24.455,2843499,0
ALE,D,20220715,000000,24.67,26.1,24.59,25,2825339,0
ALE,D,20220718,000000,25.5,25.715,24.62,25.605,2443317,0
ALE,D,20220719,000000,25.45,25.96,24.725,25.86,1726038,0
ALE,D,20220720,000000,26.5,27.94,26.4,27.49,3724207,0
ALE,D,20220721,000000,27.39,27.4,26.52,26.57,3291295,0
ALE,D,20220722,000000,26.99,27.595,26.15,26.88,3337954,0
ALE,D,20220725,000000,26.5,26.765,25.565,25.725,1985422,0
ALE,D,20220726,000000,25.66,25.705,24.43,24.65,2269835,0
ALE,D,20220727,000000,25,25.05,23.455,23.71,2748401,0
ALE,D,20220728,000000,24.38,24.48,23.09,23.4,3835634,0
ALE,D,20220729,000000,23.62,25.035,23.62,25.035,3661597,0
ALE,D,20220801,000000,25.085,25.4,24.25,24.95,2114188,0
ALE,D,20220802,000000,24.91,25.195,24.3,25.045,1467850,0
ALE,D,20220803,000000,24.73,25.675,24.635,25.345,1857323,0
ALE,D,20220804,000000,25.645,27.99,25.485,26.71,6429282,0
ALE,D,20220805,000000,26.935,27.15,25.62,25.865,2027420,0
ALE,D,20220808,000000,26.3,26.4,25.225,25.565,1322585,0
ALE,D,20220809,000000,25.5,27.13,25.5,26.955,2773168,0
ALE,D,20220810,000000,26.655,27.72,26.14,27.535,4665215,0
ALE,D,20220811,000000,27.94,29.15,27.305,28.5,2854068,0
ALE,D,20220812,000000,28.6,28.665,27.9,28.275,2106822,0
ALE,D,20220816,000000,28.5,29.92,28.5,29.45,3008137,0
ALE,D,20220817,000000,29.74,29.74,27.72,28.175,3322278,0
ALE,D,20220818,000000,27.8,28.715,27.33,27.825,1442749,0
ALE,D,20220819,000000,27.61,28,27.025,27.2,1706128,0
ALE,D,20220822,000000,26.94,27.075,26.06,26.095,1999010,0
ALE,D,20220823,000000,26,26.38,25.56,25.7,2053804,0
ALE,D,20220824,000000,25.6,26.01,24.85,25,2477077,0
ALE,D,20220825,000000,25.55,26.46,25.43,25.8,1913084,0
ALE,D,20220826,000000,25.99,26.025,25,25.21,2156835,0
ALE,D,20220829,000000,24.705,24.88,23.71,24.345,1810898,0
ALE,D,20220830,000000,24.6,25.2,23.92,24.12,1379071,0
ALE,D,20220831,000000,24.51,25.045,24.25,24.8,3177837,0
ALE,D,20220901,000000,24.5,24.98,24.165,24.205,3029554,0
ALE,D,20220902,000000,24.8,25.185,24.26,25.105,1512229,0
ALE,D,20220905,000000,24.8,25.1,23.74,23.74,1781361,0
ALE,D,20220906,000000,24.08,25.1,23.985,24.185,2036798,0
ALE,D,20220907,000000,24.2,24.64,23.93,24.36,2211218,0
ALE,D,20220908,000000,24.735,25.59,24.54,25.48,2861373,0
ALE,D,20220909,000000,25.8,26.695,25.4,26,3181461,0
ALE,D,20220912,000000,26.405,26.44,25.41,26.185,2177314,0
ALE,D,20220913,000000,26.2,27,25.55,25.825,1956685,0
ALE,D,20220914,000000,25.56,25.9,24.93,25.45,1480791,0
ALE,D,20220915,000000,25.4,26.155,25.12,25.885,1231857,0
ALE,D,20220916,000000,25.5,25.8,24.865,25.3,3159662,0
ALE,D,20220919,000000,25.3,25.85,25,25.715,1327363,0
ALE,D,20220920,000000,25.92,25.92,25,25.085,1326663,0
ALE,D,20220921,000000,24.85,26.095,24.68,25.89,1762268,0
ALE,D,20220922,000000,25.45,25.85,25.225,25.5,1463910,0
ALE,D,20220923,000000,25.5,25.64,24.005,24.66,2606798,0
ALE,D,20220926,000000,24.48,25.165,23.98,24.75,2187660,0
ALE,D,20220927,000000,25.185,25.6,24.91,25.305,2646154,0
ALE,D,20220928,000000,24.9,25.35,24.25,24.5,2823120,0
ALE,D,20220929,000000,23.975,23.975,21.9,21.985,8010278,0
ALE,D,20220930,000000,22.04,22.305,20.75,21.545,7860068,0
ALE,D,20221003,000000,21.5,21.5,20.57,21.235,2257510,0
ALE,D,20221004,000000,22,22.24,21.385,21.88,9636913,0
ALE,D,20221005,000000,21.96,22,20.65,20.83,2197295,0
ALE,D,20221006,000000,21.1,21.355,20.36,20.585,5100331,0
ALE,D,20221007,000000,20.255,20.74,19.88,20.09,4142553,0
ALE,D,20221010,000000,19.92,19.978,19.31,19.6,6550102,0
ALE,D,20221011,000000,19.5,19.888,19.05,19.5,3848932,0
ALE,D,20221012,000000,19.82,19.89,18.7,18.7,5995944,0
ALE,D,20221013,000000,18.95,19.092,17.9,18.372,11278995,0
ALE,D,20221014,000000,19.114,19.99,18.452,19.866,10658157,0
ALE,D,20221017,000000,19.75,20.47,19.356,20.35,3199204,0
ALE,D,20221018,000000,20.5,20.94,20.38,20.77,3382461,0
ALE,D,20221019,000000,20.65,20.675,19.402,19.914,3400518,0
ALE,D,20221020,000000,19.8,20.37,19.062,20.29,5979106,0
ALE,D,20221021,000000,19.99,20.09,19.566,19.896,2103466,0
ALE,D,20221024,000000,19.896,20.365,19.76,19.89,2859177,0
ALE,D,20221025,000000,19.9,21.22,19.9,21.035,5729841,0
ALE,D,20221026,000000,21.075,21.95,21,21.9,5577479,0
ALE,D,20221027,000000,21.67,22.4,21.375,22.315,3113550,0
ALE,D,20221028,000000,21.62,22.69,21.31,22.33,3565589,0
ALE,D,20221031,000000,22.5,23.27,22.17,23.2,3013077,0
ALE,D,20221102,000000,23.26,23.68,22.52,23.3,4211970,0
ALE,D,20221103,000000,22.71,23.615,22.62,23.48,2633315,0
ALE,D,20221104,000000,23.38,24.95,23.305,23.4,4965749,0
ALE,D,20221107,000000,23.5,24.15,23.16,23.92,2732427,0
ALE,D,20221108,000000,23.9,24.85,23.59,24.85,2411813,0
ALE,D,20221109,000000,24.77,25.16,24.19,24.275,2354362,0
ALE,D,20221110,000000,24,26.185,23.705,25.925,4303425,0
ALE,D,20221114,000000,26.39,26.94,25.48,25.83,5470105,0
ALE,D,20221115,000000,25.89,26.85,25.4,26.6,2987856,0
ALE,D,20221116,000000,26.3,26.48,25.4,25.5,3221535,0
ALE,D,20221117,000000,25.9,25.95,24.61,24.83,4085059,0
ALE,D,20221118,000000,24.52,24.8,23.915,24.405,3121412,0
ALE,D,20221121,000000,24.41,24.5,23.11,23.305,4471992,0
ALE,D,20221122,000000,23.3,23.84,23.01,23.62,1489459,0
ALE,D,20221123,000000,23.77,24.51,23.42,23.93,3033691,0
ALE,D,20221124,000000,24.365,25.55,24.105,25.5,3663064,0
ALE,D,20221125,000000,25.36,25.9,25.09,25.46,1832357,0
ALE,D,20221128,000000,25.295,25.295,24.08,24.15,2654752,0
ALE,D,20221129,000000,24,24.37,22.945,23.1,6426549,0
ALE,D,20221130,000000,23.72,24.095,22.26,22.345,9521002,0
ALE,D,20221201,000000,23,23.285,22.67,23,6879320,0
ALE,D,20221202,000000,23.1,24.17,23,23.61,7037435,0
ALE,D,20221205,000000,24,24.55,23.81,23.9,2167674,0
ALE,D,20221206,000000,23.8,24.44,23.67,24.26,1643990,0
ALE,D,20221207,000000,24.3,24.91,23.825,24.825,1812647,0
ALE,D,20221208,000000,24.9,24.94,23.86,24.29,1900390,0
ALE,D,20221209,000000,24.5,24.63,24.09,24.25,1583996,0
ALE,D,20221212,000000,24.02,25.075,23.78,25.04,3173739,0
ALE,D,20221213,000000,25.02,26.2,24.475,25.88,3339771,0
ALE,D,20221214,000000,25.84,26.45,25.755,26.015,2569987,0
ALE,D,20221215,000000,25.61,25.78,24.8,24.84,2843033,0
ALE,D,20221216,000000,24.61,24.77,24.12,24.44,4604223,0
ALE,D,20221219,000000,24.5,24.73,24.135,24.175,1912436,0
ALE,D,20221220,000000,23.965,24.465,23.835,24.38,2436570,0
ALE,D,20221221,000000,24.45,25.805,24.38,25.8,4849687,0
ALE,D,20221222,000000,25.8,26.175,25.45,25.61,1630972,0
ALE,D,20221223,000000,25.6,25.76,25.04,25.38,844416,0
ALE,D,20221227,000000,25.5,25.5,24.72,24.83,918153,0
ALE,D,20221228,000000,24.82,25.15,24.31,24.89,1767338,0
ALE,D,20221229,000000,24.905,25.725,24.5,25.515,2116764,0
ALE,D,20221230,000000,25.29,25.45,24.91,25.13,1352354,0
ALE,D,20230102,000000,25.13,25.98,24.95,25.44,942381,0
ALE,D,20230103,000000,25.7,27.195,25.56,26.665,5057275,0
ALE,D,20230104,000000,26.7,27.18,26.43,27,2827662,0
ALE,D,20230105,000000,27,27.375,26.3,26.65,3409639,0
ALE,D,20230109,000000,27.35,28.79,27.2,28.66,4846643,0
ALE,D,20230110,000000,28.19,29.29,27.8,28.91,3295461,0
ALE,D,20230111,000000,28.85,29.39,28.515,29.075,3045085,0
ALE,D,20230112,000000,29.09,31.24,28.92,30.975,9564245,0
ALE,D,20230113,000000,31.535,31.62,30.585,31.355,4273577,0
ALE,D,20230116,000000,31.5,32.1,30.69,31.7,1891203,0
ALE,D,20230117,000000,31.6,31.8,30.905,31.5,3778109,0
ALE,D,20230118,000000,31.48,32.54,31.225,32.225,4202754,0
ALE,D,20230119,000000,31,31.45,29.36,29.52,8926052,0
ALE,D,20230120,000000,29.76,29.795,28.715,28.725,3125939,0
ALE,D,20230123,000000,29.2,30,29.025,29.86,3045260,0
ALE,D,20230124,000000,30.1,30.365,29.22,29.4,3308259,0
ALE,D,20230125,000000,29.2,29.675,28.65,29.07,1622100,0
ALE,D,20230126,000000,29.49,30.31,29.49,30,5427253,0
ALE,D,20230127,000000,30.2,30.35,29.72,30.125,2295170,0
ALE,D,20230130,000000,29.9,30.085,29.5,29.69,1396128,0
ALE,D,20230131,000000,29.5,30.2,29.25,29.96,2839795,0
ALE,D,20230201,000000,30,30.125,28.955,29.555,2212486,0
ALE,D,20230202,000000,30.1,31.3,30.03,31.07,5367110,0
ALE,D,20230203,000000,30.89,31.73,30.5,31.505,5374855,0
ALE,D,20230206,000000,31.035,31.8,30.89,31.125,3233754,0
ALE,D,20230207,000000,31.14,31.2,30.365,30.88,2235740,0
ALE,D,20230208,000000,31,32.025,30.99,31.39,2181402,0
ALE,D,20230209,000000,31.48,31.93,31.1,31.24,1360724,0
ALE,D,20230210,000000,30.9,30.9,29.235,29.68,3499271,0
ALE,D,20230213,000000,29.68,29.845,29.36,29.725,1145251,0
ALE,D,20230214,000000,30,30.215,29.4,29.565,1666614,0
ALE,D,20230215,000000,29.585,29.945,29.36,29.6,743033,0
ALE,D,20230216,000000,29.95,30.01,28.82,29.15,1434538,0
ALE,D,20230217,000000,28.8,29.37,28.5,29.03,2087373,0
ALE,D,20230220,000000,29.22,29.635,28.615,28.825,1566714,0
ALE,D,20230221,000000,28.9,28.9,27.63,27.7,3742275,0
ALE,D,20230222,000000,27.615,28.105,27.15,27.99,3692902,0
ALE,D,20230223,000000,27.99,29.1,27.99,28.8,2228394,0
ALE,D,20230224,000000,28.99,29.08,28.27,28.4,1878429,0
ALE,D,20230227,000000,28.4,29.15,28.395,28.8,1717354,0
ALE,D,20230228,000000,28.8,29.455,28.43,29.055,3695950,0
ALE,D,20230301,000000,29.35,29.355,28.13,28.295,1713137,0
ALE,D,20230302,000000,28.01,28.315,27.745,27.825,2554118,0
ALE,D,20230303,000000,28.08,28.815,28,28.74,1518399,0
ALE,D,20230306,000000,29,29.18,28.525,28.855,1246683,0
ALE,D,20230307,000000,28.9,29.22,28.07,28.29,1425498,0
ALE,D,20230308,000000,28,28.48,27.825,28.335,1408541,0
ALE,D,20230309,000000,28.475,28.475,27.92,28.045,794950,0
ALE,D,20230310,000000,27.355,27.735,27.01,27.39,1956089,0
ALE,D,20230313,000000,27.35,27.815,26.315,27.16,2648483,0
ALE,D,20230314,000000,27.3,27.735,27.01,27.535,1589307,0
ALE,D,20230315,000000,27.655,27.76,26.6,26.925,2379330,0
ALE,D,20230316,000000,27.18,27.3,26.35,27.3,2021457,0
ALE,D,20230317,000000,27.37,27.7,26.405,26.81,2888049,0
ALE,D,20230320,000000,26.8,27.18,26.15,27.1,1053943,0
ALE,D,20230321,000000,27.2,27.28,25.86,26.12,3593176,0
ALE,D,20230322,000000,26.42,26.72,26.075,26.265,1902575,0
ALE,D,20230323,000000,26.44,26.655,25.72,26.38,1350550,0
ALE,D,20230324,000000,26.08,26.58,25.91,26.015,1672188,0
ALE,D,20230327,000000,26.005,26.47,25.98,26.16,1901724,0
ALE,D,20230328,000000,26.375,26.825,25.9,25.9,2906529,0
ALE,D,20230329,000000,26.18,26.43,25.535,26.105,3272679,0
ALE,D,20230330,000000,26.72,30.245,26.68,29.755,9721791,0
ALE,D,20230331,000000,29.73,29.75,28.86,29.305,2913433,0
ALE,D,20230403,000000,29.5,30.86,29.295,30.595,2494157,0
ALE,D,20230404,000000,30.63,31.045,30.055,30.37,1454444,0
ALE,D,20230405,000000,30.36,30.58,29.795,30.015,1654262,0
ALE,D,20230406,000000,30.06,30.14,29.8,30.025,787542,0
ALE,D,20230411,000000,30,30.85,29.62,30.51,2021798,0
ALE,D,20230412,000000,30.4,31.37,30.345,31.02,2104745,0
ALE,D,20230413,000000,30.92,31.96,30.8,31.78,3169958,0
ALE,D,20230414,000000,31.98,32.1,31.01,31.08,1322322,0
ALE,D,20230417,000000,31.175,32.065,30.55,31.83,1355565,0
ALE,D,20230418,000000,31.78,32.57,31.7,31.93,2063441,0
ALE,D,20230419,000000,31.9,32.555,31.455,32.385,1247956,0
ALE,D,20230420,000000,32.185,33.385,32.185,32.865,2603184,0
ALE,D,20230421,000000,32.805,32.855,31.8,32.825,1840881,0
ALE,D,20230424,000000,32.82,33.17,32.625,33,1031697,0
ALE,D,20230425,000000,33,33,32.13,32.355,1272754,0
ALE,D,20230426,000000,32.1,33.03,32.065,32.69,1509910,0
ALE,D,20230427,000000,32.8,33.39,32.505,33.37,1918062,0
ALE,D,20230428,000000,33.42,33.53,32.4,32.715,1681498,0
ALE,D,20230502,000000,32.455,33.2,32.455,32.665,1601943,0
ALE,D,20230504,000000,32.58,33.1,32.25,32.785,1787687,0
ALE,D,20230505,000000,32.88,33.08,32.6,33.005,924604,0
ALE,D,20230508,000000,33.01,33.18,32.835,33,968254,0
ALE,D,20230509,000000,32.8,33.53,32.645,33.3,1575341,0
ALE,D,20230510,000000,33.5,34.99,33.22,33.97,5432044,0
ALE,D,20230511,000000,34.11,35.8,33.935,35.78,5000607,0
ALE,D,20230512,000000,35.8,36.08,35.26,35.375,2654884,0
ALE,D,20230515,000000,35.565,36.7,35.42,35.78,4875242,0
ALE,D,20230516,000000,35.95,36.815,35.34,36.35,2770960,0
ALE,D,20230517,000000,36.48,36.68,35.87,36.44,2431179,0
ALE,D,20230518,000000,36.5,36.67,35.57,36.275,2168905,0
ALE,D,20230519,000000,36.5,38.515,36.5,38.345,6713256,0
ALE,D,20230522,000000,38.5,38.67,37.92,38.58,2029605,0
ALE,D,20230523,000000,38.7,38.99,37.865,37.865,2431959,0
ALE,D,20230524,000000,37.545,37.545,36.53,36.8,3976383,0
ALE,D,20230525,000000,37,37,33.81,34.265,6172396,0
ALE,D,20230526,000000,34.3,35.285,34.28,35.135,3551979,0
ALE,D,20230529,000000,35.4,36.2,35.4,35.515,1713053,0
ALE,D,20230530,000000,35.765,36.3,34.835,35.32,2590330,0
ALE,D,20230531,000000,34.9,36.145,34.175,35.52,14592670,0
ALE,D,20230601,000000,35.52,35.695,34.42,35,3121159,0
ALE,D,20230602,000000,35.39,36.365,35.065,36.32,3168548,0
ALE,D,20230605,000000,36.38,36.8,35.815,36.185,2321484,0
ALE,D,20230606,000000,36.18,36.18,34.575,35,3746938,0
ALE,D,20230607,000000,35,35.64,34.87,35.41,1796776,0
ALE,D,20230609,000000,35.96,36.395,34.435,34.565,2225820,0
ALE,D,20230612,000000,34.62,34.99,34.1,34.685,1761785,0
ALE,D,20230613,000000,32.53,32.98,32.155,32.25,15739440,0
ALE,D,20230614,000000,32.255,32.66,31.35,32.6,8296944,0
ALE,D,20230615,000000,32.39,32.86,32.32,32.78,5057968,0
ALE,D,20230616,000000,32.8,33.115,32.3,32.51,13135744,0
ALE,D,20230619,000000,32.55,33.075,32.34,32.35,1544248,0
ALE,D,20230620,000000,32.32,32.51,32,32.4,2430171,0
ALE,D,20230621,000000,32.46,33.1,32.405,32.865,2657124,0
ALE,D,20230622,000000,32.485,32.77,32.2,32.6,1753654,0
ALE,D,20230623,000000,32.44,32.69,31.79,32,2188454,0
ALE,D,20230626,000000,32.04,32.735,32.04,32.31,1362999,0
ALE,D,20230627,000000,32.33,32.55,31.855,31.94,1721571,0
ALE,D,20230628,000000,32.15,32.4,31.84,31.99,1902913,0
ALE,D,20230629,000000,32,32.3,31.96,32,1140882,0
ALE,D,20230630,000000,32,32.2,31.52,32,1950263,0
ALE,D,20230703,000000,32,32.185,31.52,32.06,1744765,0
ALE,D,20230704,000000,32.16,32.325,31.8,32.17,1623128,0
ALE,D,20230705,000000,32.07,32.18,31.92,32,1675309,0
ALE,D,20230706,000000,31.765,31.9,31.22,31.5,2492903,0
ALE,D,20230707,000000,31.5,32.08,31.41,32,1716179,0
ALE,D,20230710,000000,31.87,32.12,31.47,31.95,1113246,0
ALE,D,20230711,000000,32.2,32.27,31.73,32.11,1334643,0
ALE,D,20230712,000000,32.135,33,31.95,32.95,2711659,0
ALE,D,20230713,000000,33.14,33.555,32.19,32.27,2762626,0
ALE,D,20230714,000000,32.27,33.455,32.09,33.13,1871146,0
ALE,D,20230717,000000,33,33.265,32.775,33.045,1365450,0
ALE,D,20230718,000000,33.05,33.29,32.62,32.9,1778961,0
ALE,D,20230719,000000,33,33.205,32.435,32.5,1549756,0
ALE,D,20230720,000000,32.45,33.075,32.23,32.47,1675445,0
ALE,D,20230721,000000,32.5,32.855,31.95,32.67,2588500,0
ALE,D,20230724,000000,32.84,33.84,32.42,32.7,3314703,0
ALE,D,20230725,000000,33,33.335,32.895,33.29,1245589,0
ALE,D,20230726,000000,33.33,33.595,32.995,33.2,963547,0
ALE,D,20230727,000000,33.48,34.75,33.37,34.65,2659617,0
ALE,D,20230728,000000,34.6,35.45,34.475,35.32,2774887,0
ALE,D,20230731,000000,35.455,35.8,35.06,35.32,2463837,0
ALE,D,20230801,000000,35.3,35.78,35.185,35.78,1883465,0
ALE,D,20230802,000000,35.215,35.325,34.075,34.075,2038957,0
ALE,D,20230803,000000,34.05,34.83,33.33,34.67,2200770,0
ALE,D,20230804,000000,35,35.585,34.52,34.955,1076579,0
ALE,D,20230807,000000,34.85,35.075,34.6,34.69,810284,0
ALE,D,20230808,000000,34.5,34.5,33.72,33.85,1059252,0
ALE,D,20230809,000000,33.95,34.66,33.625,33.79,2292088,0
ALE,D,20230810,000000,34.11,35.78,33.9,35.44,1643818,0
ALE,D,20230811,000000,35.1,35.53,34.67,34.845,1480878,0
ALE,D,20230814,000000,34.59,35.06,34.545,35,547776,0
ALE,D,20230816,000000,34.6,34.85,34.125,34.155,1177349,0
ALE,D,20230817,000000,34.15,34.83,34.02,34.335,1083244,0
ALE,D,20230818,000000,34.335,34.84,34.12,34.48,1079481,0
ALE,D,20230821,000000,34.325,34.4,33.42,33.515,1351738,0
ALE,D,20230822,000000,33.78,34.08,33.405,33.405,1567244,0
ALE,D,20230823,000000,33.52,33.6,32.845,33.325,1897757,0
ALE,D,20230824,000000,33.88,34.19,32.61,32.78,857874,0
ALE,D,20230825,000000,32.5,33.16,32.09,32.565,620868,0
ALE,D,20230828,000000,32.61,32.99,32.24,32.93,592261,0
ALE,D,20230829,000000,33,33.28,32.68,33.09,889148,0
ALE,D,20230830,000000,33.09,33.265,32.86,33.19,465655,0
ALE,D,20230831,000000,33,33.555,32.74,33.02,2973731,0
ALE,D,20230901,000000,32.76,33.3,32.54,32.65,1464510,0
ALE,D,20230904,000000,32.65,33.15,32.245,32.245,1048881,0
ALE,D,20230905,000000,32.22,32.275,31.155,31.155,2084031,0
ALE,D,20230906,000000,31.5,33.05,30.94,31.7,3174853,0
ALE,D,20230907,000000,31.6,32.01,31.24,31.575,2199094,0
ALE,D,20230908,000000,31.685,31.935,31.135,31.795,1134786,0
ALE,D,20230911,000000,31.905,32.26,31.3,31.525,1598621,0
ALE,D,20230912,000000,31.525,31.94,31.275,31.6,1498513,0
ALE,D,20230913,000000,31.455,31.76,31.23,31.575,1899548,0
ALE,D,20230914,000000,31.75,32.065,31.535,31.895,1258056,0
ALE,D,20230915,000000,32,32.21,31.84,32,3595664,0
ALE,D,20230918,000000,31.91,31.98,30.925,31.045,2002332,0
ALE,D,20230919,000000,31.23,31.55,30.345,30.55,1902733,0
ALE,D,20230920,000000,30.56,31.1,30.5,30.74,2274982,0
ALE,D,20230921,000000,30.55,30.6,29.7,29.895,1748434,0
ALE,D,20230922,000000,29.86,30.19,29.555,29.825,1818053,0
ALE,D,20230925,000000,29.82,29.87,28.8,28.89,2405647,0
ALE,D,20230926,000000,28.815,29.53,28.31,29.305,1701350,0
ALE,D,20230927,000000,29.47,30.4,29.34,30.15,2034270,0
ALE,D,20230928,000000,32.1,32.9,30.22,31.855,5785402,0
ALE,D,20230929,000000,32.2,33.075,32.11,32.235,3443549,0
ALE,D,20231002,000000,32.2,33.215,32.18,32.7,2204009,0
ALE,D,20231003,000000,32.925,32.925,31.33,31.585,2087191,0
ALE,D,20231004,000000,31.3,32.59,31.05,31.715,3178430,0
ALE,D,20231005,000000,32,32.01,31,31.025,1579305,0
ALE,D,20231006,000000,29.3,29.3,28.32,28.75,15533486,0
ALE,D,20231009,000000,28.755,28.8,27.82,28.245,5659742,0
ALE,D,20231010,000000,28.4,29.015,28.315,28.855,4422308,0
ALE,D,20231011,000000,28.86,29.005,28.245,28.61,3471865,0
ALE,D,20231012,000000,28.7,29.05,28.295,28.425,4733856,0
ALE,D,20231013,000000,28.425,28.82,28.295,28.395,2644454,0
ALE,D,20231016,000000,28.94,28.94,27.27,27.87,5690081,0
ALE,D,20231017,000000,27.87,29.205,27.87,28.875,4155439,0
ALE,D,20231018,000000,29.075,29.61,28.5,28.9,3286973,0
ALE,D,20231019,000000,28.67,28.98,28.42,28.53,1395052,0
ALE,D,20231020,000000,28.5,28.9,28.245,28.7,1837860,0
ALE,D,20231023,000000,28.7,28.845,28.11,28.23,1498802,0
ALE,D,20231024,000000,28.565,29.435,28.47,29.15,3269657,0
ALE,D,20231025,000000,29.025,29.265,28.52,28.77,2045037,0
ALE,D,20231026,000000,28.52,29.075,28.52,29,2382691,0
ALE,D,20231027,000000,29.07,29.125,28.795,28.96,1164774,0
ALE,D,20231030,000000,29.1,29.765,29,29.715,2001388,0
ALE,D,20231031,000000,29.8,30.55,29.61,30.15,2284222,0
ALE,D,20231102,000000,31.06,31.155,30.18,30.79,2362478,0
ALE,D,20231103,000000,30.8,31.33,30.495,31.295,1806590,0
ALE,D,20231106,000000,31.33,31.445,31,31.2,1881095,0
ALE,D,20231107,000000,31.15,31.865,30.86,31.155,3031673,0
ALE,D,20231108,000000,31.155,31.22,30.86,30.86,1365263,0
ALE,D,20231109,000000,30.8,30.97,29.89,30.97,3276518,0
ALE,D,20231110,000000,30.88,30.975,30.435,30.885,938246,0
ALE,D,20231113,000000,30.96,31.27,30.35,30.375,1396020,0
ALE,D,20231114,000000,30.45,31.95,30,31.775,2556902,0
ALE,D,20231115,000000,31.95,32.85,31.64,32.535,3975782,0
ALE,D,20231116,000000,32,32,29.495,29.515,10862234,0
ALE,D,20231117,000000,29.515,30.1,29.1,29.2,3837062,0
ALE,D,20231120,000000,29.31,30.105,29.25,29.55,1881558,0
ALE,D,20231121,000000,29.63,30.35,29.61,29.8,2115499,0
ALE,D,20231122,000000,29.99,30.28,29.825,30.125,1901101,0
ALE,D,20231123,000000,30.125,30.25,29.82,29.94,822169,0
ALE,D,20231124,000000,29.925,30.2,29.64,29.64,1109116,0
ALE,D,20231127,000000,29.88,30.1,28.775,29.25,1758634,0
ALE,D,20231128,000000,29.24,29.555,28.92,29.06,1800408,0
ALE,D,20231129,000000,29.29,29.525,28.925,28.99,1464753,0
ALE,D,20231130,000000,29,29.38,28.94,28.94,9574560,0
ALE,D,20231201,000000,28.96,29.555,28.61,29.5,1989557,0
ALE,D,20231204,000000,29.505,30,29.235,29.42,1035742,0
ALE,D,20231205,000000,29.585,30.42,29.39,30.3,2609282,0
ALE,D,20231206,000000,30.41,30.55,29.895,30.315,1338614,0
ALE,D,20231207,000000,30.315,30.34,29.76,30.035,1311906,0
ALE,D,20231208,000000,30.035,30.55,30.035,30.225,1219928,0
ALE,D,20231211,000000,30.21,30.51,29.94,30.14,1749387,0
ALE,D,20231212,000000,30.2,30.41,29.62,29.92,2817749,0
ALE,D,20231213,000000,30,31.175,29.985,30.93,3524778,0
ALE,D,20231214,000000,31.42,32.25,31.16,32.2,5422169,0
ALE,D,20231215,000000,32.25,34.77,32.095,34.27,12817382,0
ALE,D,20231218,000000,33.98,33.98,32.75,33.84,2974852,0
ALE,D,20231219,000000,33.225,34.16,33.22,33.665,2533300,0
ALE,D,20231220,000000,33.68,33.88,33.105,33.56,2186372,0
ALE,D,20231221,000000,33.4,33.4,32.7,33.04,2266858,0
ALE,D,20231222,000000,32.85,33.085,32.35,33,1451586,0
ALE,D,20231227,000000,33.2,33.57,33.165,33.4,1258839,0
ALE,D,20231228,000000,33.5,33.875,33.345,33.48,1391893,0
ALE,D,20231229,000000,33.5,33.63,33.04,33.325,1212698,0
ALE,D,20240102,000000,33.325,33.35,31.31,31.31,2842748,0
ALE,D,20240103,000000,31.33,31.5,29.835,30.335,4282703,0
ALE,D,20240104,000000,30.5,30.845,29.835,30,4493008,0
ALE,D,20240105,000000,30,30.115,29.53,29.93,2208320,0
ALE,D,20240108,000000,29.63,29.97,29.52,29.895,2388508,0
ALE,D,20240109,000000,30.19,30.55,29.915,30.495,2677187,0
ALE,D,20240110,000000,30.505,31.535,30.405,31.45,3872696,0
ALE,D,20240111,000000,31.475,32.44,31.27,31.405,5725913,0
ALE,D,20240112,000000,31.39,32.89,31.38,32.4,3976776,0
ALE,D,20240115,000000,32.4,32.695,30.915,31.1,2013173,0
ALE,D,20240116,000000,31.1,31.41,30.545,30.885,1241545,0
ALE,D,20240117,000000,30.6,30.795,30.12,30.195,1823353,0
ALE,D,20240118,000000,30.45,31.025,30.02,30.59,2118796,0
ALE,D,20240119,000000,30.93,31.51,30.25,31.51,2721973,0
ALE,D,20240122,000000,31.3,31.525,30.12,30.225,2506248,0
ALE,D,20240123,000000,30.535,30.605,29.755,30,1541835,0
ALE,D,20240124,000000,30.3,30.63,30.02,30.52,1271488,0
ALE,D,20240125,000000,30.59,31.1,29.935,30.2,1608795,0
ALE,D,20240126,000000,30.06,30.3,29.85,30.22,1052361,0
ALE,D,20240129,000000,30.2,30.365,29.85,30.135,877959,0
ALE,D,20240130,000000,30.135,30.485,29.96,30.145,1008612,0
ALE,D,20240131,000000,30.02,30.4,30.02,30.385,1345668,0
ALE,D,20240201,000000,30.39,31.29,30.125,30.97,1861114,0
ALE,D,20240202,000000,31.055,31.57,30.41,30.41,2228696,0
ALE,D,20240205,000000,30.6,31.28,30.25,30.375,1994259,0
ALE,D,20240206,000000,30.78,30.835,30.33,30.65,1461796,0
ALE,D,20240207,000000,30.53,31.2,30.4,31,1007039,0
ALE,D,20240208,000000,30.9,31.7,30.87,31.48,1191858,0
ALE,D,20240209,000000,31.48,31.795,31.315,31.665,2185877,0
ALE,D,20240212,000000,31.7,32.195,31.5,32.195,1595681,0
ALE,D,20240213,000000,32.16,32.735,30.785,31.29,3373732,0
ALE,D,20240214,000000,31.04,32.105,31.04,32.045,943220,0
ALE,D,20240215,000000,32.045,32.255,31.88,32,1024173,0
ALE,D,20240216,000000,32,32.3,31.615,31.8,564699,0
ALE,D,20240219,000000,31.8,32.315,31.67,32.255,1221853,0
ALE,D,20240220,000000,31.98,32.4,31.79,31.86,1267788,0
ALE,D,20240221,000000,31.86,32.16,31.14,31.18,1636748,0
ALE,D,20240222,000000,31.705,33.16,31.395,33.125,3124292,0
ALE,D,20240223,000000,33.13,33.94,32.53,32.87,2288669,0
ALE,D,20240226,000000,32.87,33.45,32.835,33.375,1155282,0
ALE,D,20240227,000000,33.375,33.96,33.12,33.54,2049051,0
ALE,D,20240228,000000,33.54,33.54,32.305,32.35,1517247,0
ALE,D,20240229,000000,32.15,32.71,31.905,32.245,1925505,0
ALE,D,20240301,000000,32.595,32.635,31.135,31.35,1734779,0
ALE,D,20240304,000000,31.5,31.6,30.7,30.75,1724752,0
ALE,D,20240305,000000,30.7,30.82,30.22,30.54,3116693,0
ALE,D,20240306,000000,30.54,30.895,30.5,30.52,2078499,0
ALE,D,20240307,000000,30.3,30.92,30.1,30.8,1900061,0
ALE,D,20240308,000000,30.985,31.4,30.52,31.26,2582031,0
ALE,D,20240311,000000,31.235,31.305,30.525,30.835,2126742,0
ALE,D,20240312,000000,31,31.34,30.67,31.09,2984066,0
ALE,D,20240313,000000,31.155,31.18,30.31,30.335,2774293,0
ALE,D,20240314,000000,31.36,32.15,30.34,30.68,6224230,0
ALE,D,20240315,000000,30.8,33.51,30.79,33.06,9866695,0
ALE,D,20240318,000000,33.07,33.55,31.46,32.055,3329664,0
ALE,D,20240319,000000,32.055,33,31.2,31.635,3107419,0
ALE,D,20240320,000000,31.7,32.065,31.46,31.61,2226836,0
ALE,D,20240321,000000,31.8,32.75,31.775,32.59,2767328,0
ALE,D,20240322,000000,32.63,33.37,32.42,32.74,2510931,0
ALE,D,20240325,000000,32.6,32.72,31.49,31.59,1661320,0
ALE,D,20240326,000000,31.6,32.36,31.47,31.96,2451584,0
ALE,D,20240327,000000,31.96,32.405,31.9,32.405,1197036,0
ALE,D,20240328,000000,32.43,33.14,32.415,33.085,2122478,0
ALE,D,20240402,000000,33.07,33.07,31.86,32.2,1934961,0
ALE,D,20240403,000000,32.115,32.72,31.705,32.09,1783999,0
ALE,D,20240404,000000,32,32.09,31.52,31.655,2228467,0
ALE,D,20240405,000000,31.5,31.51,30.79,30.9,3016158,0
ALE,D,20240408,000000,30.9,31.175,30.525,31.055,2209312,0
ALE,D,20240409,000000,31.055,31.53,30.56,30.75,2188634,0
ALE,D,20240410,000000,30.8,31.205,30.665,31.04,2255781,0
ALE,D,20240411,000000,31,32.08,30.85,31.455,3295542,0
ALE,D,20240412,000000,31.485,31.76,30.85,30.94,1769862,0
ALE,D,20240415,000000,30.915,31.525,30.73,31,1049723,0
ALE,D,20240416,000000,30.58,31.52,30.5,31.375,2110288,0
ALE,D,20240417,000000,31.375,33.42,31.3,31.89,15704552,0
ALE,D,20240418,000000,31.96,33.04,31.67,33,6890044,0
ALE,D,20240419,000000,32.48,33.15,32.46,32.665,8864561,0
ALE,D,20240422,000000,32.99,33.845,32.65,33.295,10525090,0
ALE,D,20240423,000000,33.49,33.83,32.945,33.325,2195085,0
ALE,D,20240424,000000,33.33,33.48,32.49,32.9,2874068,0
ALE,D,20240425,000000,32.9,33,32.17,32.3,1863658,0
ALE,D,20240426,000000,32.605,33.9,32.605,33.27,2693586,0
ALE,D,20240429,000000,33.29,34.38,33.285,34.295,2934885,0
ALE,D,20240430,000000,34.37,34.62,33.7,34.015,1458213,0
ALE,D,20240502,000000,33.9,34.515,33.84,34.2,1028343,0
ALE,D,20240506,000000,34.62,37.59,34.62,36.905,6018076,0
ALE,D,20240507,000000,36.6,37.38,35.82,36.21,5612007,0
ALE,D,20240508,000000,36.2,36.725,36.1,36.415,3529325,0
ALE,D,20240509,000000,36.435,37.5,36.215,37.115,7427209,0
ALE,D,20240510,000000,37.305,38.12,37.305,38,3953875,0
ALE,D,20240513,000000,37.71,38.455,37.71,38.06,3872988,0
ALE,D,20240514,000000,38,38.08,37.3,38.06,5340127,0
ALE,D,20240515,000000,38.01,38.235,37.54,38.235,3482649,0
ALE,D,20240516,000000,38.22,38.74,38.11,38.39,2017025,0
ALE,D,20240517,000000,38,38.9,38,38.85,5799999,0
ALE,D,20240520,000000,39,39.18,36.785,38.845,4016000,0
ALE,D,20240521,000000,38.7,38.9,37.345,37.635,3310293,0
ALE,D,20240522,000000,37.5,37.91,36.075,37.91,3297351,0
ALE,D,20240523,000000,38.585,41.165,38.3,39.92,7743367,0
ALE,D,20240524,000000,39.715,40.45,39.62,40,3345723,0
ALE,D,20240527,000000,40,40.38,39.445,39.975,8081085,0
ALE,D,20240528,000000,40,40.71,39.515,39.835,4205904,0
ALE,D,20240529,000000,39.605,39.83,38.67,39.125,3745353,0
ALE,D,20240531,000000,38.9,39,37,37.775,9416541,0
ALE,D,20240603,000000,38.17,38.49,37.6,38,2230083,0
ALE,D,20240604,000000,37.89,38.54,37.6,38.29,4126542,0
ALE,D,20240605,000000,38.29,38.54,37.745,38.25,2267749,0
ALE,D,20240606,000000,38.3,38.8,37.425,37.675,1874593,0
ALE,D,20240607,000000,37.595,37.81,36.67,37.18,2349284,0
ALE,D,20240610,000000,36.685,37.495,36.64,37.49,2245812,0
ALE,D,20240611,000000,37.5,37.785,36.95,37.295,1442242,0
ALE,D,20240612,000000,37.3,37.685,36.85,37.56,3453330,0
ALE,D,20240613,000000,37.72,37.82,37.005,37.335,1617953,0
ALE,D,20240614,000000,37.305,37.335,36.36,36.765,1471646,0
ALE,D,20240617,000000,36.725,37.945,36.725,37.7,6487167,0
ALE,D,20240618,000000,37.93,38,37.11,37.2,1668148,0
ALE,D,20240619,000000,37.5,37.55,36.92,37.3,1225607,0
ALE,D,20240620,000000,37.3,37.65,36.78,37.185,2380965,0
ALE,D,20240621,000000,37.05,37.52,36.85,37.06,5540335,0
ALE,D,20240624,000000,37,37.795,36.95,37.62,2217820,0
ALE,D,20240625,000000,37.62,38.08,37.105,37.595,2146231,0
ALE,D,20240626,000000,38,38.44,37.705,38.29,5409681,0
ALE,D,20240627,000000,38.1,38.9,37.9,38.055,3444460,0
ALE,D,20240628,000000,38.12,38.22,37.455,37.7,1684937,0
ALE,D,20240701,000000,37.9,38.135,37.21,37.25,2068349,0
ALE,D,20240702,000000,37.13,37.245,36.23,36.44,3145131,0
ALE,D,20240703,000000,36.93,37.11,36.38,36.63,1857117,0
ALE,D,20240704,000000,36.63,36.765,35.965,36.425,1254002,0
ALE,D,20240705,000000,36.48,36.8,35.24,35.6,1546573,0
ALE,D,20240708,000000,35.6,36.035,35.41,35.875,1315661,0
ALE,D,20240709,000000,35.86,36.14,35.8,36.09,1160121,0
ALE,D,20240710,000000,36.185,36.57,35.3,35.765,1807872,0
ALE,D,20240711,000000,36,36.75,35.735,36.605,878421,0
ALE,D,20240712,000000,36.45,36.865,36.17,36.8,1776177,0
ALE,D,20240715,000000,36.5,36.89,36.145,36.675,1256128,0
ALE,D,20240716,000000,36.505,36.595,35.555,35.88,1553598,0
ALE,D,20240717,000000,35.8,35.98,34.6,34.78,2071623,0
ALE,D,20240718,000000,34.98,35.59,34.4,35.3,1899420,0
ALE,D,20240719,000000,35.19,35.52,34.79,35.13,965380,0
ALE,D,20240722,000000,35.285,35.55,34.825,35.125,880336,0
ALE,D,20240723,000000,35.15,35.425,34.8,35.425,1250493,0
ALE,D,20240724,000000,35,35.515,34.67,35.33,1197909,0
ALE,D,20240725,000000,34.83,35.44,34.8,35.41,1429951,0
ALE,D,20240726,000000,35.42,35.655,35.115,35.5,703504,0
ALE,D,20240729,000000,35.8,35.885,35.15,35.74,2381520,0
ALE,D,20240730,000000,35.86,37.02,35.765,35.875,3286723,0
ALE,D,20240731,000000,36.35,36.85,36.085,36.4,2459252,0
ALE,D,20240801,000000,36.7,36.74,35.955,36.21,1267254,0
ALE,D,20240802,000000,35.78,35.99,35.145,35.86,1729802,0
ALE,D,20240805,000000,34.225,35.18,34.015,35.155,1909050,0
ALE,D,20240806,000000,35.425,35.8,34.2,34.53,2140969,0
ALE,D,20240807,000000,34.975,35.45,34.78,35.39,1748356,0
ALE,D,20240808,000000,35.38,36.265,34.825,36.235,1906905,0
ALE,D,20240809,000000,36.565,36.805,36.145,36.305,2252792,0
ALE,D,20240812,000000,36.305,37.48,36.17,37.25,1868661,0
ALE,D,20240813,000000,37.475,37.585,37.225,37.5,2312553,0
ALE,D,20240814,000000,37.575,38.64,37.575,38.2,2936186,0
ALE,D,20240816,000000,38.79,39.64,38.77,39.145,3530734,0
ALE,D,20240819,000000,39.065,39.26,38.055,38.265,2575942,0
ALE,D,20240820,000000,38.5,38.515,37.32,37.435,1603515,0
ALE,D,20240821,000000,37.355,38.565,36.915,38.53,1786858,0
ALE,D,20240822,000000,38.245,39.25,38.245,38.725,1238098,0
ALE,D,20240823,000000,38.85,38.85,37.665,37.885,1677144,0
ALE,D,20240826,000000,37.995,38.13,37.225,37.875,1064205,0
ALE,D,20240827,000000,37.96,38.055,37.16,37.62,1059773,0
ALE,D,20240828,000000,37.8,37.935,37.305,37.385,1007190,0
ALE,D,20240829,000000,37.4,37.94,37.18,37.9,1142883,0
ALE,D,20240830,000000,37.9,38.07,37.585,38.07,2516828,0
ALE,D,20240902,000000,37.75,38.185,36.94,37.88,1181719,0
ALE,D,20240903,000000,37.98,38.4,37.775,37.9,746554,0
ALE,D,20240904,000000,37.4,37.79,37.17,37.46,1006264,0
ALE,D,20240905,000000,37.35,37.535,36.605,36.72,1406185,0
ALE,D,20240906,000000,36.565,37.4,35.81,35.86,1526887,0
ALE,D,20240909,000000,36,36.065,35.52,35.925,1029387,0
ALE,D,20240910,000000,35.78,36.485,35.665,35.955,2046902,0
ALE,D,20240911,000000,35.61,36.47,35.61,35.98,1864727,0
ALE,D,20240912,000000,36.49,37.26,36.47,37.2,1171853,0
ALE,D,20240913,000000,37,37.62,36.965,37.535,1360551,0
ALE,D,20240916,000000,37.695,38.05,37.535,37.8,1145663,0
ALE,D,20240917,000000,38,38.79,37.865,38.665,2140388,0
ALE,D,20240918,000000,38.665,38.96,38.23,38.725,1393384,0
ALE,D,20240919,000000,37,37.49,34.655,35.475,13766493,0
ALE,D,20240920,000000,35.475,36.07,35.365,35.83,9025759,0
ALE,D,20240923,000000,35.83,36.355,35.385,36.335,3002336,0
ALE,D,20240924,000000,36.45,36.67,36.215,36.3,2498119,0
ALE,D,20240925,000000,36.12,36.665,36.01,36.58,2424765,0
ALE,D,20240926,000000,36.28,36.88,35.945,36.105,4032561,0
ALE,D,20240927,000000,36.105,36.455,35.92,36.07,3079810,0
ALE,D,20240930,000000,35.915,36,34.48,34.81,4852435,0
ALE,D,20241001,000000,34.92,35.55,34.65,34.705,3184525,0
ALE,D,20241002,000000,34.99,35.155,34.44,34.715,1550632,0
ALE,D,20241003,000000,34.43,34.71,33.88,34.455,1994119,0
ALE,D,20241004,000000,34.455,34.58,34.08,34.1,1732103,0
ALE,D,20241007,000000,34.12,34.59,33.905,34.115,2220188,0
ALE,D,20241008,000000,33.9,34.3,33.82,34.3,3227522,0
ALE,D,20241009,000000,34.375,34.865,33.93,34.44,3491103,0
ALE,D,20241010,000000,34.46,34.925,34.2,34.445,1621657,0
ALE,D,20241011,000000,34.5,35.91,34.485,35.715,1784675,0
ALE,D,20241014,000000,35.4,35.6,34.79,35.005,1629273,0
ALE,D,20241015,000000,35.005,35.1,34.615,34.77,2420563,0
ALE,D,20241016,000000,34.77,35.26,34.6,35.26,2810128,0
ALE,D,20241017,000000,35.24,35.66,34.8,34.845,2064906,0
ALE,D,20241018,000000,34.85,35,34.475,35,1222208,0
ALE,D,20241021,000000,34.85,35,34.21,34.7,956864,0
ALE,D,20241022,000000,34.7,35.2,34.39,34.48,2328304,0
ALE,D,20241023,000000,34.38,34.495,33.925,34.285,2603463,0
ALE,D,20241024,000000,34.5,34.78,34.24,34.455,2067601,0
ALE,D,20241025,000000,34.585,34.81,34.105,34.81,1791739,0
ALE,D,20241028,000000,34.81,35.7,34.81,35,2436433,0
ALE,D,20241029,000000,34.99,35.655,34.955,35.53,2277672,0
ALE,D,20241030,000000,35.65,36.525,35.56,35.84,3756357,0
ALE,D,20241031,000000,35.52,35.76,34.865,35.12,2372948,0
ALE,D,20241104,000000,35.12,35.405,34.88,35.23,2375444,0
ALE,D,20241105,000000,35.23,35.3,34.23,34.49,1508626,0
ALE,D,20241106,000000,34.62,35.05,34.48,34.775,1753530,0
ALE,D,20241107,000000,34.895,35.3,34.505,35.13,1651776,0
ALE,D,20241108,000000,35.3,35.3,34.46,34.65,1291422,0
ALE,D,20241112,000000,34.65,34.8,33.91,34.205,3423021,0
ALE,D,20241113,000000,34.205,35.4,34.16,35.115,2850303,0
ALE,D,20241114,000000,33.99,33.99,29.105,31.135,12773296,0
ALE,D,20241115,000000,30.8,30.8,29.14,29.15,5793147,0
ALE,D,20241118,000000,29.08,29.28,28.305,28.63,4004343,0
ALE,D,20241119,000000,28.895,28.93,27.45,28,4252753,0
ALE,D,20241120,000000,28.4,28.445,27.835,28.245,2507491,0
ALE,D,20241121,000000,28.38,29.15,28.01,28.92,2383598,0
ALE,D,20241122,000000,29.19,29.35,28.6,28.815,2733490,0
ALE,D,20241125,000000,29.2,29.545,28.92,29.29,4161059,0
ALE,D,20241126,000000,29.3,29.3,28.5,28.95,1960717,0
ALE,D,20241127,000000,29.1,29.205,28.8,28.95,1208896,0
ALE,D,20241128,000000,28.96,29.15,28.4,28.505,1332881,0
ALE,D,20241129,000000,28.4,28.95,28.295,28.77,1748979,0
ALE,D,20241202,000000,28.8,29.675,28.56,29.2,1866275,0
ALE,D,20241203,000000,29.5,29.645,28.795,28.99,2207585,0
ALE,D,20241204,000000,29.1,30.365,28.975,30.265,2317093,0
ALE,D,20241205,000000,30.41,30.505,29.955,30.37,2228297,0
ALE,D,20241206,000000,30.37,30.93,30.245,30.35,2076326,0
ALE,D,20241209,000000,30.44,30.5,29.845,29.845,1519273,0
ALE,D,20241210,000000,29.84,30.7,29.24,30.3,3362833,0
ALE,D,20241211,000000,30.18,30.27,29.65,30.1,1518564,0
ALE,D,20241212,000000,29.98,30.095,28.38,28.7,3560969,0
ALE,D,20241213,000000,28.715,29.235,28.55,29.06,2386360,0
ALE,D,20241216,000000,29,29.155,28.42,29.125,1871235,0
ALE,D,20241217,000000,29.13,29.2,27.94,28.455,1884057,0
ALE,D,20241218,000000,28.32,28.59,27.92,28.03,2036405,0
ALE,D,20241219,000000,27.8,28.015,27.55,27.99,2523889,0
ALE,D,20241220,000000,27.88,27.89,27.305,27.89,3296581,0
ALE,D,20241223,000000,27.95,28.18,27.62,27.85,1572417,0
ALE,D,20241227,000000,27.8,27.825,27.36,27.675,1006884,0
ALE,D,20241230,000000,27.655,27.685,27.025,27.08,1430539,0
ALE,D,20250102,000000,27.495,28.24,27.2,28.24,1690982,0
ALE,D,20250103,000000,28.24,28.25,27.56,27.705,1701822,0
ALE,D,20250107,000000,28,28.035,27.6,27.6,1863359,0
ALE,D,20250108,000000,27.7,27.71,27.01,27.18,2303612,0
ALE,D,20250109,000000,27.2,27.3,26.77,27.175,1061604,0
ALE,D,20250110,000000,27.195,27.375,26.425,26.6,1774019,0
ALE,D,20250113,000000,26.58,26.58,25.655,25.67,2120029,0
ALE,D,20250114,000000,25.83,26.2,25.66,25.905,1879610,0
ALE,D,20250115,000000,26,26.645,25.63,26.645,2129714,0
ALE,D,20250116,000000,26.7,26.9,26.415,26.67,1915674,0
ALE,D,20250117,000000,26.75,27.12,25.85,26.905,2458445,0
ALE,D,20250120,000000,26.95,27.185,26.695,26.735,1916259,0
ALE,D,20250121,000000,26.9,26.92,26.565,26.75,1698961,0
ALE,D,20250122,000000,26.865,27.075,26.58,26.94,2064469,0
ALE,D,20250123,000000,26.94,27.49,26.625,26.865,631177,0
ALE,D,20250124,000000,26.955,27.42,26.955,27.27,900814,0
ALE,D,20250127,000000,27,27.205,26.635,27.155,1081837,0
ALE,D,20250128,000000,27.155,28.73,27.15,28.595,2190641,0
ALE,D,20250129,000000,28.805,29.47,28.535,28.87,1604145,0
ALE,D,20250130,000000,28.965,30.35,28.965,30.1,2941811,0
ALE,D,20250131,000000,30.12,30.365,29.58,30.005,2518972,0
ALE,D,20250203,000000,29,29.2,28.435,28.64,3042082,0
ALE,D,20250204,000000,28.99,29.875,28.99,29.5,2399967,0
ALE,D,20250205,000000,29.53,29.87,29.145,29.305,2404122,0
ALE,D,20250206,000000,29.33,29.79,29.2,29.65,1421067,0
ALE,D,20250207,000000,29.75,30.255,29.505,29.57,2522970,0
ALE,D,20250210,000000,29.6,30.05,29.355,29.89,1655999,0
ALE,D,20250211,000000,29.99,30.05,29.625,29.825,1250437,0
ALE,D,20250212,000000,29.83,30.36,29.83,30.13,3929460,0
ALE,D,20250213,000000,30.3,31.18,30.275,30.82,2512140,0
ALE,D,20250214,000000,30.9,31.26,30.8,30.925,3600073,0
ALE,D,20250217,000000,30.925,31.22,30.64,30.925,1880933,0
ALE,D,20250218,000000,31,31.18,30.44,30.75,3167571,0
ALE,D,20250219,000000,30.75,31.2,29.99,30.26,1993605,0
ALE,D,20250220,000000,30.26,30.29,29.1,29.135,3479029,0
ALE,D,20250221,000000,29.19,29.96,29.185,29.65,3277612,0
ALE,D,20250224,000000,29.65,29.96,28.755,28.795,3912271,0
ALE,D,20250225,000000,28.77,29.355,28.605,29.11,2869593,0
ALE,D,20250226,000000,29.3,29.695,29.21,29.35,2517692,0
ALE,D,20250227,000000,29.1,29.215,28.135,28.135,4075951,0
ALE,D,20250228,000000,28.02,28.25,27.7,27.99,5662388,0
ALE,D,20250303,000000,28.04,28.35,27.805,28.09,3219726,0
ALE,D,20250304,000000,27.88,27.89,27.405,27.56,3894474,0
ALE,D,20250305,000000,27.86,28.795,27.8,28.615,3683602,0
ALE,D,20250306,000000,28.755,29.295,28.75,29.165,2236754,0
ALE,D,20250307,000000,29,29.185,28.58,28.9,2058927,0
ALE,D,20250310,000000,28.85,28.9,28.25,28.425,1802020,0
ALE,D,20250311,000000,28.425,28.73,28.21,28.63,3498472,0
ALE,D,20250312,000000,28.9,29.04,28.5,28.5,4507485,0
ALE,D,20250313,000000,30.5,32.975,29.84,32.38,15869693,0
ALE,D,20250314,000000,32.445,33.39,31.92,32.02,8013481,0
ALE,D,20250317,000000,31.9,32.245,30.8,31.575,3991791,0
ALE,D,20250318,000000,31.83,31.9,31.12,31.47,3252411,0
ALE,D,20250319,000000,31.5,31.56,30.94,31.065,3652308,0
ALE,D,20250320,000000,30.94,31.29,30.455,31.29,3277448,0
ALE,D,20250321,000000,31.34,31.75,30.8,31.51,7765693,0
ALE,D,20250324,000000,31.64,32.64,31.59,32.635,3581272,0
ALE,D,20250325,000000,32.6,32.765,32.185,32.32,1997366,0
ALE,D,20250326,000000,31.94,31.985,31.045,31.225,6319909,0
ALE,D,20250327,000000,31.125,32.18,31.06,31.91,3521958,0
ALE,D,20250328,000000,31.8,31.91,31.31,31.515,2524863,0
ALE,D,20250331,000000,31.15,31.785,30.865,31.26,7139001,0
ALE,D,20250401,000000,31.98,32.375,31.655,32.1,3636425,0
ALE,D,20250402,000000,32.1,32.305,31.6,32.1,2978215,0
ALE,D,20250403,000000,31.745,31.935,30.905,31.04,1641130,0
ALE,D,20250404,000000,30.975,31.535,29.93,30.1,3514706,0
ALE,D,20250407,000000,28.8,29.74,27.97,29.12,3444692,0
ALE,D,20250408,000000,29.5,30.345,29.315,30.315,3280682,0
ALE,D,20250409,000000,29.28,30.335,29.24,30,3019507,0
ALE,D,20250410,000000,32,32.07,30.36,30.565,3004672,0
ALE,D,20250411,000000,30.5,31.38,30.355,30.51,2796071,0
ALE,D,20250414,000000,30.84,31.165,30.725,31.165,1194759,0
ALE,D,20250415,000000,31.2,31.78,30.9,31.51,1476798,0
ALE,D,20250416,000000,30.2,31.33,30.195,30.88,10385626,0
ALE,D,20250417,000000,30.75,31.29,30.62,31.1,3619677,0
ALE,D,20250422,000000,31.25,31.7,31.1,31.57,5071928,0
ALE,D,20250423,000000,31.735,33.18,31.725,33.1,6406939,0
ALE,D,20250424,000000,32.955,33.82,32.51,33.82,5120846,0
ALE,D,20250425,000000,33.82,33.9,33.225,33.225,3613507,0
ALE,D,20250428,000000,33.35,33.9,33.34,33.59,2238970,0
ALE,D,20250429,000000,33.64,34.2,33.305,33.505,2380416,0
ALE,D,20250430,000000,33.5,33.805,32.665,32.965,2144159,0
ALE,D,20250502,000000,33.515,33.645,32.98,33.415,1824509,0
ALE,D,20250505,000000,33.2,33.375,32.795,33.225,1486605,0
ALE,D,20250506,000000,32.73,32.88,32.13,32.65,1726413,0
ALE,D,20250507,000000,32.81,33.68,32.67,33.38,3973404,0
ALE,D,20250508,000000,33.5,34.11,33.02,33.66,3939307,0
ALE,D,20250509,000000,33.66,34.095,33.5,33.89,1505931,0
ALE,D,20250512,000000,33.96,35.24,33.955,34.64,2878995,0
ALE,D,20250513,000000,34.73,34.98,34.375,34.88,4543556,0
ALE,D,20250514,000000,34.92,34.95,33.5,33.58,4704162,0
ALE,D,20250515,000000,33.58,33.67,33.075,33.485,2060200,0
ALE,D,20250516,000000,33.75,34.2,33.27,33.51,1574259,0
ALE,D,20250519,000000,33.26,33.74,32.75,33.33,1822659,0
ALE,D,20250520,000000,33.56,34.24,33.555,33.8,2926972,0
ALE,D,20250521,000000,33.45,33.45,32.56,32.975,4026706,0
ALE,D,20250522,000000,32.365,32.795,31.225,32.225,6123298,0
ALE,D,20250523,000000,32.44,33.16,32.305,33.055,5696142,0
ALE,D,20250526,000000,33.12,33.8,33,33.515,2339439,0
ALE,D,20250527,000000,33.25,33.835,33.24,33.55,2152184,0
ALE,D,20250528,000000,33.53,35.37,33.37,35.205,4023403,0
ALE,D,20250529,000000,35.2,35.38,34.55,34.6,4415350,0
ALE,D,20250530,000000,34.515,34.675,34.045,34.445,8529249,0
ALE,D,20250602,000000,34.28,35.43,33.88,35.2,3884891,0
ALE,D,20250603,000000,35.15,35.33,34.045,34.5,3341837,0
ALE,D,20250604,000000,34.5,35.7,34.5,35.7,2868747,0
ALE,D,20250605,000000,35.75,35.82,34.495,35.315,2350112,0
ALE,D,20250606,000000,33.6,34.3,33.25,33.83,14314927,0
ALE,D,20250609,000000,33.83,34,33.31,33.75,4502368,0
ALE,D,20250610,000000,33.8,34.475,33.45,34.02,9599613,0
ALE,D,20250611,000000,34.16,34.6,33.865,34.195,7698960,0
ALE,D,20250612,000000,34,34.14,33.3,33.915,3623470,0
ALE,D,20250613,000000,33.28,33.57,32.83,33.255,3430810,0
ALE,D,20250616,000000,33.25,33.44,32.95,33.1,3104432,0
ALE,D,20250617,000000,32.75,33.35,32.675,33.255,3926151,0
ALE,D,20250618,000000,33.255,33.33,32.71,33.11,3115621,0
ALE,D,20250620,000000,33.09,33.11,32.47,32.54,5489858,0
ALE,D,20250623,000000,32.45,32.45,31.68,32,2749378,0
ALE,D,20250624,000000,32.55,32.68,31.87,32.39,3018379,0
ALE,D,20250625,000000,32.5,32.865,32.42,32.605,2175894,0
ALE,D,20250626,000000,32.55,33.325,32.405,33.13,3417626,0
ALE,D,20250627,000000,33.31,34,33.145,33.87,2506095,0
ALE,D,20250630,000000,34.11,35,34.085,34.59,5947842,0
ALE,D,20250701,000000,34.5,34.84,33.925,34.025,2325618,0
ALE,D,20250702,000000,34.025,34.235,33.715,34.15,1736029,0
ALE,D,20250703,000000,34.15,34.8,34.06,34.355,2530687,0
ALE,D,20250704,000000,34.19,34.57,33.755,34.42,1676902,0
ALE,D,20250707,000000,34.33,34.75,34.045,34.5,1506428,0
ALE,D,20250708,000000,34.7,35.06,34.505,34.98,6796744,0
ALE,D,20250709,000000,34.89,35.3,34.46,35.2,4057396,0
ALE,D,20250710,000000,35,35.82,34.62,34.825,14322117,0
ALE,D,20250711,000000,34.625,34.9,34.475,34.76,4578691,0
ALE,D,20250714,000000,34.76,35.64,34.46,35.55,2931944,0
ALE,D,20250715,000000,35.455,35.87,34.9,35.565,3088830,0
ALE,D,20250716,000000,35.565,35.905,35.315,35.905,2442823,0
ALE,D,20250717,000000,35.99,36.215,35.4,35.66,2412613,0
ALE,D,20250718,000000,36.015,36.58,35.81,36.22,3088613,0
ALE,D,20250721,000000,36.2,36.55,36.12,36.32,1919224,0
ALE,D,20250722,000000,36.25,36.435,35.965,36.05,1348607,0
ALE,D,20250723,000000,36.2,36.655,36.165,36.495,1628704,0
ALE,D,20250724,000000,36.495,36.765,36.2,36.405,1011097,0
ALE,D,20250725,000000,36.19,36.41,35.92,36.3,1001120,0
ALE,D,20250728,000000,36.4,37.08,36.065,36.32,2576761,0
ALE,D,20250729,000000,36.565,37.065,35.845,36.89,3381238,0
ALE,D,20250730,000000,36.66,37.75,36.655,37.75,4116205,0
ALE,D,20250731,000000,37.72,38.44,36.8,37.015,5886493,0
ALE,D,20250801,000000,36.71,37,35.385,35.69,2692586,0
ALE,D,20250804,000000,35.585,36.125,35.045,36.125,1287216,0
ALE,D,20250805,000000,36.125,36.495,35.625,35.815,1724233,0
ALE,D,20250806,000000,35.61,36.145,35.325,36.145,2214806,0
ALE,D,20250807,000000,36.145,37.59,35.655,37.275,2734993,0
ALE,D,20250808,000000,37.25,37.98,36.835,37.785,2360460,0
ALE,D,20250811,000000,37.765,37.89,37.1,37.29,1736241,0
ALE,D,20250812,000000,37.31,37.51,37.045,37.235,1096121,0
ALE,D,20250813,000000,37.47,38.075,37.26,37.895,2572929,0
ALE,D,20250814,000000,37.75,37.8,37.335,37.675,1667674,0
ALE,D,20250818,000000,37.675,38.59,37.425,37.875,3124350,0
ALE,D,20250819,000000,38.1,38.6,37.835,38.5,2867057,0
ALE,D,20250820,000000,38.4,38.52,37.6,37.96,2116562,0
ALE,D,20250821,000000,37.9,38.64,37.865,38.48,2168915,0
ALE,D,20250822,000000,37.9,38.55,37.375,38.34,3740805,0
ALE,D,20250825,000000,38.335,38.6,38.13,38.285,1972728,0
ALE,D,20250826,000000,38.25,38.51,37.15,38.085,4265993,0
ALE,D,20250827,000000,38.48,38.57,37.23,37.28,1167712,0
ALE,D,20250828,000000,37.5,37.61,36.565,36.84,1656379,0
ALE,D,20250829,000000,36.605,37.045,36.34,36.515,1813022,0
ALE,D,20250901,000000,36.5,36.805,35,35.415,3307720,0
ALE,D,20250902,000000,35.415,35.415,34.225,34.465,3685975,0
ALE,D,20250903,000000,34.43,34.935,34.11,34.515,4961368,0
ALE,D,20250904,000000,34.695,35.01,34.485,34.81,3210706,0
ALE,D,20250905,000000,35.12,35.925,34.76,34.89,3472965,0
ALE,D,20250908,000000,34.99,36,34.915,36,2393561,0
ALE,D,20250909,000000,36.08,36.25,35.38,35.52,2886909,0
ALE,D,20250910,000000,35.52,36.14,34.995,35.84,2604168,0
ALE,D,20250911,000000,35.9,36.485,35.81,36.09,2266738,0
ALE,D,20250912,000000,36.34,36.66,35.665,35.665,1898575,0
ALE,D,20250915,000000,35.8,36.245,35.795,35.935,2484767,0
ALE,D,20250916,000000,35.99,35.995,35.12,35.3,2437604,0
ALE,D,20250917,000000,35.5,35.69,34.97,35.28,2470896,0
ALE,D,20250918,000000,35.8,35.89,34.615,34.87,6067239,0
ALE,D,20250919,000000,34.87,35.015,34.125,34.62,7595886,0
ALE,D,20250922,000000,34.605,34.985,34.15,34.605,2736245,0
ALE,D,20250923,000000,34.7,35.37,34.57,34.75,3091111,0
ALE,D,20250924,000000,34.635,34.815,34.215,34.815,2984688,0
ALE,D,20250925,000000,34.815,35,34.455,34.735,1987772,0
ALE,D,20250926,000000,35.12,35.515,34.88,35.28,5090338,0
ALE,D,20250929,000000,35.295,36.42,35.095,36.18,4290606,0
ALE,D,20250930,000000,36.03,36.3,35.395,35.595,4145752,0
ALE,D,20251001,000000,35.48,35.6,34.98,35,4305688,0
ALE,D,20251002,000000,35,35.355,34.635,34.665,4264619,0
ALE,D,20251003,000000,34.665,34.995,34.42,34.9,2779705,0
ALE,D,20251006,000000,34.9,35.015,33.78,33.8,3273388,0
ALE,D,20251007,000000,33.9,33.91,33.2,33.615,3001215,0
ALE,D,20251008,000000,33.5,33.665,32.965,33.495,3613601,0
ALE,D,20251009,000000,33.51,33.725,32.805,32.935,3656017,0
ALE,D,20251010,000000,32.68,33.34,32.5,33.2,3632892,0
ALE,D,20251013,000000,32.93,33.85,32.71,33.52,2955350,0
ALE,D,20251014,000000,33.385,34.045,33.3,33.65,2853269,0
ALE,D,20251015,000000,33.65,33.975,33.365,33.83,3240936,0
ALE,D,20251016,000000,33.83,34.095,33.665,33.75,1577928,0
ALE,D,20251017,000000,33.525,33.7,32.61,33.545,2714471,0
ALE,D,20251020,000000,33.6,34.035,33.5,33.74,1903735,0
ALE,D,20251021,000000,33.9,34.27,33.66,34.06,2287647,0
ALE,D,20251022,000000,34.25,34.5,33.935,34.5,1706688,0
ALE,D,20251023,000000,34.46,34.885,34.145,34.87,2325321,0
ALE,D,20251024,000000,34.9,35.34,34.67,34.81,3437362,0
ALE,D,20251027,000000,35,35.2,34.42,34.68,4584199,0
ALE,D,20251028,000000,34.8,35.185,34.455,35,3252540,0
ALE,D,20251029,000000,35,35.2,34.3,34.56,6775194,0
ALE,D,20251030,000000,34.615,34.76,34.17,34.465,2590401,0
ALE,D,20251031,000000,34.455,35.18,34.255,34.5,3272049,0
ALE,D,20251103,000000,34.5,34.765,34.2,34.28,1360202,0
ALE,D,20251104,000000,34.1,34.25,33.72,33.85,1659242,0
ALE,D,20251105,000000,33.8,34.25,33.435,34.245,1400365,0
ALE,D,20251106,000000,34.3,35.005,34.185,34.52,2988986,0
ALE,D,20251107,000000,34.66,34.95,34.29,34.675,2501273,0
ALE,D,20251110,000000,34.9,35.005,34.485,34.94,2567271,0
ALE,D,20251112,000000,35.15,35.35,34.56,34.8,3697800,0
ALE,D,20251113,000000,34.76,35.185,34.6,34.6,3194288,0
ALE,D,20251114,000000,34.61,35.005,34.25,34.25,2539929,0
ALE,D,20251117,000000,34.5,34.57,33.35,33.465,2589133,0
ALE,D,20251118,000000,33.33,33.37,31.965,32.225,3867807,0
ALE,D,20251119,000000,32.36,32.385,31.85,32,6669079,0
ALE,D,20251120,000000,32.2,32.25,30,31.5,10035267,0
ALE,D,20251121,000000,30.3,31.72,30.3,31.19,4483415,0
ALE,D,20251124,000000,31.45,31.56,30.555,31.03,5937423,0
ALE,D,20251125,000000,31.2,31.45,30.665,31.25,2573085,0
ALE,D,20251126,000000,31.345,32.08,30.865,32.025,3818439,0
ALE,D,20251127,000000,32.025,32.175,31.68,31.77,3191460,0
ALE,D,20251128,000000,31.77,32.46,31.41,32.055,1969238,0
ALE,D,20251201,000000,32.14,32.52,31.82,32.33,2797822,0
ALE,D,20251202,000000,30.5,31.615,30.42,31.325,13578750,0
ALE,D,20251203,000000,31.385,31.415,30.465,30.51,7993221,0
ALE,D,20251204,000000,30.545,31.085,30.54,30.945,14374693,0
ALE,D,20251205,000000,31.2,31.34,30.835,30.975,13764375,0
ALE,D,20251208,000000,30.91,31.005,30.5,30.7,4734919,0
ALE,D,20251209,000000,30.7,31.48,30.55,31.46,8039453,0
ALE,D,20251210,000000,31.5,31.5,30.95,31.2,2496256,0
ALE,D,20251211,000000,31.345,31.745,31.09,31.605,4611669,0
ALE,D,20251212,000000,31.605,31.605,30.985,31.01,4154020,0
ALE,D,20251215,000000,31.11,31.415,30.84,31.385,6484609,0
ALE,D,20251216,000000,31.2,31.215,30.59,30.85,5592181,0
ALE,D,20251217,000000,30.9,30.92,30.22,30.445,4098149,0
ALE,D,20251218,000000,30.36,30.745,30.12,30.535,7142968,0
ALE,D,20251219,000000,30.535,31.005,30.35,30.895,8029825,0
ALE,D,20251222,000000,30.905,30.96,30.585,30.96,2097698,0
ALE,D,20251223,000000,30.85,30.96,30.6,30.625,2512406,0
ALE,D,20251229,000000,30.65,31.195,30.4,31.195,3404640,0
ALE,D,20251230,000000,31.195,31.3,30.885,31.02,1811023,0
ALE,D,20260102,000000,31,31.565,30.85,31.245,2893610,0
ALE,D,20260105,000000,31.45,31.465,30.915,31.36,4554493,0
ALE,D,20260107,000000,31.36,32.9,31.24,32.805,8183989,0
ALE,D,20260108,000000,32.8,32.865,31.9,32.16,5629014,0
ALE,D,20260109,000000,32.26,32.315,31.67,32.1,3512753,0
ALE,D,20260112,000000,32.1,32.4,32,32.25,2129872,0
ALE,D,20260113,000000,32.37,32.65,32.02,32.27,2635628,0
ALE,D,20260114,000000,32.46,32.46,31.105,31.21,4338446,0
ALE,D,20260115,000000,31.215,31.445,30.865,31.315,2814794,0
ALE,D,20260116,000000,31.33,31.895,31.12,31.325,3781543,0
ALE,D,20260119,000000,31.02,32.035,30.67,30.88,4857931,0
ALE,D,20260120,000000,31,31.05,30.22,30.845,3540063,0
ALE,D,20260121,000000,30.845,30.845,29.46,29.955,7067766,0
ALE,D,20260122,000000,30.2,30.72,30.135,30.545,3490274,0
ALE,D,20260123,000000,30.6,30.63,29.99,30.165,4610920,0
ALE,D,20260126,000000,30,30.52,29.74,29.945,2285915,0
ALE,D,20260127,000000,30.015,30.52,29.73,30.405,3768967,0
ALE,D,20260128,000000,30.6,30.76,30.05,30.42,2759180,0
ALE,D,20260129,000000,30.64,30.7,30.06,30.105,1835322,0
ALE,D,20260130,000000,30.1,30.1,29.215,29.22,5907554,0
ALE,D,20260202,000000,29.14,29.805,28.925,29.715,2715813,0
ALE,D,20260203,000000,29.89,29.965,28.89,29.135,3410562,0
ALE,D,20260204,000000,29.1,29.225,28.8,28.9,4204077,0
ALE,D,20260205,000000,28.9,29.085,28.555,28.77,4315779,0
ALE,D,20260206,000000,28.775,28.96,28.39,28.685,4656476,0
ALE,D,20260209,000000,28.92,29.615,28.625,28.99,2719268,0
ALE,D,20260210,000000,29.2,29.6,28.885,29.29,2748108,0
ALE,D,20260211,000000,29.44,29.695,28.82,29.335,4141176,0
ALE,D,20260212,000000,29.36,30.2,29.155,29.885,4021573,0
ALE,D,20260213,000000,29.885,29.885,29.17,29.17,4815065,0
ALE,D,20260216,000000,29.2,29.74,29.16,29.4,1409599,0
ALE,D,20260217,000000,29.66,29.66,28.885,28.885,2246070,0
ALE,D,20260218,000000,29.2,29.23,28.655,29,4144840,0
ALE,D,20260219,000000,29.165,29.21,28.52,28.65,4678515,0
ALE,D,20260220,000000,28.65,28.71,27.55,27.67,7940543,0
ALE,D,20260223,000000,27.795,28.48,27.7,28.195,8433678,0
ALE,D,20260224,000000,28.3,28.31,27.72,28.3,4628290,0
ALE,D,20260225,000000,28.3,28.435,28.055,28.185,3460616,0
ALE,D,20260226,000000,28.5,28.625,27.235,27.9,6815277,0
ALE,D,20260227,000000,27.9,27.915,27.455,27.755,7104894,0
ALE,D,20260302,000000,27.29,27.45,26.825,27.115,2861874,0
ALE,D,20260303,000000,27,27.195,25.985,25.985,5498641,0
ALE,D,20260304,000000,26.28,26.415,25.845,26.245,8206241,0
ALE,D,20260305,000000,26.49,26.665,25.98,26.5,5834637,0
ALE,D,20260306,000000,27.8,28.45,27.275,28.055,12518184,0
ALE,D,20260309,000000,27.895,28.25,27.63,28,4697539,0
ALE,D,20260310,000000,28.82,28.85,28.09,28.205,3576144,0
ALE,D,20260311,000000,28.5,28.51,27.58,27.58,3684224,0
ALE,D,20260312,000000,28.85,29.16,27.84,27.985,6817580,0
ALE,D,20260313,000000,28,28.125,27.16,27.6,4436388,0
ALE,D,20260316,000000,27.6,27.705,27.12,27.25,4296605,0
ALE,D,20260317,000000,27.1,27.195,26.13,27,5487102,0
ALE,D,20260318,000000,27.17,27.525,26.9,26.9,4178726,0
ALE,D,20260319,000000,26.84,27.14,26.35,26.4,4819089,0
ALE,D,20260320,000000,26.74,26.765,25.92,26.195,6143692,0
ALE,D,20260323,000000,26,26.66,25.53,26.4,3154674,0
ALE,D,20260324,000000,26.31,26.4,25.725,25.725,2161625,0
ALE,D,20260325,000000,25.95,26.445,25.95,26.375,2631028,0
ALE,D,20260326,000000,26.375,26.78,26.25,26.625,2406613,0
ALE,D,20260327,000000,26.6,26.66,25.895,26.1,2301087,0
ALE,D,20260330,000000,26.3,26.46,25.78,25.84,2416442,0
ALE,D,20260331,000000,26,26.55,25.87,26.36,3422169,0
ALE,D,20260401,000000,26.88,27.11,26.36,26.595,2978376,0
ALE,D,20260402,000000,26.48,26.59,25.88,26.59,4786418,0
ALE,D,20260407,000000,26.59,27.26,26.29,26.37,3680263,0
ALE,D,20260408,000000,27.3,27.915,26.73,26.77,9281113,0
ALE,D,20260409,000000,25.76,27.255,25.76,27,16422716,0
ALE,D,20260410,000000,27,27.98,26.9,27.7,8734528,0
ALE,D,20260413,000000,27.56,28.03,27.365,27.79,11361682,0
ALE,D,20260414,000000,28.06,28.975,27.815,28.8,6535594,0
ALE,D,20260415,000000,28.925,29.96,28.8,29.725,11312259,0
ALE,D,20260416,000000,29.88,30.185,29.355,29.71,6921712,0
ALE,D,20260417,000000,29.855,30.76,29.7,30.68,6957317,0
ALE,D,20260420,000000,30.68,30.76,30.22,30.28,6427904,0
ALE,D,20260421,000000,30.8,30.8,30.28,30.345,3674951,0
ALE,D,20260422,000000,30.25,30.265,29.85,29.875,5002872,0
ALE,D,20260423,000000,29.8,30.41,29.62,30.015,4723103,0
ALE,D,20260424,000000,30.1,30.435,29.89,30.2,3839121,0
ALE,D,20260427,000000,30.3,30.6,30.1,30.365,2654640,0
ALE,D,20260428,000000,30.23,30.415,29.51,29.53,4502367,0
ALE,D,20260429,000000,29.54,30.145,29.42,29.99,4310507,0
ALE,D,20260430,000000,30.15,30.16,29.62,29.745,3282318,0
ALE,D,20260504,000000,30,30.35,29.685,29.82,2488061,0
ALE,D,20260505,000000,29.855,30.27,29.68,29.82,2381393,0
ALE,D,20260506,000000,30.05,31.48,30.05,30.98,6587215,0
ALE,D,20260507,000000,31.3,31.4,30.61,30.86,6425384,0
ALE,D,20260508,000000,30.75,30.84,29.8,29.835,4231692,0
ALE,D,20260511,000000,29.835,29.9,29.43,29.695,3106761,0
ALE,D,20260512,000000,29.81,29.81,28.79,28.795,4186635,0
ALE,D,20260513,000000,28.98,30.49,28.795,30.39,6335644,0
ALE,D,20260514,000000,31.3,31.38,30.24,30.67,8978057,0
ALE,D,20260515,000000,30.5,31,30.135,30.92,4002479,0
ALE,D,20260518,000000,30.4,32.14,30.29,31.835,5476287,0
ALE,D,20260519,000000,31.9,32.41,31.49,31.84,4674370,0
ALE,D,20260520,000000,31.745,32.52,31.51,32.27,2886795,0
ALE,D,20260521,000000,32.4,32.8,32.15,32.59,4287984,0
ALE,D,20260522,000000,32.78,33.94,32.745,33.615,7244764,0
ALE,D,20260525,000000,33.75,34.7,33.75,34.55,3040378,0
ALE,D,20260526,000000,34.5,34.6,34.185,34.35,5494908,0
ALE,D,20260527,000000,34.35,34.91,33.97,34.25,6464671,0
ALE,D,20260528,000000,33.945,34.525,33.665,34.205,6605051,0
ALE,D,20260529,000000,34.2,35.05,34.115,34.765,8529652,0
ALE,D,20260601,000000,34.66,34.9,34.22,34.36,3972310,0
ALE,D,20260602,000000,34.94,35.935,34.845,35.11,14450675,0
ALE,D,20260603,000000,35,35.79,34.92,35.34,5835318,0
ALE,D,20260605,000000,35.78,35.8,34.82,35.115,6002094,0
ALE,D,20260608,000000,34.7,34.775,33.8,34.445,3843359,0
ALE,D,20260609,000000,34.4,34.995,34.23,34.75,2482290,0
ALE,D,20260610,000000,34.63,34.955,34.175,34.63,2948567,0
ALE,D,20260611,000000,34.625,35.185,34.41,34.665,3472390,0
ALE,D,20260612,000000,34.945,35.69,34.285,34.415,3199903,0
ALE,D,20260615,000000,34.665,35.1,34.605,34.82,4615083,0
ALE,D,20260616,000000,35.935,37.68,35.13,37.53,50929127,0
ALE,D,20260617,000000,37.4,38.08,37.225,37.98,18101784,0
ALE,D,20260618,000000,37.96,38.7,37.82,38.495,18349060,0
ALE,D,20260619,000000,38.74,39.76,38.57,39.43,34546723,0
ALE,D,20260622,000000,39.45,39.475,38.295,38.555,7688170,0
ALE,D,20260623,000000,38,39.025,36.85,38.95,6627842,0
ALE,D,20260624,000000,38.525,38.81,37.32,37.32,10054035,0
ALE,D,20260625,000000,37.5,37.92,37.265,37.575,7551627,0
ALE,D,20260626,000000,37.99,38,36.43,37.195,7353317,0
ALE,D,20260629,000000,37,37.31,36.13,37.145,7871223,0
ALE,D,20260630,000000,37.19,37.815,36.85,37.815,8709456,0
ALE,D,20260701,000000,38,38.57,37.3,38.57,8700940,0
ALE,D,20260702,000000,38.57,38.895,37.88,38.73,6248131,0
ALE,D,20260703,000000,38.9,38.9,38.2,38.44,5475438,0
ALE,D,20260706,000000,38.5,39.09,38.285,38.8,4774751,0
ALE,D,20260707,000000,38.78,39.65,38.215,39.4,6293990,0
ALE,D,20260708,000000,39.165,39.86,38.68,39.7,6858822,0
ALE,D,20260709,000000,39.8,39.95,38.755,38.955,9468278,0
ALE,D,20260710,000000,38.955,39.95,38.955,39.83,5323700,0
ALE,D,20260713,000000,39.82,40.16,39.25,40,3840042,0
ALE,D,20260714,000000,41,43.98,40.58,43.925,14666287,0
ALE,D,20260715,000000,43.835,44.58,43.38,44.495,14358622,0
ALE,D,20260716,000000,44.315,44.52,43.86,44.37,11151470,0
ALE,D,20260717,000000,44.13,44.5,43.115,43.4,9042709,0
ALE,D,20260720,000000,43.215,44.11,42.93,44,6383480,0
ALE,D,20260721,000000,44.15,45.155,44.06,45.085,6909190,0
ALE,D,20260722,000000,45.085,45.49,44.745,45.08,6204268,0
ALE,D,20260723,000000,44.83,45.67,44.71,44.885,5824169,0
ALE,D,20260724,000000,44.6,45.085,44.4,44.735,4448791,0
ALE,D,20260727,000000,45,45.29,44.725,45,5405140,0
ALE,D,20260728,000000,44.925,45.01,44.4,45,7102948,0
ALE,D,20260729,000000,45,45.38,44.46,44.695,8554556,0
ALE,D,20260730,000000,44.7,45.15,44.2,45.115,6752522,0
ALE,D,20260731,000000,45.115,45.94,44.7,44.985,6478083,0
ALE,D,20260803,000000,44.98,45.325,44.35,44.39,4963699,0
ALE,D,20260804,000000,44.46,45.665,44.46,45.665,5172130,0
ALE,D,20260805,000000,45.625,46.165,44.915,45.155,5103736,0
ALE,D,20260806,000000,45.24,46.46,45.1,46.07,4147067,0
ALE,D,20260807,000000,46.07,46.565,45.815,46.205,2772580,0
ALE,D,20260810,000000,46.205,46.36,45.85,45.95,5100402,0
ALE,D,20260811,000000,45.95,47.05,45.95,46.85,4504382,0
ALE,D,20260812,000000,46.925,47.635,46.435,46.435,5465259,0
ALE,D,20260813,000000,46.565,46.84,46.02,46.41,3186407,0
ALE,D,20260814,000000,45.5,47.04,44.5,46.46,2475717,0
ALE,D,20260817,000000,46.46,46.46,44.775,45.065,3580794,0
ALE,D,20260818,000000,45,45.33,44.685,45.095,3855420,0
