<TICKER>,<PER>,<DATE>,<TIME>,<OPEN>,<HIGH>,<LOW>,<CLOSE>,<VOL>,<OPENINT>
ANR,D,20210108,000000,29.9,37.995,29,32.46,541406,0
ANR,D,20210111,000000,33.5,34.08,32,32.5,82546,0
ANR,D,20210112,000000,32.6,33,32.02,32.5,23713,0
ANR,D,20210113,000000,32.6,32.795,31.7,32.4,14875,0
ANR,D,20210114,000000,31.5,31.98,30.5,31.005,25737,0
ANR,D,20210115,000000,31.38,31.9,31.15,31.15,3964,0
ANR,D,20210118,000000,31,31,29.5,29.805,14024,0
ANR,D,20210119,000000,29.8,29.8,28.4,28.85,26561,0
ANR,D,20210120,000000,28.5,28.99,28.2,28.5,5100,0
ANR,D,20210121,000000,28.59,29.99,28.59,29.26,8002,0
ANR,D,20210122,000000,29.7,29.9,28.9,29.73,2493,0
ANR,D,20210125,000000,29.99,30.3,29.005,29.19,9803,0
ANR,D,20210126,000000,29.98,29.98,29.015,29.51,4780,0
ANR,D,20210127,000000,29.99,30.9,28.035,28.6,10607,0
ANR,D,20210128,000000,30.2,30.2,28.4,29.42,9089,0
ANR,D,20210129,000000,29.42,29.84,28,28.6,10264,0
ANR,D,20210201,000000,28.5,28.85,28.285,28.6,1668,0
ANR,D,20210202,000000,29,29,28.5,28.6,1996,0
ANR,D,20210203,000000,28.6,28.9,28.495,28.51,2146,0
ANR,D,20210204,000000,28.51,30.2,28.51,29.25,14316,0
ANR,D,20210205,000000,29.9,29.9,29.245,29.89,3041,0
ANR,D,20210208,000000,29.9,30.305,29.2,30.305,9871,0
ANR,D,20210209,000000,31.46,33.3,31.33,33.3,52229,0
ANR,D,20210210,000000,34.4,35.96,33.5,35.9,59007,0
ANR,D,20210211,000000,36.1,39.03,35.4,37.7,84960,0
ANR,D,20210212,000000,37.7,39.1,36.66,37,35619,0
ANR,D,20210215,000000,38.795,38.795,36.9,37.4,20413,0
ANR,D,20210216,000000,37.4,37.4,36.6,36.6,20057,0
ANR,D,20210217,000000,37,37,36.2,36.2,33112,0
ANR,D,20210218,000000,36.6,36.6,35.4,35.51,17072,0
ANR,D,20210219,000000,36.3,36.55,35.5,36.2,11224,0
ANR,D,20210222,000000,37.3,37.3,36.3,36.85,8797,0
ANR,D,20210223,000000,37,37,36.3,36.8,14080,0
ANR,D,20210224,000000,36.805,36.805,34,34.98,20931,0
ANR,D,20210225,000000,35,35,34,34.445,10840,0
ANR,D,20210226,000000,33.4,33.495,32.1,33.375,21444,0
ANR,D,20210301,000000,34,34.565,33.03,33.7,12195,0
ANR,D,20210302,000000,34.28,34.44,33.7,34.2,19083,0
ANR,D,20210303,000000,34.5,35.5,34.5,34.76,28856,0
ANR,D,20210304,000000,34.85,35.2,34.75,35.07,32671,0
ANR,D,20210305,000000,35.07,35.07,34.72,35,11827,0
ANR,D,20210308,000000,35.1,35.1,34.4,34.5,6709,0
ANR,D,20210309,000000,34.5,34.505,33,33.1,36984,0
ANR,D,20210310,000000,33.3,33.695,32.13,33.045,10247,0
ANR,D,20210311,000000,33.05,33.05,32.655,32.85,7269,0
ANR,D,20210312,000000,32.8,33.25,32.7,32.8,14127,0
ANR,D,20210315,000000,33,33.74,33,33.2,14627,0
ANR,D,20210316,000000,33.24,33.24,32.7,33,8764,0
ANR,D,20210317,000000,33,33.25,32.1,32.8,9778,0
ANR,D,20210318,000000,32.85,33.005,32.455,32.7,2571,0
ANR,D,20210319,000000,33,34.105,33,34,24459,0
ANR,D,20210322,000000,34,34.58,34,34.37,15504,0
ANR,D,20210323,000000,34.49,34.495,33.5,34.3,8971,0
ANR,D,20210324,000000,34.4,34.45,32.7,33.3,8006,0
ANR,D,20210325,000000,33.305,33.945,33.11,33.11,3567,0
ANR,D,20210326,000000,33.1,33.605,33.1,33.6,4045,0
ANR,D,20210329,000000,33.225,34,33.1,33.6,3986,0
ANR,D,20210330,000000,33.6,34.155,33.15,33.8,6883,0
ANR,D,20210331,000000,34,34,33.12,33.8,4734,0
ANR,D,20210401,000000,33.8,33.8,33.2,33.785,3103,0
ANR,D,20210406,000000,34,34,33.5,34,16034,0
ANR,D,20210407,000000,35.15,36.295,34.8,35.05,60861,0
ANR,D,20210408,000000,35.4,36,35.395,35.535,25403,0
ANR,D,20210409,000000,35.5,35.53,34.8,35.1,18564,0
ANR,D,20210412,000000,35.6,36.3,35.125,36,33674,0
ANR,D,20210413,000000,35.55,36.1,34.1,35.4,26657,0
ANR,D,20210414,000000,35.5,35.825,35,35.05,8742,0
ANR,D,20210415,000000,35,35.5,35,35.4,5488,0
ANR,D,20210416,000000,35.17,35.2,34.6,35.04,19963,0
ANR,D,20210419,000000,35.18,35.24,33.2,34.66,15694,0
ANR,D,20210420,000000,34.49,34.5,34.005,34.15,14752,0
ANR,D,20210421,000000,34.1,34.1,33.3,34.09,8384,0
ANR,D,20210422,000000,33.6,35.05,33.6,34.5,13347,0
ANR,D,20210423,000000,34,35.3,34,35.1,8542,0
ANR,D,20210426,000000,35.4,35.5,34.3,35.005,6094,0
ANR,D,20210427,000000,35.145,35.39,34.5,34.99,5233,0
ANR,D,20210428,000000,35,35.005,34.15,34.65,53918,0
ANR,D,20210429,000000,35,35,34.15,34.4,7130,0
ANR,D,20210430,000000,34.3,34.5,34.3,34.4,1993,0
ANR,D,20210504,000000,34.35,34.4,33.805,34.2,15485,0
ANR,D,20210505,000000,34.2,34.3,34,34.15,9604,0
ANR,D,20210506,000000,33.7,34,31.5,32.01,66963,0
ANR,D,20210507,000000,32.015,32.59,32.015,32.5,9909,0
ANR,D,20210510,000000,32.6,32.745,31.6,32.355,14098,0
ANR,D,20210511,000000,32.345,32.5,32.1,32.5,3593,0
ANR,D,20210512,000000,32.25,32.3,31.6,31.8,10127,0
ANR,D,20210513,000000,32,32,31.23,31.5,25413,0
ANR,D,20210514,000000,31.2,31.8,31.2,31.3,2875,0
ANR,D,20210517,000000,30.665,31.4,30.665,31.3,7199,0
ANR,D,20210518,000000,31.3,31.5,31.205,31.3,6216,0
ANR,D,20210519,000000,31.5,31.575,30.4,31,24144,0
ANR,D,20210520,000000,31,31.94,31,31.59,2496,0
ANR,D,20210521,000000,31.795,32,31.7,32,8411,0
ANR,D,20210524,000000,32,32.4,32,32.4,3474,0
ANR,D,20210525,000000,32.5,32.82,32.055,32.7,3614,0
ANR,D,20210526,000000,32.7,32.82,31.05,32,16880,0
ANR,D,20210527,000000,32.955,33.09,32,32.54,24805,0
ANR,D,20210528,000000,32.51,33,32.5,32.5,10150,0
ANR,D,20210531,000000,32.9,33.2,32.05,32.665,7168,0
ANR,D,20210601,000000,32.55,33.34,31.82,31.9,6990,0
ANR,D,20210602,000000,32,32.5,31.7,32.5,5941,0
ANR,D,20210604,000000,32.5,32.65,32.005,32.6,2681,0
ANR,D,20210607,000000,32,33.1,31,32.545,7314,0
ANR,D,20210608,000000,31.6,32.99,31.6,32.91,2930,0
ANR,D,20210609,000000,32.94,32.94,31.8,32.75,1317,0
ANR,D,20210610,000000,32.745,32.745,32.215,32.215,2799,0
ANR,D,20210611,000000,32,32.2,31.5,32,2357,0
ANR,D,20210614,000000,32,32.9,31.7,31.995,2315,0
ANR,D,20210615,000000,32.4,32.4,31.7,31.76,1561,0
ANR,D,20210616,000000,31.8,31.8,30.8,31,9384,0
ANR,D,20210617,000000,31.5,31.5,30.2,30.795,7726,0
ANR,D,20210618,000000,30.8,30.8,30.2,30.7,18658,0
ANR,D,20210621,000000,30.7,30.7,30.2,30.5,13573,0
ANR,D,20210622,000000,30.89,31.88,30.51,31.5,3432,0
ANR,D,20210623,000000,31.5,32,31.495,32,4602,0
ANR,D,20210624,000000,32,32,30.5,31.3,1612,0
ANR,D,20210625,000000,30.6,31.8,30.6,31.3,3085,0
ANR,D,20210628,000000,31.5,31.5,31,31.1,1505,0
ANR,D,20210629,000000,31.1,31.5,31,31.5,14762,0
ANR,D,20210630,000000,31.1,31.5,31.1,31.45,9461,0
ANR,D,20210701,000000,31.45,32,31.3,31.85,2228,0
ANR,D,20210702,000000,31.9,32.2,31.65,32,61413,0
ANR,D,20210705,000000,32,33.4,32,33.4,52853,0
ANR,D,20210706,000000,33.45,33.45,32.8,33,15609,0
ANR,D,20210707,000000,33,33,32.5,32.9,3392,0
ANR,D,20210708,000000,33,33.35,32.9,33.05,7105,0
ANR,D,20210709,000000,32.95,33.2,32,32.75,1544,0
ANR,D,20210712,000000,32.8,32.8,32.6,32.7,2446,0
ANR,D,20210713,000000,32.8,32.8,32.1,32.5,3108,0
ANR,D,20210714,000000,32.3,32.75,31.55,32.6,12713,0
ANR,D,20210715,000000,32.8,32.8,32,32.7,1235,0
ANR,D,20210716,000000,32.8,32.8,32.45,32.7,486,0
ANR,D,20210719,000000,32.2,32.45,31.6,32.1,5040,0
ANR,D,20210720,000000,31.6,32.15,31.6,32.1,3476,0
ANR,D,20210721,000000,32.1,32.1,31.6,31.8,44321,0
ANR,D,20210722,000000,31.6,32.2,31.6,31.9,1328,0
ANR,D,20210723,000000,31.9,31.9,31.5,31.65,802,0
ANR,D,20210726,000000,31.8,31.9,31.5,31.9,1026,0
ANR,D,20210727,000000,31.9,32.1,31.6,32.1,594,0
ANR,D,20210728,000000,32.1,32.2,31.7,32,1078,0
ANR,D,20210729,000000,32.1,33,31.65,32.7,11801,0
ANR,D,20210730,000000,33.05,33.85,32.7,33.65,32452,0
ANR,D,20210802,000000,33.85,33.9,33.35,33.45,6641,0
ANR,D,20210803,000000,33.5,33.9,33.3,33.4,4245,0
ANR,D,20210804,000000,33.4,34.1,33.4,33.8,15454,0
ANR,D,20210805,000000,33.8,34,33.7,33.85,5930,0
ANR,D,20210806,000000,34.25,34.55,33.9,34.55,11931,0
ANR,D,20210809,000000,34.85,36.2,34.8,36.1,62043,0
ANR,D,20210810,000000,36.15,36.9,36.15,36.75,21250,0
ANR,D,20210811,000000,36.95,38.1,36.85,38,52900,0
ANR,D,20210812,000000,38.1,38.8,35.9,37.7,53986,0
ANR,D,20210813,000000,37.7,38.1,37,37.55,18081,0
ANR,D,20210816,000000,38,38.4,37.5,37.7,23620,0
ANR,D,20210817,000000,38.35,38.4,37.7,37.75,9465,0
ANR,D,20210818,000000,37.8,38,37,37.5,11398,0
ANR,D,20210819,000000,37.5,37.5,37,37.3,12583,0
ANR,D,20210820,000000,37.15,37.25,37,37.1,4221,0
ANR,D,20210823,000000,37,37.5,37,37.05,5282,0
ANR,D,20210824,000000,37.15,37.5,37.15,37.4,4775,0
ANR,D,20210825,000000,37.45,37.6,37.3,37.5,7324,0
ANR,D,20210826,000000,37.5,37.5,37.35,37.35,2893,0
ANR,D,20210827,000000,37.3,37.6,37.1,37.1,5559,0
ANR,D,20210830,000000,37,37.5,37,37.45,4978,0
ANR,D,20210831,000000,37.7,37.7,37.3,37.5,6154,0
ANR,D,20210901,000000,37.5,37.7,37.45,37.55,5740,0
ANR,D,20210902,000000,37.5,37.7,37.1,37.4,9493,0
ANR,D,20210903,000000,37.3,37.75,37.1,37.5,11009,0
ANR,D,20210906,000000,37.55,37.6,37.05,37.2,22902,0
ANR,D,20210907,000000,37.8,37.8,36.6,37,7240,0
ANR,D,20210908,000000,37.1,37.1,36.3,36.6,7578,0
ANR,D,20210909,000000,36.95,36.95,36.15,36.7,4316,0
ANR,D,20210910,000000,36.5,36.7,36.35,36.5,8196,0
ANR,D,20210913,000000,34.25,35.9,31.3,35.65,47465,0
ANR,D,20210914,000000,35.35,35.4,34.4,35.2,10777,0
ANR,D,20210915,000000,35,35.1,34.4,34.8,4365,0
ANR,D,20210916,000000,34.7,35,33.9,34.3,12230,0
ANR,D,20210917,000000,34.15,35.5,34,34.7,16981,0
ANR,D,20210920,000000,35.45,35.45,33.7,33.8,11046,0
ANR,D,20210921,000000,33.7,34.6,33.5,34.1,4779,0
ANR,D,20210922,000000,35.15,35.4,34.75,35.4,4514,0
ANR,D,20210923,000000,35.8,36.25,33.9,35,23760,0
ANR,D,20210924,000000,35,35.45,33.9,35,5870,0
ANR,D,20210927,000000,34.25,35.2,34.25,34.45,3296,0
ANR,D,20210928,000000,34.4,34.4,34.2,34.2,2427,0
ANR,D,20210929,000000,34.05,34.5,34.05,34.15,2970,0
ANR,D,20210930,000000,34.8,35,34.05,34.85,17915,0
ANR,D,20211001,000000,34.3,34.95,34.2,34.95,3676,0
ANR,D,20211004,000000,35.15,35.9,35.05,35.7,12057,0
ANR,D,20211005,000000,35.9,35.9,34.35,35.8,8568,0
ANR,D,20211006,000000,36.3,36.8,35.05,35.5,11432,0
ANR,D,20211007,000000,35.5,36,35,35.5,7574,0
ANR,D,20211008,000000,36,36.3,35.25,35.9,8444,0
ANR,D,20211011,000000,35.9,36.3,35.85,36,2175,0
ANR,D,20211012,000000,36,36.2,35.25,35.3,7529,0
ANR,D,20211013,000000,35.5,36.2,35,35.45,9897,0
ANR,D,20211014,000000,35.6,35.9,35.2,35.45,10722,0
ANR,D,20211015,000000,35.75,35.75,34.95,35.2,4493,0
ANR,D,20211018,000000,35.2,35.2,34.65,34.9,17290,0
ANR,D,20211019,000000,35.5,35.7,34.25,34.85,53978,0
ANR,D,20211020,000000,34.9,34.9,33.9,34.3,4521,0
ANR,D,20211021,000000,34.3,34.3,32.4,34.3,19830,0
ANR,D,20211022,000000,33.4,34.6,33.35,34.55,25123,0
ANR,D,20211025,000000,34.8,36,34.6,36,19362,0
ANR,D,20211026,000000,36,36.2,35.55,36,12119,0
ANR,D,20211027,000000,36.1,36.1,35,35.2,2263,0
ANR,D,20211028,000000,34.8,35.75,33.8,35.75,12248,0
ANR,D,20211029,000000,35.7,35.85,34.1,35,16672,0
ANR,D,20211102,000000,35.45,35.5,34.5,35,4276,0
ANR,D,20211103,000000,34.95,34.95,33.85,34.8,3134,0
ANR,D,20211104,000000,34.35,34.95,34.35,34.5,2739,0
ANR,D,20211105,000000,34.1,34.85,34.1,34.65,1502,0
ANR,D,20211108,000000,35,35,34.7,34.95,4385,0
ANR,D,20211109,000000,34.8,34.9,33.2,34.2,3701,0
ANR,D,20211110,000000,34,34.55,33.7,33.95,2067,0
ANR,D,20211112,000000,34,34.5,33.3,33.3,7401,0
ANR,D,20211115,000000,33.2,34.25,33.2,33.7,7706,0
ANR,D,20211116,000000,33.7,34.9,33.7,34.55,58551,0
ANR,D,20211117,000000,34.9,34.9,33.95,34.8,1596,0
ANR,D,20211118,000000,34.8,34.8,33.6,34.5,4630,0
ANR,D,20211119,000000,34.2,34.6,33.3,34.25,6821,0
ANR,D,20211122,000000,33.4,33.5,33,33.5,10051,0
ANR,D,20211123,000000,33.3,33.35,33,33.15,6744,0
ANR,D,20211124,000000,33.1,33.4,33,33.15,3153,0
ANR,D,20211125,000000,33.45,33.45,32.95,33,6013,0
ANR,D,20211126,000000,32.5,33,31,33,17761,0
ANR,D,20211129,000000,32.15,32.35,30.7,31.9,16406,0
ANR,D,20211130,000000,31.85,34,30.4,33.65,34511,0
ANR,D,20211201,000000,33,34.3,32.85,34.2,4034,0
ANR,D,20211202,000000,34.3,34.3,33.1,33.45,3235,0
ANR,D,20211203,000000,34,34,33.15,33.75,3609,0
ANR,D,20211206,000000,33.8,33.8,32.3,33.4,15418,0
ANR,D,20211207,000000,33.4,33.4,32.6,33.15,1045,0
ANR,D,20211208,000000,33.5,33.8,32.7,33.8,5739,0
ANR,D,20211209,000000,33.7,33.7,33,33.4,25105,0
ANR,D,20211210,000000,33,33.75,33,33.75,2176,0
ANR,D,20211213,000000,33.8,33.8,32.9,33.45,5533,0
ANR,D,20211214,000000,33,33,32.5,32.65,13317,0
ANR,D,20211215,000000,32.65,32.95,31.8,32.8,24070,0
ANR,D,20211216,000000,32.7,32.7,32.05,32.25,21985,0
ANR,D,20211217,000000,32.6,32.6,31.55,31.95,2901,0
ANR,D,20211220,000000,31.5,31.5,31.05,31.2,6821,0
ANR,D,20211221,000000,31.15,31.2,30.5,30.9,5623,0
ANR,D,20211222,000000,31.5,31.5,30.7,31.3,5249,0
ANR,D,20211223,000000,31.15,31.2,29.7,30.7,33577,0
ANR,D,20211227,000000,30.5,30.5,29.5,30,14591,0
ANR,D,20211228,000000,30,30.5,29.8,29.8,17085,0
ANR,D,20211229,000000,30,32,29.8,32,13864,0
ANR,D,20211230,000000,31.5,31.8,31.1,31.1,7596,0
ANR,D,20220103,000000,31.1,33.2,31.1,33,7904,0
ANR,D,20220104,000000,33,33,32,32.85,1691,0
ANR,D,20220105,000000,33.4,34.45,33.4,33.6,22863,0
ANR,D,20220107,000000,34.45,34.45,33,33.3,15008,0
ANR,D,20220110,000000,33.75,34,33.35,33.95,8256,0
ANR,D,20220111,000000,33.95,34.3,33.85,34.25,6390,0
ANR,D,20220112,000000,34.4,34.4,33.65,33.9,2710,0
ANR,D,20220113,000000,33.9,34,33.65,33.9,2056,0
ANR,D,20220114,000000,33.8,34,33.5,34,3885,0
ANR,D,20220117,000000,34,35,34,34.9,14452,0
ANR,D,20220118,000000,34.9,35.3,34,34.25,18443,0
ANR,D,20220119,000000,34.1,34.1,33.15,33.9,8328,0
ANR,D,20220120,000000,33.95,34,33,33.45,12968,0
ANR,D,20220121,000000,33.5,33.5,32.25,32.3,6420,0
ANR,D,20220124,000000,32.55,32.6,30,30.1,18722,0
ANR,D,20220125,000000,30.1,32,30.1,31.5,11902,0
ANR,D,20220126,000000,31.9,31.95,31.5,31.85,6670,0
ANR,D,20220127,000000,31.85,31.85,31.4,31.6,4280,0
ANR,D,20220128,000000,31.8,31.8,30.1,30.5,28157,0
ANR,D,20220131,000000,31,31.5,30,30.25,13173,0
ANR,D,20220201,000000,30.4,30.55,30.1,30.45,10464,0
ANR,D,20220202,000000,30.7,31.95,30.7,31.7,5632,0
ANR,D,20220203,000000,31.7,32.7,31.05,31.5,12713,0
ANR,D,20220204,000000,31.5,31.6,31.35,31.35,7099,0
ANR,D,20220207,000000,31.55,31.55,31,31.35,6981,0
ANR,D,20220208,000000,31.35,31.55,30.1,31,9211,0
ANR,D,20220209,000000,31,31,30.2,30.8,6900,0
ANR,D,20220210,000000,30.9,31.4,30.8,31.25,8711,0
ANR,D,20220211,000000,31.4,32,30.8,31.8,8876,0
ANR,D,20220214,000000,31.55,31.55,30.2,30.85,9338,0
ANR,D,20220215,000000,30.85,31,30.4,30.85,7039,0
ANR,D,20220216,000000,30.85,30.9,30.45,30.8,3599,0
ANR,D,20220217,000000,30.6,30.65,29.6,29.6,14268,0
ANR,D,20220218,000000,29.6,31.2,28.55,29,12909,0
ANR,D,20220221,000000,28.7,29.8,28.25,28.9,7678,0
ANR,D,20220222,000000,28.2,29,27,29,17556,0
ANR,D,20220223,000000,29.1,29.1,27.5,28,9300,0
ANR,D,20220224,000000,23.8,26.5,23.7,24,29589,0
ANR,D,20220225,000000,24,26.55,23.4,26.2,36021,0
ANR,D,20220228,000000,25.75,26.55,24,26,20002,0
ANR,D,20220301,000000,26.55,26.55,25.05,25.8,6062,0
ANR,D,20220302,000000,25.5,25.6,24,25.5,8275,0
ANR,D,20220303,000000,24.35,25.5,24.3,25.4,4453,0
ANR,D,20220304,000000,25.6,25.6,24.15,24.4,5109,0
ANR,D,20220307,000000,24.2,24.2,22.05,23,16714,0
ANR,D,20220308,000000,23.4,23.4,22.4,22.85,8450,0
ANR,D,20220309,000000,23.2,23.6,22.5,23.2,14901,0
ANR,D,20220310,000000,23.45,24.9,23.1,23.9,7035,0
ANR,D,20220311,000000,24.5,24.5,23.7,24.15,12167,0
ANR,D,20220314,000000,24.15,24.65,23.3,23.6,5816,0
ANR,D,20220315,000000,23.6,23.65,23,23.65,6169,0
ANR,D,20220316,000000,24.3,24.3,23.2,24.1,28134,0
ANR,D,20220317,000000,24.5,25.65,24,25.35,38691,0
ANR,D,20220318,000000,25.9,25.9,25.25,25.4,15388,0
ANR,D,20220321,000000,25.95,26.45,25.55,25.85,6482,0
ANR,D,20220322,000000,26.5,26.5,25.65,25.85,2409,0
ANR,D,20220323,000000,26.25,26.25,25.2,25.4,9599,0
ANR,D,20220324,000000,25.9,25.9,25.3,25.4,7548,0
ANR,D,20220325,000000,25.6,26.1,25.3,25.5,15466,0
ANR,D,20220328,000000,26.5,26.5,25.5,26,11285,0
ANR,D,20220329,000000,27.5,27.9,25.95,26.4,45227,0
ANR,D,20220330,000000,26.4,26.4,25.1,26,47329,0
ANR,D,20220331,000000,26.3,26.9,26,26.5,7112,0
ANR,D,20220401,000000,26.7,26.85,26.2,26.85,2935,0
ANR,D,20220404,000000,26.85,26.85,26.1,26.5,4946,0
ANR,D,20220405,000000,26.4,26.4,25.8,25.95,2783,0
ANR,D,20220406,000000,26.6,26.7,25.75,25.85,30453,0
ANR,D,20220407,000000,26,26,25.1,25.95,5404,0
ANR,D,20220408,000000,26,26,25.15,26,4353,0
ANR,D,20220411,000000,26,26.5,25.6,25.7,6152,0
ANR,D,20220412,000000,26.45,26.85,25.8,26.5,9121,0
ANR,D,20220413,000000,26.55,26.55,25.9,26.3,4290,0
ANR,D,20220414,000000,26.4,26.4,24.6,25.7,8353,0
ANR,D,20220419,000000,25.7,26.25,25.4,25.8,7289,0
ANR,D,20220420,000000,26,26.2,25.8,25.85,4426,0
ANR,D,20220421,000000,26,26,25.55,25.55,2518,0
ANR,D,20220422,000000,25.95,25.95,24.7,25.5,2709,0
ANR,D,20220425,000000,25,25.5,24.7,25.1,4366,0
ANR,D,20220426,000000,25.1,25.55,25.1,25.2,5146,0
ANR,D,20220427,000000,24.9,24.95,24.25,24.6,3853,0
ANR,D,20220428,000000,24.95,24.95,24,24.5,1398,0
ANR,D,20220429,000000,24.05,24.25,23.5,23.9,4862,0
ANR,D,20220502,000000,24.2,24.2,23.6,23.6,897,0
ANR,D,20220504,000000,23.4,24.6,23.35,24.6,2780,0
ANR,D,20220505,000000,24.65,26,24.25,25,4883,0
ANR,D,20220506,000000,25,25,23,23.55,3914,0
ANR,D,20220509,000000,23.9,23.9,22.35,22.35,5122,0
ANR,D,20220510,000000,22.7,23.4,22.4,23,4617,0
ANR,D,20220511,000000,23.45,23.45,22.05,22.6,3073,0
ANR,D,20220512,000000,22.55,22.55,22,22.25,2022,0
ANR,D,20220513,000000,22.5,23,22,23,1580,0
ANR,D,20220516,000000,23.55,23.6,22.7,23.25,1406,0
ANR,D,20220517,000000,24.3,24.7,23.35,23.85,5833,0
ANR,D,20220518,000000,24.4,24.4,23.95,23.95,1763,0
ANR,D,20220519,000000,21.7,21.7,19.7,20.1,83315,0
ANR,D,20220520,000000,20.7,20.7,20.1,20.65,18445,0
ANR,D,20220523,000000,20.9,20.9,19.7,19.8,11368,0
ANR,D,20220524,000000,19.88,19.88,18.88,19.26,9234,0
ANR,D,20220525,000000,19.26,19.34,19.08,19.34,3731,0
ANR,D,20220526,000000,19.22,19.34,19.02,19.34,4068,0
ANR,D,20220527,000000,19.5,19.8,19.3,19.8,2957,0
ANR,D,20220530,000000,19.9,20,19.3,19.68,5386,0
ANR,D,20220531,000000,19.42,20.15,19.4,20.15,4699,0
ANR,D,20220601,000000,20.25,20.3,19.8,19.96,5673,0
ANR,D,20220602,000000,19.96,19.96,19.8,19.96,1578,0
ANR,D,20220603,000000,19.84,20.1,19.72,20.1,3351,0
ANR,D,20220606,000000,20.2,20.3,19.82,20,1613,0
ANR,D,20220607,000000,19.94,20.05,19.9,20,5890,0
ANR,D,20220608,000000,20.05,20.05,19.5,19.72,759,0
ANR,D,20220609,000000,19.96,19.96,18.56,19,5452,0
ANR,D,20220610,000000,19.1,19.1,18.74,18.86,876,0
ANR,D,20220613,000000,18.9,18.9,17.36,17.44,9100,0
ANR,D,20220614,000000,17.5,17.8,16,16.06,22385,0
ANR,D,20220615,000000,16.4,17.3,16.3,17.1,4898,0
ANR,D,20220617,000000,17.26,17.46,16.32,16.32,6362,0
ANR,D,20220620,000000,17,17.14,16.5,16.96,4251,0
ANR,D,20220621,000000,17.14,17.46,16.8,16.84,5593,0
ANR,D,20220622,000000,16.98,17,16.1,16.84,5606,0
ANR,D,20220623,000000,16.84,17.44,16.62,17.18,3177,0
ANR,D,20220624,000000,17.38,17.38,16.7,16.7,6471,0
ANR,D,20220627,000000,17.16,17.16,16.5,16.64,7353,0
ANR,D,20220628,000000,17.12,17.12,16.42,16.42,12107,0
ANR,D,20220629,000000,16.42,16.42,16,16.38,8773,0
ANR,D,20220630,000000,16.38,16.38,15.9,16,6029,0
ANR,D,20220701,000000,16.1,16.82,16.1,16.32,8861,0
ANR,D,20220704,000000,16.48,16.74,16.44,16.5,7055,0
ANR,D,20220705,000000,16.92,17.3,16.6,17,10507,0
ANR,D,20220706,000000,17.68,19.1,17.68,19.06,15196,0
ANR,D,20220707,000000,19.4,19.4,18.54,18.8,6634,0
ANR,D,20220708,000000,19,19,18,18.82,5265,0
ANR,D,20220711,000000,18.9,19.8,18.9,19.08,2977,0
ANR,D,20220712,000000,19.1,19.1,18.7,18.7,11992,0
ANR,D,20220713,000000,19.1,19.1,18.02,18.02,5114,0
ANR,D,20220714,000000,18.02,18.34,17.74,17.82,1614,0
ANR,D,20220715,000000,18,18.5,17.74,18.5,1933,0
ANR,D,20220718,000000,18.4,18.48,17.52,18.4,9007,0
ANR,D,20220719,000000,18.4,18.4,17.6,18.26,1451,0
ANR,D,20220720,000000,18.24,18.24,17.98,18.12,1454,0
ANR,D,20220721,000000,18,18.48,18,18.48,1867,0
ANR,D,20220722,000000,18.5,18.5,18,18.48,5029,0
ANR,D,20220725,000000,18.6,18.6,18.3,18.4,4794,0
ANR,D,20220726,000000,18.4,18.48,18.1,18.48,2937,0
ANR,D,20220727,000000,18.4,18.4,17.82,18.12,1979,0
ANR,D,20220728,000000,18.14,18.34,18.14,18.3,23961,0
ANR,D,20220729,000000,18.32,18.4,18.3,18.4,1619,0
ANR,D,20220801,000000,18.34,18.5,18.26,18.46,3869,0
ANR,D,20220802,000000,18.5,18.56,18.3,18.34,8813,0
ANR,D,20220803,000000,18.5,18.5,18.08,18.1,2835,0
ANR,D,20220804,000000,18.3,18.7,18.24,18.6,2457,0
ANR,D,20220805,000000,18.48,18.5,18.2,18.2,7544,0
ANR,D,20220808,000000,18.4,18.94,18.22,18.22,9064,0
ANR,D,20220809,000000,18.3,18.9,18.14,18.28,13199,0
ANR,D,20220810,000000,18.5,18.5,18.28,18.3,7540,0
ANR,D,20220811,000000,18.4,18.4,18.26,18.4,16648,0
ANR,D,20220812,000000,18.4,18.4,18.22,18.22,3832,0
ANR,D,20220816,000000,18.4,18.4,18.14,18.2,122753,0
ANR,D,20220817,000000,18.2,18.86,18.2,18.44,2287,0
ANR,D,20220818,000000,18.48,19.64,18.48,18.9,5476,0
ANR,D,20220819,000000,18.9,18.9,18.5,18.54,2273,0
ANR,D,20220822,000000,18.3,18.56,17.86,18,8321,0
ANR,D,20220823,000000,17.8,17.96,17,17.5,15206,0
ANR,D,20220824,000000,17.5,17.76,17.3,17.52,2123,0
ANR,D,20220825,000000,17.52,17.6,16.98,17.48,9549,0
ANR,D,20220826,000000,17.3,17.48,17.14,17.42,2381,0
ANR,D,20220829,000000,17.38,17.38,16.92,17,2246,0
ANR,D,20220830,000000,17.26,17.48,16.26,16.98,20472,0
ANR,D,20220831,000000,16.5,17.04,16.5,16.72,2146,0
ANR,D,20220901,000000,17.08,17.4,16.72,17.4,3461,0
ANR,D,20220902,000000,17.3,17.9,17.14,17.9,2568,0
ANR,D,20220905,000000,18,18,17.38,17.9,2028,0
ANR,D,20220906,000000,17.88,17.9,17.46,17.46,2126,0
ANR,D,20220907,000000,17.7,17.74,17.52,17.7,1337,0
ANR,D,20220908,000000,17.8,17.9,17.62,17.7,2961,0
ANR,D,20220909,000000,17.94,18.18,17.8,18.08,6302,0
ANR,D,20220912,000000,18.28,19.36,18,19.2,13270,0
ANR,D,20220913,000000,20,20,18.6,18.9,60700,0
ANR,D,20220914,000000,19.16,19.8,18.3,18.52,8801,0
ANR,D,20220915,000000,18.88,18.88,18.42,18.52,2814,0
ANR,D,20220916,000000,18.42,18.62,18.36,18.4,3670,0
ANR,D,20220919,000000,18.58,18.58,17.52,18.3,8549,0
ANR,D,20220920,000000,18.3,18.32,17.56,17.8,5604,0
ANR,D,20220921,000000,17.74,18.16,17.7,18,3729,0
ANR,D,20220922,000000,17.8,18.38,17.8,18.24,3468,0
ANR,D,20220923,000000,18.4,18.4,17.72,17.98,6056,0
ANR,D,20220926,000000,17.9,17.9,17,17.68,7150,0
ANR,D,20220927,000000,17.88,17.88,17.4,17.74,1460,0
ANR,D,20220928,000000,17.68,17.68,17,17.6,3518,0
ANR,D,20220929,000000,17.6,17.66,17.18,17.5,11234,0
ANR,D,20220930,000000,17.6,17.6,17.02,17.6,3326,0
ANR,D,20221003,000000,17.6,18.68,17.48,18.5,1521,0
ANR,D,20221004,000000,18.5,18.7,18.08,18.62,921,0
ANR,D,20221005,000000,18.62,18.64,18.02,18.42,865,0
ANR,D,20221006,000000,18.9,19.8,18.9,19.64,30337,0
ANR,D,20221007,000000,19.6,20.6,19.34,20,9460,0
ANR,D,20221010,000000,20,20.25,19.34,19.88,3112,0
ANR,D,20221011,000000,19.96,19.96,19.3,19.7,2955,0
ANR,D,20221012,000000,19.7,19.9,19.34,19.62,2444,0
ANR,D,20221013,000000,19.64,20.1,19.64,19.68,7583,0
ANR,D,20221014,000000,19.46,20.1,19.46,20,6245,0
ANR,D,20221017,000000,20.1,20.2,19.6,20,3667,0
ANR,D,20221018,000000,20.1,20.1,19.68,20,3665,0
ANR,D,20221019,000000,19.96,19.96,19.54,19.54,7171,0
ANR,D,20221020,000000,19.54,19.94,19.52,19.94,1706,0
ANR,D,20221021,000000,19.94,19.94,19.56,19.7,1134,0
ANR,D,20221024,000000,19.88,19.88,19.3,19.8,973,0
ANR,D,20221025,000000,19.88,19.88,19.24,19.68,2352,0
ANR,D,20221026,000000,19.7,19.7,19.4,19.68,2009,0
ANR,D,20221027,000000,19.36,19.4,19.2,19.4,1366,0
ANR,D,20221028,000000,19.26,19.8,19.26,19.7,4520,0
ANR,D,20221031,000000,19.7,19.7,19.5,19.66,791,0
ANR,D,20221102,000000,19.6,20.95,19.5,20.95,19231,0
ANR,D,20221103,000000,20.95,21.5,20.55,21.3,1731,0
ANR,D,20221104,000000,21.4,21.45,20.8,21.3,9755,0
ANR,D,20221107,000000,21.35,22.25,21.35,21.65,56600,0
ANR,D,20221108,000000,21.5,22.2,21.45,22.15,11186,0
ANR,D,20221109,000000,22.4,22.6,21.75,22,5627,0
ANR,D,20221110,000000,21.75,22.5,21.7,21.9,5378,0
ANR,D,20221114,000000,22,22.7,21.9,22.7,16229,0
ANR,D,20221115,000000,22.75,23.4,22.2,23.4,4222,0
ANR,D,20221116,000000,23,24,23,23.95,4937,0
ANR,D,20221117,000000,24,24,23.55,23.85,7089,0
ANR,D,20221118,000000,23,23.65,22.2,23.3,31746,0
ANR,D,20221121,000000,23.9,23.95,23.3,23.45,14357,0
ANR,D,20221122,000000,23.8,23.8,23,23.5,9165,0
ANR,D,20221123,000000,23.7,23.7,22.9,22.9,4155,0
ANR,D,20221124,000000,22.8,22.95,22.65,22.8,3841,0
ANR,D,20221125,000000,23.15,23.15,21.9,22.85,6601,0
ANR,D,20221128,000000,22.85,23.7,22.8,22.9,5610,0
ANR,D,20221129,000000,22.9,23.1,22.8,23.1,4923,0
ANR,D,20221130,000000,22.9,23.3,22.9,23.2,2048,0
ANR,D,20221201,000000,23.2,23.65,23.1,23.1,4004,0
ANR,D,20221202,000000,23.65,23.65,23,23.6,5897,0
ANR,D,20221205,000000,23.35,24.3,23.3,23.95,13799,0
ANR,D,20221206,000000,23.95,24.1,23.6,23.95,5462,0
ANR,D,20221207,000000,23.8,24,23.7,24,3476,0
ANR,D,20221208,000000,24,24,23.6,24,7156,0
ANR,D,20221209,000000,24.05,24.05,23.6,23.85,3064,0
ANR,D,20221212,000000,23.9,24.05,23.8,23.9,5359,0
ANR,D,20221213,000000,24.1,24.15,23.4,24.1,9919,0
ANR,D,20221214,000000,24.05,24.5,23.95,24,10981,0
ANR,D,20221215,000000,24,24,23.55,23.8,4066,0
ANR,D,20221216,000000,23.8,23.8,23.35,23.65,1113,0
ANR,D,20221219,000000,23.7,24.1,23.7,24.1,4015,0
ANR,D,20221220,000000,23.8,25.7,23.8,25.45,13167,0
ANR,D,20221221,000000,26,26.6,25.65,26.25,9943,0
ANR,D,20221222,000000,26.3,26.5,25.8,26.05,10894,0
ANR,D,20221223,000000,26.05,27.7,26.05,27.4,20972,0
ANR,D,20221227,000000,26.4,26.75,26.2,26.4,5513,0
ANR,D,20221228,000000,26.6,26.6,25.3,25.85,8772,0
ANR,D,20221229,000000,27.15,27.65,26.45,26.6,8924,0
ANR,D,20221230,000000,26.7,27.4,26.65,26.75,4959,0
ANR,D,20230102,000000,27.15,27.3,26.3,27,3990,0
ANR,D,20230103,000000,27.35,27.4,26.5,26.9,6975,0
ANR,D,20230104,000000,26.9,27.25,26.9,27.2,34717,0
ANR,D,20230105,000000,27.3,28.5,27.3,28.4,27468,0
ANR,D,20230109,000000,28.5,28.9,28.4,28.4,14255,0
ANR,D,20230110,000000,28.5,28.95,27.5,28.15,7804,0
ANR,D,20230111,000000,28.2,28.5,27.6,27.7,8242,0
ANR,D,20230112,000000,27.7,28.4,27.55,28,4299,0
ANR,D,20230113,000000,27.65,28.45,27.55,27.65,5559,0
ANR,D,20230116,000000,28,28.4,26.65,27.7,9708,0
ANR,D,20230117,000000,28.25,28.3,27.75,28.2,3929,0
ANR,D,20230118,000000,28.2,29.9,28.2,29.6,17025,0
ANR,D,20230119,000000,29.6,29.8,28.55,29,4348,0
ANR,D,20230120,000000,29,29.6,29,29.25,7907,0
ANR,D,20230123,000000,29.45,30,29.1,29.75,7979,0
ANR,D,20230124,000000,29.6,30.4,29,29.5,9585,0
ANR,D,20230125,000000,29.5,29.7,29,29.35,7444,0
ANR,D,20230126,000000,29.1,29.6,29,29.3,3733,0
ANR,D,20230127,000000,29.3,29.85,29.3,29.35,2420,0
ANR,D,20230130,000000,29.35,30,29.35,29.8,3755,0
ANR,D,20230131,000000,29.9,30,29,29.1,6091,0
ANR,D,20230201,000000,29.1,29.75,29,29,10672,0
ANR,D,20230202,000000,29.3,29.75,28.65,28.9,6056,0
ANR,D,20230203,000000,29,29.2,27.2,28.8,9195,0
ANR,D,20230206,000000,28,28.8,27.5,28,7749,0
ANR,D,20230207,000000,28.15,28.45,28.05,28.4,2684,0
ANR,D,20230208,000000,28.45,29.05,28.45,28.9,13861,0
ANR,D,20230209,000000,28.65,29.25,28.5,29.15,4067,0
ANR,D,20230210,000000,29.5,30,28.6,28.65,24273,0
ANR,D,20230213,000000,29.05,30.1,27.2,29,18905,0
ANR,D,20230214,000000,29,29.1,28.35,29,1669,0
ANR,D,20230215,000000,29.25,29.25,28.4,29,1375,0
ANR,D,20230216,000000,28.9,29,28.3,28.8,652,0
ANR,D,20230217,000000,28.8,28.8,28,28.4,2666,0
ANR,D,20230220,000000,28.4,28.6,28,28.55,2127,0
ANR,D,20230221,000000,28,28.3,27.7,28.3,3035,0
ANR,D,20230222,000000,28.35,28.35,27,27.55,7492,0
ANR,D,20230223,000000,27.25,27.8,27.25,27.55,1019,0
ANR,D,20230224,000000,27.6,28.3,27.25,27.8,1214,0
ANR,D,20230227,000000,28.4,28.55,27.15,28.55,1316,0
ANR,D,20230228,000000,28.5,28.5,27.7,27.7,3805,0
ANR,D,20230301,000000,27.55,28.55,27.15,27.6,7465,0
ANR,D,20230302,000000,27.2,27.85,27.2,27.55,3237,0
ANR,D,20230303,000000,27.55,27.55,27.4,27.5,1376,0
ANR,D,20230306,000000,27.5,28,27.3,27.55,7855,0
ANR,D,20230307,000000,27.6,27.95,27.45,27.75,6751,0
ANR,D,20230308,000000,27.75,28,27.4,28,4141,0
ANR,D,20230309,000000,28,28.4,27.45,27.45,6194,0
ANR,D,20230310,000000,27.5,28.25,27.4,28.15,4367,0
ANR,D,20230313,000000,27.5,27.95,27.3,27.9,6952,0
ANR,D,20230314,000000,27.5,28.9,27.4,28.9,11431,0
ANR,D,20230315,000000,28.9,28.9,27.65,27.65,5204,0
ANR,D,20230316,000000,27.6,28.05,27.2,27.9,7565,0
ANR,D,20230317,000000,27.9,28.5,27.8,28.5,2693,0
ANR,D,20230320,000000,28.05,29.3,28.05,28.9,5979,0
ANR,D,20230321,000000,29.55,29.8,28.5,29.4,3080,0
ANR,D,20230322,000000,29.4,29.45,28.8,29,1434,0
ANR,D,20230323,000000,29,29,28.8,28.8,6887,0
ANR,D,20230324,000000,28.8,29.1,28.8,29,6385,0
ANR,D,20230327,000000,29,30,29,29.95,9938,0
ANR,D,20230328,000000,30,31.35,30,31,19550,0
ANR,D,20230329,000000,31.1,31.9,30.85,31.45,10731,0
ANR,D,20230330,000000,31.5,31.9,29.1,30.65,55139,0
ANR,D,20230331,000000,30.4,30.75,30.15,30.4,1666,0
ANR,D,20230403,000000,30.4,32,30,31.95,57028,0
ANR,D,20230404,000000,32,33.5,31.8,33.5,27250,0
ANR,D,20230405,000000,33.95,35.4,33.1,35.2,47523,0
ANR,D,20230406,000000,35.3,35.7,34.5,34.95,21187,0
ANR,D,20230411,000000,34.95,34.95,33.4,34.45,15506,0
ANR,D,20230412,000000,34.6,34.85,33.35,34,6092,0
ANR,D,20230413,000000,33.7,34.15,33.55,33.9,5496,0
ANR,D,20230414,000000,33.9,33.95,33.15,33.9,2688,0
ANR,D,20230417,000000,34.2,34.25,33.55,33.95,7755,0
ANR,D,20230418,000000,34,34.2,33.4,33.85,5820,0
ANR,D,20230419,000000,33.8,34.8,33.5,34.75,10510,0
ANR,D,20230420,000000,33.9,35.8,33.9,35.5,7620,0
ANR,D,20230421,000000,35,35.5,34.7,35.5,2434,0
ANR,D,20230424,000000,35,37,35,35.5,12732,0
ANR,D,20230425,000000,35.5,35.8,34.4,35,5451,0
ANR,D,20230426,000000,34.4,35.5,34.1,34.2,3446,0
ANR,D,20230427,000000,34.1,35.4,33.2,34.8,13699,0
ANR,D,20230428,000000,34.8,35.6,34.3,35.5,8945,0
ANR,D,20230502,000000,35.5,35.5,34.4,34.7,2764,0
ANR,D,20230504,000000,34.7,35.2,34.4,34.9,955,0
ANR,D,20230505,000000,34.9,34.9,34,34.3,5947,0
ANR,D,20230508,000000,34.5,36.2,34.5,35,8000,0
ANR,D,20230509,000000,35,36.8,35,35.8,17924,0
ANR,D,20230510,000000,36.2,36.4,35.5,35.5,1967,0
ANR,D,20230511,000000,35.5,36.4,35.5,36.2,3094,0
ANR,D,20230512,000000,35.9,36.1,34.8,35.4,2763,0
ANR,D,20230515,000000,35.6,36,35.4,35.6,2139,0
ANR,D,20230516,000000,35.6,35.8,35.6,35.8,3441,0
ANR,D,20230517,000000,35.7,36,35.5,35.5,971,0
ANR,D,20230518,000000,35.6,36.5,35.6,35.9,7754,0
ANR,D,20230519,000000,36.2,36.9,36,36.9,9179,0
ANR,D,20230522,000000,37,37.3,36.9,37.1,10577,0
ANR,D,20230523,000000,37.1,37.6,36.9,37.1,6985,0
ANR,D,20230524,000000,36.9,37,33.3,35.8,53250,0
ANR,D,20230525,000000,35,37.6,34.9,37.3,25060,0
ANR,D,20230526,000000,37.4,37.5,37,37.1,6412,0
ANR,D,20230529,000000,37,37.5,37,37.2,5338,0
ANR,D,20230530,000000,37,37.5,37,37.4,5781,0
ANR,D,20230531,000000,37.1,37.1,36.2,36.2,10825,0
ANR,D,20230601,000000,36.6,36.6,33.8,34,18829,0
ANR,D,20230602,000000,34.5,35.8,34.1,34.6,9593,0
ANR,D,20230605,000000,35.7,35.7,34.4,34.7,3460,0
ANR,D,20230606,000000,34.9,35,33.7,33.9,4183,0
ANR,D,20230607,000000,34.1,35,33.9,34.3,7027,0
ANR,D,20230609,000000,34.6,34.7,34.3,34.5,2154,0
ANR,D,20230612,000000,34.5,34.7,34.4,34.7,584,0
ANR,D,20230613,000000,34.6,35,34.5,34.6,3103,0
ANR,D,20230614,000000,34.6,35,34.3,34.3,3319,0
ANR,D,20230615,000000,34.3,35,34.3,34.5,3985,0
ANR,D,20230616,000000,34.5,34.8,34.3,34.4,1948,0
ANR,D,20230619,000000,34.4,35,34.3,35,5814,0
ANR,D,20230620,000000,35,35,34.3,34.9,3736,0
ANR,D,20230621,000000,34.3,34.8,34.3,34.8,2204,0
ANR,D,20230622,000000,34.6,34.7,34.4,34.6,2795,0
ANR,D,20230623,000000,34.6,34.6,33.8,33.9,3038,0
ANR,D,20230626,000000,33.9,33.9,31.8,32,22704,0
ANR,D,20230627,000000,31.8,31.8,30.8,31.5,20250,0
ANR,D,20230628,000000,31.6,33,31.6,32,9397,0
ANR,D,20230629,000000,32.1,33,32,33,3195,0
ANR,D,20230630,000000,32.3,33.1,32.3,33.1,987,0
ANR,D,20230703,000000,33,33.4,32.9,33.3,3717,0
ANR,D,20230704,000000,33.4,35.4,33.4,34.9,31664,0
ANR,D,20230705,000000,34.8,35.5,34.1,34.9,16562,0
ANR,D,20230706,000000,35.6,37.2,35.6,36.6,27585,0
ANR,D,20230707,000000,37,37,36.2,36.8,6097,0
ANR,D,20230710,000000,36.9,37,35.3,35.6,10959,0
ANR,D,20230711,000000,36,36.1,35.7,36.1,6236,0
ANR,D,20230712,000000,36.1,36.5,35.9,36.4,3590,0
ANR,D,20230713,000000,36.2,36.9,35.9,36.9,5044,0
ANR,D,20230714,000000,36.9,36.9,36,36.8,10968,0
ANR,D,20230717,000000,36.9,36.9,36.1,36.2,3879,0
ANR,D,20230718,000000,36.1,36.7,36.1,36.5,3457,0
ANR,D,20230719,000000,36.5,37,36.5,36.6,4120,0
ANR,D,20230720,000000,36.7,38.4,36.6,37.9,20369,0
ANR,D,20230721,000000,37.8,37.9,37.3,37.8,25738,0
ANR,D,20230724,000000,37.5,38.1,37.5,38.1,6296,0
ANR,D,20230725,000000,38.4,38.4,34.6,37,15210,0
ANR,D,20230726,000000,37,37.3,36.5,36.7,2501,0
ANR,D,20230727,000000,36.9,37,36.5,36.9,1233,0
ANR,D,20230728,000000,36.6,36.9,35.6,35.9,7549,0
ANR,D,20230731,000000,35.9,36.6,34.9,35.2,12708,0
ANR,D,20230801,000000,35.2,36.1,35.2,35.9,3953,0
ANR,D,20230802,000000,35.9,35.9,34.8,35.4,17220,0
ANR,D,20230803,000000,35.1,37.1,35,36.3,12265,0
ANR,D,20230804,000000,36.3,37.4,36.3,36.8,8952,0
ANR,D,20230807,000000,36.8,37,36,36.5,3837,0
ANR,D,20230808,000000,36.9,36.9,36.3,36.5,4813,0
ANR,D,20230809,000000,37,37,35.3,36.3,8196,0
ANR,D,20230810,000000,36.3,36.8,36.1,36.4,1730,0
ANR,D,20230811,000000,36.4,37,36.4,36.4,2294,0
ANR,D,20230814,000000,36.4,36.8,36.4,36.4,2345,0
ANR,D,20230816,000000,36.5,36.8,35.1,35.9,6942,0
ANR,D,20230817,000000,36.4,36.5,35.8,35.8,2015,0
ANR,D,20230818,000000,35.9,35.9,35.2,35.6,4571,0
ANR,D,20230821,000000,35.8,37.1,35.1,36.7,6018,0
ANR,D,20230822,000000,37,37,35.3,36.5,3029,0
ANR,D,20230823,000000,36.8,36.8,36,36,2339,0
ANR,D,20230824,000000,36.8,36.8,35.4,36,3589,0
ANR,D,20230825,000000,36.3,36.5,35.9,36.1,3333,0
ANR,D,20230828,000000,36.8,36.8,36.1,36.3,1400,0
ANR,D,20230829,000000,36.5,36.5,35.7,35.7,8083,0
ANR,D,20230830,000000,35.8,35.8,35.4,35.6,2535,0
ANR,D,20230831,000000,35.6,35.6,35.3,35.4,5169,0
ANR,D,20230901,000000,35.2,35.3,35,35.2,6272,0
ANR,D,20230904,000000,35.2,35.3,34.9,34.9,3851,0
ANR,D,20230905,000000,34.9,35.5,34.7,35,12401,0
ANR,D,20230906,000000,34.9,35.4,34.5,35,11711,0
ANR,D,20230907,000000,35,35.7,34.6,34.7,4847,0
ANR,D,20230908,000000,34.9,36,34.9,35.3,38987,0
ANR,D,20230911,000000,35.4,36,34.9,34.9,19898,0
ANR,D,20230912,000000,35,35.7,34.6,35.7,19657,0
ANR,D,20230913,000000,35.9,36.5,35.6,36.4,5324,0
ANR,D,20230914,000000,36.3,37,36.1,36.6,6328,0
ANR,D,20230915,000000,36.6,37,35.4,35.8,14642,0
ANR,D,20230918,000000,35.8,36.1,34.8,35.8,6679,0
ANR,D,20230919,000000,34.7,35.1,33.5,33.5,33644,0
ANR,D,20230920,000000,33.4,34,31.7,33,28847,0
ANR,D,20230921,000000,33,33.5,32.8,32.8,7584,0
ANR,D,20230922,000000,32.8,32.8,31.8,31.9,11019,0
ANR,D,20230925,000000,31.9,32.3,31.7,32,14049,0
ANR,D,20230926,000000,32,32,31.6,32,9480,0
ANR,D,20230927,000000,33,33,29.7,29.8,49421,0
ANR,D,20230928,000000,29.8,30,28.5,29.3,14033,0
ANR,D,20230929,000000,29.6,30.8,29.6,30.5,13174,0
ANR,D,20231002,000000,30.4,31.1,29.7,30,13929,0
ANR,D,20231003,000000,30,30.8,28.7,29.3,7235,0
ANR,D,20231004,000000,28.2,30.2,27,29.8,69598,0
ANR,D,20231005,000000,29.8,30.5,29.5,29.5,6245,0
ANR,D,20231006,000000,29.9,30.6,29.6,29.8,2010,0
ANR,D,20231009,000000,30.2,30.2,29.1,29.3,7097,0
ANR,D,20231010,000000,29.1,30,29.1,30,6651,0
ANR,D,20231011,000000,30,30.5,29.7,29.7,7565,0
ANR,D,20231012,000000,29.8,30.3,29.6,30,5186,0
ANR,D,20231013,000000,30,30.3,29.8,30.1,1342,0
ANR,D,20231016,000000,30.4,31,29.9,30.3,2859,0
ANR,D,20231017,000000,30.3,30.3,28.9,29.8,19973,0
ANR,D,20231018,000000,29.2,30.6,29.2,29.4,7615,0
ANR,D,20231019,000000,29.5,30.6,29.5,29.7,4170,0
ANR,D,20231020,000000,29.8,30.1,28.7,29.5,15371,0
ANR,D,20231023,000000,29.3,29.4,29,29.4,1446,0
ANR,D,20231024,000000,29.4,29.6,29.4,29.4,1452,0
ANR,D,20231025,000000,29.5,29.5,28.9,29.3,4012,0
ANR,D,20231026,000000,29.3,30.3,29.1,29.3,7451,0
ANR,D,20231027,000000,29.8,30.5,29.6,29.6,9130,0
ANR,D,20231030,000000,29.7,30,29.3,29.7,3351,0
ANR,D,20231031,000000,29.7,29.9,29.3,29.4,3274,0
ANR,D,20231102,000000,29.5,30,29.4,29.5,4137,0
ANR,D,20231103,000000,29.4,29.4,28.7,29,15231,0
ANR,D,20231106,000000,29,29.6,29,29.4,13988,0
ANR,D,20231107,000000,29.2,29.4,29,29.2,8038,0
ANR,D,20231108,000000,29.2,29.3,28.9,28.9,4020,0
ANR,D,20231109,000000,28.9,29.3,28.9,29.1,2846,0
ANR,D,20231110,000000,29.1,29.3,28.6,29,5636,0
ANR,D,20231113,000000,28.8,29,28.5,29,4392,0
ANR,D,20231114,000000,29,29,28.8,29,6637,0
ANR,D,20231115,000000,28.9,29,28.6,28.9,7795,0
ANR,D,20231116,000000,28.9,29,28.9,28.9,2877,0
ANR,D,20231117,000000,29,29.1,28.8,29,2951,0
ANR,D,20231120,000000,29.3,29.3,28.8,29,7767,0
ANR,D,20231121,000000,29,30.8,28.9,30.6,7263,0
ANR,D,20231122,000000,30.6,31.8,30.6,31,7484,0
ANR,D,20231123,000000,31,31.6,30.8,31,4016,0
ANR,D,20231124,000000,31,31,29.7,30.4,5076,0
ANR,D,20231127,000000,30.4,30.4,29.8,30.3,10871,0
ANR,D,20231128,000000,30.4,30.8,29.6,30.4,8293,0
ANR,D,20231129,000000,28.6,29,27.7,28.4,59858,0
ANR,D,20231130,000000,28.4,28.7,28,28.3,9027,0
ANR,D,20231201,000000,28.2,28.6,28,28.4,6173,0
ANR,D,20231204,000000,28.4,28.6,28.2,28.4,12185,0
ANR,D,20231205,000000,28.4,29.2,28.4,29.2,3820,0
ANR,D,20231206,000000,29,32,28.7,31,13810,0
ANR,D,20231207,000000,31,31.7,31,31.5,6782,0
ANR,D,20231208,000000,31.5,31.9,31.3,31.3,9182,0
ANR,D,20231211,000000,31.3,32,31.3,31.6,4750,0
ANR,D,20231212,000000,31.7,31.8,31.2,31.5,3420,0
ANR,D,20231213,000000,31.3,31.5,30,30.3,7338,0
ANR,D,20231214,000000,30.3,31.4,30.3,31,7250,0
ANR,D,20231215,000000,31.1,31.8,30.5,31.2,5420,0
ANR,D,20231218,000000,30.9,31,30,30,7040,0
ANR,D,20231219,000000,30,30.1,29,29.7,17299,0
ANR,D,20231220,000000,29.5,29.7,29.1,29.5,4758,0
ANR,D,20231221,000000,29.5,29.5,29.2,29.5,2809,0
ANR,D,20231222,000000,29.3,29.4,29,29.4,10760,0
ANR,D,20231227,000000,29.1,29.2,28.5,28.8,25017,0
ANR,D,20231228,000000,28.9,29.4,28.5,29.4,11014,0
ANR,D,20231229,000000,29.5,29.8,29.3,29.8,4748,0
ANR,D,20240102,000000,30.1,30.5,29.6,29.8,6833,0
ANR,D,20240103,000000,29.8,30,29,29.2,6015,0
ANR,D,20240104,000000,29.2,29.5,29,29.3,5072,0
ANR,D,20240105,000000,29.8,30.9,29.8,30.4,16768,0
ANR,D,20240108,000000,30.1,30.5,30.1,30.3,7443,0
ANR,D,20240109,000000,30.8,30.8,30.1,30.6,5085,0
ANR,D,20240110,000000,30.6,30.8,30.2,30.2,4462,0
ANR,D,20240111,000000,30.4,31.2,30.4,31,17796,0
ANR,D,20240112,000000,31,31.5,30.9,31.4,5070,0
ANR,D,20240115,000000,31.5,31.5,31,31.1,3780,0
ANR,D,20240116,000000,31.4,31.5,30.7,31,5230,0
ANR,D,20240117,000000,31.5,31.5,30.4,30.5,2986,0
ANR,D,20240118,000000,30.5,31.5,30.3,30.9,4818,0
ANR,D,20240119,000000,31.4,32.8,31.4,32.6,48740,0
ANR,D,20240122,000000,32.6,32.6,32,32,10735,0
ANR,D,20240123,000000,32.1,32.3,31.5,31.8,7227,0
ANR,D,20240124,000000,32,33,31.6,33,20195,0
ANR,D,20240125,000000,32.6,32.8,32.3,32.4,13381,0
ANR,D,20240126,000000,32.7,32.7,32,32.4,4895,0
ANR,D,20240129,000000,32.4,32.4,32,32,1225,0
ANR,D,20240130,000000,32,32,31.7,31.8,2167,0
ANR,D,20240131,000000,31.8,32.2,31.8,32.1,2764,0
ANR,D,20240201,000000,32.1,32.1,31.1,31.9,6643,0
ANR,D,20240202,000000,31.9,31.9,30.7,30.7,11430,0
ANR,D,20240205,000000,30.8,31,29.2,29.7,24441,0
ANR,D,20240206,000000,29.5,29.9,29.3,29.9,5483,0
ANR,D,20240207,000000,29.9,30.5,29.4,29.8,10785,0
ANR,D,20240208,000000,29.8,29.8,29.5,29.8,5206,0
ANR,D,20240209,000000,29.9,30.6,29.9,30.2,2598,0
ANR,D,20240212,000000,30.3,30.9,30,30.8,2685,0
ANR,D,20240213,000000,30.4,30.7,29.6,29.9,5503,0
ANR,D,20240214,000000,29.9,30.3,29.5,29.9,3652,0
ANR,D,20240215,000000,30,30.2,29.8,29.9,2299,0
ANR,D,20240216,000000,30,30.1,29.6,29.8,3656,0
ANR,D,20240219,000000,29.6,30,29.6,29.9,5840,0
ANR,D,20240220,000000,29.7,29.9,29.5,29.9,4370,0
ANR,D,20240221,000000,29.9,29.9,29.5,29.6,4918,0
ANR,D,20240222,000000,29.5,29.7,28.8,29.7,17187,0
ANR,D,20240223,000000,29.7,30.4,29.5,30.3,6788,0
ANR,D,20240226,000000,30.4,30.5,30,30,1660,0
ANR,D,20240227,000000,30,30,29.4,30,6051,0
ANR,D,20240228,000000,29.7,30,29.6,29.8,2395,0
ANR,D,20240229,000000,29.8,30.7,29.8,30.3,5667,0
ANR,D,20240301,000000,30.3,31.1,30.2,30.5,11114,0
ANR,D,20240304,000000,30.5,32.1,30.2,31.3,16715,0
ANR,D,20240305,000000,31.2,31.6,30.4,31.6,3881,0
ANR,D,20240306,000000,31.6,31.7,30.6,31.2,8678,0
ANR,D,20240307,000000,31.2,31.5,30.5,31,14604,0
ANR,D,20240308,000000,31,31.2,30.5,30.9,8159,0
ANR,D,20240311,000000,30.7,31.4,30.7,31.4,8804,0
ANR,D,20240312,000000,31.1,31.3,30.4,30.9,5110,0
ANR,D,20240313,000000,30.9,31,30.4,31,6911,0
ANR,D,20240314,000000,30.8,30.9,30.8,30.9,969,0
ANR,D,20240315,000000,30.7,30.7,29.4,29.8,8001,0
ANR,D,20240318,000000,29.9,29.9,29.1,29.7,6926,0
ANR,D,20240319,000000,29.2,29.8,29.2,29.5,2727,0
ANR,D,20240320,000000,29.5,30,29.5,30,2641,0
ANR,D,20240321,000000,29.9,30.4,29.7,30.3,3452,0
ANR,D,20240322,000000,30.3,30.4,29.6,30.4,2927,0
ANR,D,20240325,000000,30.7,30.7,29.6,30.5,3670,0
ANR,D,20240326,000000,30.3,30.5,30,30.5,4004,0
ANR,D,20240327,000000,29,29,27.5,27.8,71027,0
ANR,D,20240328,000000,27.9,28,26.8,27.2,29202,0
ANR,D,20240402,000000,27,27,26.25,26.85,25414,0
ANR,D,20240403,000000,26.85,26.95,26.5,26.9,7900,0
ANR,D,20240404,000000,26.8,27.2,26.7,26.8,8919,0
ANR,D,20240405,000000,25.3,25.9,24.3,25.5,48168,0
ANR,D,20240408,000000,25.5,25.5,23.6,23.85,57111,0
ANR,D,20240409,000000,23.85,24.3,23.7,23.8,24511,0
ANR,D,20240410,000000,24.2,24.9,23.3,24.6,16593,0
ANR,D,20240411,000000,24.85,25.2,24.5,24.55,5693,0
ANR,D,20240412,000000,24.5,24.7,24.15,24.15,7057,0
ANR,D,20240415,000000,24.15,24.15,23.6,23.8,25702,0
ANR,D,20240416,000000,23.75,23.8,23.45,23.5,9704,0
ANR,D,20240417,000000,23.5,23.7,23.35,23.7,5387,0
ANR,D,20240418,000000,23.7,23.95,23.5,23.75,6214,0
ANR,D,20240419,000000,23.75,24.5,23.5,24.25,18113,0
ANR,D,20240422,000000,24.5,24.6,23.75,23.75,14014,0
ANR,D,20240423,000000,23.8,24,23.45,23.8,7650,0
ANR,D,20240424,000000,23.8,23.8,23.05,23.1,11328,0
ANR,D,20240425,000000,23.2,24.2,23.2,23.6,11294,0
ANR,D,20240426,000000,23.6,24,23,23.75,5287,0
ANR,D,20240429,000000,23.2,24,23.2,23.7,6856,0
ANR,D,20240430,000000,24.05,24.05,23.35,23.9,11999,0
ANR,D,20240502,000000,23.95,23.95,23.4,23.4,946,0
ANR,D,20240506,000000,23.4,23.85,23.25,23.45,8253,0
ANR,D,20240507,000000,23.55,23.85,23.5,23.6,5068,0
ANR,D,20240508,000000,23.65,23.8,23.4,23.7,5690,0
ANR,D,20240509,000000,23.5,23.9,23.4,23.8,7337,0
ANR,D,20240510,000000,23.85,25.5,23.75,25.1,26866,0
ANR,D,20240513,000000,25.15,25.15,24.3,24.5,23916,0
ANR,D,20240514,000000,24.7,26.4,24.7,26,43113,0
ANR,D,20240515,000000,26.3,26.45,25.7,26.2,12399,0
ANR,D,20240516,000000,25.7,26.2,25.5,26.05,10563,0
ANR,D,20240517,000000,26.15,27.4,25.35,27.15,18082,0
ANR,D,20240520,000000,26.65,27,26.15,26.2,16777,0
ANR,D,20240521,000000,26.25,27,25.6,26,17122,0
ANR,D,20240522,000000,25.95,26,25.3,25.4,10262,0
ANR,D,20240523,000000,25.5,25.5,24.5,24.8,17141,0
ANR,D,20240524,000000,24.55,24.9,23.2,24,32215,0
ANR,D,20240527,000000,24.25,24.5,24,24.25,11226,0
ANR,D,20240528,000000,23.3,25.45,23.3,25.45,64005,0
ANR,D,20240529,000000,25,25.1,24.3,24.55,1835,0
ANR,D,20240531,000000,24.5,24.5,24.1,24.1,1164,0
ANR,D,20240603,000000,24.1,24.1,23.5,24,4076,0
ANR,D,20240604,000000,24,24,23.8,23.9,4137,0
ANR,D,20240605,000000,23.9,24,23.5,23.95,5342,0
ANR,D,20240606,000000,23.95,23.95,23.1,23.55,9597,0
ANR,D,20240607,000000,23.55,23.6,22.25,23.25,16291,0
ANR,D,20240610,000000,23.25,23.25,22.85,22.95,2864,0
ANR,D,20240611,000000,22.95,22.95,22.1,22.1,15999,0
ANR,D,20240612,000000,22.1,22.3,22,22.3,4545,0
ANR,D,20240613,000000,22.3,22.65,21.9,22.35,5936,0
ANR,D,20240614,000000,22.35,23,22.25,22.65,12339,0
ANR,D,20240617,000000,22.65,22.65,22.2,22.2,3984,0
ANR,D,20240618,000000,22.2,22.55,22.05,22.3,2842,0
ANR,D,20240619,000000,22.45,22.45,22.05,22.1,2735,0
ANR,D,20240620,000000,22.1,22.4,22.1,22.2,8692,0
ANR,D,20240621,000000,22.2,23.05,22.2,22.55,9678,0
ANR,D,20240624,000000,22.55,23.1,22.55,23.1,6258,0
ANR,D,20240625,000000,23.1,23.2,22.6,22.9,4311,0
ANR,D,20240626,000000,23,23,22.55,22.8,1681,0
ANR,D,20240627,000000,22.8,23.2,22.6,23.15,2550,0
ANR,D,20240628,000000,23.05,23.05,22.75,22.95,2195,0
ANR,D,20240701,000000,22.95,23.7,22.2,22.3,19706,0
ANR,D,20240702,000000,22.3,22.6,22.2,22.4,5780,0
ANR,D,20240703,000000,22.3,22.6,21.65,21.85,24932,0
ANR,D,20240704,000000,21.85,22.35,21.65,21.8,2785,0
ANR,D,20240705,000000,24,26.35,23.5,25.5,91029,0
ANR,D,20240708,000000,26.1,27.1,26.1,27,50109,0
ANR,D,20240709,000000,27,27,25.75,25.95,9541,0
ANR,D,20240710,000000,25.9,26.05,25.5,25.55,3744,0
ANR,D,20240711,000000,25.5,25.5,24.4,24.75,6248,0
ANR,D,20240712,000000,24.75,25,23.8,24.65,17191,0
ANR,D,20240715,000000,25,25.9,23.7,24.15,10758,0
ANR,D,20240716,000000,24.15,24.65,23.6,23.7,7585,0
ANR,D,20240717,000000,24,24,23.6,24,1955,0
ANR,D,20240718,000000,24.1,24.8,24,24.55,5453,0
ANR,D,20240719,000000,24.7,24.7,23.9,24.3,3478,0
ANR,D,20240722,000000,24.5,24.9,24.1,24.6,1338,0
ANR,D,20240723,000000,24.75,24.75,24.1,24.25,569,0
ANR,D,20240724,000000,24.25,24.6,23.8,24.5,1410,0
ANR,D,20240725,000000,24.4,24.4,23,23.6,5397,0
ANR,D,20240726,000000,23.95,23.95,23.6,23.9,760,0
ANR,D,20240729,000000,24,24.25,23.6,24.25,1190,0
ANR,D,20240730,000000,24.25,24.55,24.15,24.3,793,0
ANR,D,20240731,000000,24.55,24.55,24,24.1,1629,0
ANR,D,20240801,000000,24.1,24.45,24,24.1,4377,0
ANR,D,20240802,000000,24,24.1,23,23.25,9560,0
ANR,D,20240805,000000,22.7,23.65,21,22.2,20349,0
ANR,D,20240806,000000,23,23.05,22.35,22.75,1800,0
ANR,D,20240807,000000,22.6,23.5,22.2,23.15,4664,0
ANR,D,20240808,000000,23.45,23.45,21.9,22,8914,0
ANR,D,20240809,000000,22.45,22.45,22.1,22.1,19090,0
ANR,D,20240812,000000,22.25,22.25,21.85,22.1,3308,0
ANR,D,20240813,000000,22.1,22.1,21.75,21.9,10147,0
ANR,D,20240814,000000,22,22,21.1,21.35,9948,0
ANR,D,20240816,000000,21.5,21.95,21.4,21.95,2884,0
ANR,D,20240819,000000,21.95,21.95,21.2,21.2,20073,0
ANR,D,20240820,000000,21.3,22.05,21.3,21.75,8781,0
ANR,D,20240821,000000,21.8,22.1,21.8,22.05,887,0
ANR,D,20240822,000000,22.05,22.5,21.5,22.5,6885,0
ANR,D,20240823,000000,22.5,22.6,22.15,22.5,1935,0
ANR,D,20240826,000000,22.5,22.5,21.75,22,6640,0
ANR,D,20240827,000000,22,22.25,21.75,21.75,5361,0
ANR,D,20240828,000000,22,22.05,21.8,21.8,1775,0
ANR,D,20240829,000000,21.8,22.35,21.8,22.2,1902,0
ANR,D,20240830,000000,22.2,22.5,22.05,22.35,1769,0
ANR,D,20240902,000000,22.35,22.9,22.35,22.55,4974,0
ANR,D,20240903,000000,22.9,22.95,22.65,22.65,2698,0
ANR,D,20240904,000000,22.65,22.65,22.25,22.5,2381,0
ANR,D,20240905,000000,22.5,22.75,22.3,22.3,3176,0
ANR,D,20240906,000000,22.3,22.5,22.3,22.4,2031,0
ANR,D,20240909,000000,22.4,22.4,21.6,22.2,3853,0
ANR,D,20240910,000000,22.2,22.2,21.85,21.95,5480,0
ANR,D,20240911,000000,21.95,21.95,21.45,21.6,2400,0
ANR,D,20240912,000000,21.6,21.9,21.2,21.6,3965,0
ANR,D,20240913,000000,21.6,22.2,21.6,21.7,1720,0
ANR,D,20240916,000000,21.7,22,21.5,21.5,1245,0
ANR,D,20240917,000000,21.7,21.95,21.5,21.55,1322,0
ANR,D,20240918,000000,21.7,22.55,21.55,22,6608,0
ANR,D,20240919,000000,21,21.25,20.5,20.9,47738,0
ANR,D,20240920,000000,20.9,21.2,20.6,20.9,12127,0
ANR,D,20240923,000000,20.85,21.2,20.5,21.2,4981,0
ANR,D,20240924,000000,21.2,21.4,21,21.1,2304,0
ANR,D,20240925,000000,21,21.5,21,21.3,4298,0
ANR,D,20240926,000000,21.3,22.35,21.25,22.35,8718,0
ANR,D,20240927,000000,22.5,22.5,22.15,22.45,2687,0
ANR,D,20240930,000000,22.5,24.4,21.95,23.4,25192,0
ANR,D,20241001,000000,23.4,24.4,23.4,24.2,10826,0
ANR,D,20241002,000000,24.25,24.25,23.5,23.6,7363,0
ANR,D,20241003,000000,23.6,23.85,23.45,23.5,3633,0
ANR,D,20241004,000000,24,24.4,22.5,23.2,11912,0
ANR,D,20241007,000000,23.2,24,23.2,23.9,4201,0
ANR,D,20241008,000000,23.9,23.9,23.35,23.35,3979,0
ANR,D,20241009,000000,23.35,23.85,23.35,23.85,883,0
ANR,D,20241010,000000,23.85,23.95,23.2,23.95,2080,0
ANR,D,20241011,000000,23.95,24.7,23.85,24.7,7853,0
ANR,D,20241014,000000,24.65,24.8,24.3,24.3,2371,0
ANR,D,20241015,000000,24.3,24.8,24.3,24.6,1031,0
ANR,D,20241016,000000,24.75,25,24.05,24.8,10219,0
ANR,D,20241017,000000,24.9,25.25,24.5,25,8621,0
ANR,D,20241018,000000,25,25.5,25,25.1,3722,0
ANR,D,20241021,000000,25.2,25.5,24.05,24.75,1494,0
ANR,D,20241022,000000,24.75,24.8,24.15,24.3,1496,0
ANR,D,20241023,000000,24.3,24.35,24.3,24.3,3252,0
ANR,D,20241024,000000,24.3,24.75,24.3,24.65,1292,0
ANR,D,20241025,000000,24.65,24.95,24.5,24.65,3090,0
ANR,D,20241028,000000,24.6,24.6,23.55,23.95,2955,0
ANR,D,20241029,000000,24.35,24.35,23.95,24,2159,0
ANR,D,20241030,000000,24,24.25,23.65,23.7,750,0
ANR,D,20241031,000000,24.2,24.2,22.8,23.25,5128,0
ANR,D,20241104,000000,22.8,23.5,22.8,23.4,1065,0
ANR,D,20241105,000000,23.1,23.3,23.1,23.3,388,0
ANR,D,20241106,000000,23.3,24.5,23.25,24,1837,0
ANR,D,20241107,000000,23.5,23.55,23.05,23.3,4300,0
ANR,D,20241108,000000,23.2,23.3,23.1,23.15,3735,0
ANR,D,20241112,000000,23.15,23.4,22.6,23,5748,0
ANR,D,20241113,000000,22.9,22.9,22.15,22.45,5974,0
ANR,D,20241114,000000,22.5,22.95,22.2,22.7,2859,0
ANR,D,20241115,000000,22.7,22.7,22.2,22.55,2818,0
ANR,D,20241118,000000,22.4,22.55,22.15,22.3,3717,0
ANR,D,20241119,000000,22.3,22.4,21.6,22,4203,0
ANR,D,20241120,000000,21.5,24.35,21.5,24.1,24135,0
ANR,D,20241121,000000,24.2,24.2,23.5,24,23819,0
ANR,D,20241122,000000,24,25.7,23.5,25.3,21682,0
ANR,D,20241125,000000,25.3,25.7,24.95,25.25,3123,0
ANR,D,20241126,000000,25.25,25.45,24.3,24.95,2535,0
ANR,D,20241127,000000,25,25.5,24.7,25,1192,0
ANR,D,20241128,000000,24.55,25.35,24.5,24.5,633,0
ANR,D,20241129,000000,24.35,24.5,24.35,24.45,3629,0
ANR,D,20241202,000000,24.45,25.35,24.45,25.25,3365,0
ANR,D,20241203,000000,25.25,25.25,24.7,24.8,2078,0
ANR,D,20241204,000000,24.8,26.9,24.7,25.6,34130,0
ANR,D,20241205,000000,25.6,26.95,25.6,25.8,12327,0
ANR,D,20241206,000000,25.8,26.8,25.7,26.05,11460,0
ANR,D,20241209,000000,26.05,26.75,26.05,26.45,6421,0
ANR,D,20241210,000000,26.45,26.5,26.05,26.15,3676,0
ANR,D,20241211,000000,26.45,27.2,26.15,26.75,7900,0
ANR,D,20241212,000000,27,28,27,27.5,7750,0
ANR,D,20241213,000000,27.5,27.65,26.8,27.3,8050,0
ANR,D,20241216,000000,27.45,27.45,26.9,27.2,5857,0
ANR,D,20241217,000000,27.5,27.5,26.85,27,5144,0
ANR,D,20241218,000000,26.9,27,26,26.55,24706,0
ANR,D,20241219,000000,26.35,26.65,26.15,26.45,6312,0
ANR,D,20241220,000000,26.45,26.8,26.25,26.4,5924,0
ANR,D,20241223,000000,26.45,26.45,25.25,25.85,18680,0
ANR,D,20241227,000000,26,27.1,25.9,26.8,7967,0
ANR,D,20241230,000000,26.7,27.85,26.4,26.85,16701,0
ANR,D,20250102,000000,27.5,28.55,27.5,27.85,25021,0
ANR,D,20250103,000000,28.1,28.9,27.7,28.9,19888,0
ANR,D,20250107,000000,28.6,28.7,27.8,28.15,16658,0
ANR,D,20250108,000000,28.8,28.8,28.15,28.15,19675,0
ANR,D,20250109,000000,28.8,28.85,28.2,28.5,10880,0
ANR,D,20250110,000000,28.35,28.5,27.6,28.3,14604,0
ANR,D,20250113,000000,28.3,28.55,27.6,27.65,3141,0
ANR,D,20250114,000000,27.75,28.2,27.7,28.1,795,0
ANR,D,20250115,000000,28.25,28.3,27.8,27.8,9158,0
ANR,D,20250116,000000,28.05,29,28.05,28.95,10260,0
ANR,D,20250117,000000,28.7,29.25,28.7,29,7533,0
ANR,D,20250120,000000,29,29.15,27.1,28.5,10208,0
ANR,D,20250121,000000,28.15,28.5,28.1,28.35,1232,0
ANR,D,20250122,000000,28.35,28.35,27.95,28.1,2525,0
ANR,D,20250123,000000,28,28.45,27.6,27.8,3502,0
ANR,D,20250124,000000,27.8,28,27.5,27.65,3338,0
ANR,D,20250127,000000,27.65,27.7,27,27.2,3300,0
ANR,D,20250128,000000,27.25,28,27.25,27.5,1417,0
ANR,D,20250129,000000,27.5,27.95,27.2,27.2,2365,0
ANR,D,20250130,000000,27.2,28.2,27,27.8,2983,0
ANR,D,20250131,000000,27.9,28.15,26.9,27,5029,0
ANR,D,20250203,000000,27.15,27.2,25.9,26.35,6751,0
ANR,D,20250204,000000,26.25,26.95,26,26,16304,0
ANR,D,20250205,000000,26,26.25,25.4,25.8,4627,0
ANR,D,20250206,000000,25.75,26.85,25.5,26.45,9961,0
ANR,D,20250207,000000,26.75,27,26.05,26.4,11930,0
ANR,D,20250210,000000,26.4,26.5,25.8,26.35,10213,0
ANR,D,20250211,000000,26.35,27,25.95,25.95,31296,0
ANR,D,20250212,000000,26,26.7,26,26.5,108138,0
ANR,D,20250213,000000,26.6,28.35,26.6,28.35,27189,0
ANR,D,20250214,000000,28.4,28.5,27.6,28.05,7489,0
ANR,D,20250217,000000,28.05,28.95,27.75,28.25,7240,0
ANR,D,20250218,000000,28.25,28.6,27.45,28.55,8910,0
ANR,D,20250219,000000,27.8,28.55,27.8,28.15,2362,0
ANR,D,20250220,000000,28.35,28.35,27.8,27.8,1552,0
ANR,D,20250221,000000,27.8,28,27.6,28,1507,0
ANR,D,20250224,000000,27.6,27.8,27,27.6,3411,0
ANR,D,20250225,000000,27.6,27.6,27.3,27.45,1343,0
ANR,D,20250226,000000,27.6,27.6,27,27.25,3202,0
ANR,D,20250227,000000,26.8,26.9,26.15,26.75,4109,0
ANR,D,20250228,000000,26.05,26.7,26.05,26.5,2447,0
ANR,D,20250303,000000,26.3,26.4,25.8,25.9,4439,0
ANR,D,20250304,000000,26,26,24.2,24.8,32643,0
ANR,D,20250305,000000,24.8,25.25,24.55,24.95,11621,0
ANR,D,20250306,000000,24.9,24.9,23.75,24.3,16963,0
ANR,D,20250307,000000,24.3,24.3,24.2,24.2,3401,0
ANR,D,20250310,000000,24.15,24.4,24,24.1,7471,0
ANR,D,20250311,000000,24.1,24.45,24.1,24.4,2983,0
ANR,D,20250312,000000,24.55,24.95,24.5,24.9,2352,0
ANR,D,20250313,000000,24.75,25.9,24.55,25.9,6264,0
ANR,D,20250314,000000,25.85,26.05,25.3,25.75,23555,0
ANR,D,20250317,000000,25.75,25.95,25.45,25.5,1763,0
ANR,D,20250318,000000,25.5,26.4,25.4,25.4,4373,0
ANR,D,20250319,000000,25.4,25.5,25.3,25.5,3731,0
ANR,D,20250320,000000,25.5,25.65,25.3,25.3,2973,0
ANR,D,20250321,000000,25.3,25.4,25,25,3524,0
ANR,D,20250324,000000,25,25.4,25,25.15,2638,0
ANR,D,20250325,000000,25.25,25.55,25.1,25.3,1707,0
ANR,D,20250326,000000,25.35,25.55,25.3,25.4,4619,0
ANR,D,20250327,000000,25.5,25.75,25.35,25.35,2557,0
ANR,D,20250328,000000,25.55,25.7,24.45,24.9,5507,0
ANR,D,20250331,000000,24.7,24.7,23.7,23.8,4350,0
ANR,D,20250401,000000,23.9,24.2,23.6,23.9,3878,0
ANR,D,20250402,000000,23.9,24.6,23.6,23.7,2336,0
ANR,D,20250403,000000,23.7,24.05,22.3,22.9,12831,0
ANR,D,20250404,000000,24,24.9,22.9,23.7,11774,0
ANR,D,20250407,000000,23,23.95,22,23.5,17513,0
ANR,D,20250408,000000,23.1,23.7,23.1,23.65,7247,0
ANR,D,20250409,000000,23.65,23.65,22.5,23.4,44679,0
ANR,D,20250410,000000,27.6,27.6,26.05,26.8,49781,0
ANR,D,20250411,000000,26.8,28.05,26.8,27.75,32314,0
ANR,D,20250414,000000,28,28.15,27.5,28,9179,0
ANR,D,20250415,000000,27.95,28,27.55,27.7,5938,0
ANR,D,20250416,000000,27.7,28,27.6,27.95,3314,0
ANR,D,20250417,000000,28,28,27.7,28,4912,0
ANR,D,20250422,000000,27.95,28,27.65,27.85,4847,0
ANR,D,20250423,000000,28,28.1,27.85,28,11859,0
ANR,D,20250424,000000,28,28.95,28,28.9,8526,0
ANR,D,20250425,000000,29.1,29.3,28.3,28.3,10051,0
ANR,D,20250428,000000,28.65,28.65,28.2,28.5,1776,0
ANR,D,20250429,000000,28.5,28.95,28.35,28.7,3436,0
ANR,D,20250430,000000,28.8,28.95,28.5,28.75,4938,0
ANR,D,20250502,000000,28.6,28.95,28.6,28.9,3337,0
ANR,D,20250505,000000,28.9,29,28.8,29,5093,0
ANR,D,20250506,000000,29.05,29.2,29,29.2,5007,0
ANR,D,20250507,000000,29.25,31,29.1,30.75,31504,0
ANR,D,20250508,000000,30.8,30.8,30.6,30.65,10681,0
ANR,D,20250509,000000,30.65,31.3,30.4,31.3,18483,0
ANR,D,20250512,000000,31.35,31.95,30.7,31.3,31939,0
ANR,D,20250513,000000,31.3,32,31.3,31.7,19307,0
ANR,D,20250514,000000,31.7,31.7,30.85,31.15,19277,0
ANR,D,20250515,000000,31.15,31.6,31,31.2,4912,0
ANR,D,20250516,000000,31.05,31.3,30.5,30.7,4274,0
ANR,D,20250519,000000,30.8,31,29.8,30,12469,0
ANR,D,20250520,000000,30.3,31,29.8,30.9,11649,0
ANR,D,20250521,000000,31.8,31.9,30.9,31.05,70917,0
ANR,D,20250522,000000,31,31.05,30,30,6144,0
ANR,D,20250523,000000,30,30.2,29.55,29.85,7482,0
ANR,D,20250526,000000,29.95,30.75,29.7,30,8893,0
ANR,D,20250527,000000,30,30.55,29,29.8,46738,0
ANR,D,20250528,000000,30.1,30.25,29.65,30,3062,0
ANR,D,20250529,000000,30,30.45,29.75,29.9,3500,0
ANR,D,20250530,000000,29.9,30.1,29.3,30,4014,0
ANR,D,20250602,000000,29.45,29.8,29.2,29.5,1853,0
ANR,D,20250603,000000,29.7,30,29.6,29.8,3387,0
ANR,D,20250604,000000,29.8,30,29.5,30,7703,0
ANR,D,20250605,000000,30.7,31,29.9,30,18135,0
ANR,D,20250606,000000,30.6,30.6,29.4,30.2,10072,0
ANR,D,20250609,000000,30.2,30.2,29.3,29.5,6552,0
ANR,D,20250610,000000,29.4,30,29.4,29.5,5042,0
ANR,D,20250611,000000,27.9,28.7,27,28.35,240535,0
ANR,D,20250612,000000,28.25,28.6,27.7,27.7,61419,0
ANR,D,20250613,000000,27.65,28.3,27.05,27.15,68884,0
ANR,D,20250616,000000,27.5,27.55,26.8,27.05,23981,0
ANR,D,20250617,000000,27.1,27.1,26.6,26.8,21519,0
ANR,D,20250618,000000,27,27,26.3,26.65,22720,0
ANR,D,20250620,000000,26.65,26.85,26.5,26.55,12637,0
ANR,D,20250623,000000,26.55,26.6,26.1,26.15,19060,0
ANR,D,20250624,000000,26.4,27.75,26.3,27.4,43828,0
ANR,D,20250625,000000,27.4,28.2,27.4,27.65,12491,0
ANR,D,20250626,000000,27.8,28.75,27.6,28.35,27309,0
ANR,D,20250627,000000,28.4,29.35,28.4,29,41411,0
ANR,D,20250630,000000,29.15,29.4,28.3,28.65,7972,0
ANR,D,20250701,000000,28.65,28.8,27.8,27.85,12629,0
ANR,D,20250702,000000,28,28.1,27.8,28,9872,0
ANR,D,20250703,000000,27.85,28.4,27.85,27.85,12986,0
ANR,D,20250704,000000,28.5,28.7,27.8,27.8,25206,0
ANR,D,20250707,000000,27.8,27.95,27.2,27.75,9264,0
ANR,D,20250708,000000,28.2,28.95,27.85,28.8,63561,0
ANR,D,20250709,000000,29,29.6,29,29.3,28450,0
ANR,D,20250710,000000,29.75,30.5,29.45,30.2,39813,0
ANR,D,20250711,000000,30,30,29.4,29.8,12240,0
ANR,D,20250714,000000,29.8,29.8,29.45,29.8,9364,0
ANR,D,20250715,000000,30.2,30.5,29.15,29.15,47154,0
ANR,D,20250716,000000,29.5,29.7,28.8,29.2,12289,0
ANR,D,20250717,000000,29,29.8,28.8,29.8,12175,0
ANR,D,20250718,000000,29.8,29.8,29.35,29.8,11450,0
ANR,D,20250721,000000,29.7,29.7,29.2,29.65,5722,0
ANR,D,20250722,000000,29.65,29.65,29,29.3,8195,0
ANR,D,20250723,000000,29.5,29.65,29.05,29.1,3755,0
ANR,D,20250724,000000,29.2,29.6,29,29.2,8290,0
ANR,D,20250725,000000,29.2,29.35,28.3,28.7,6169,0
ANR,D,20250728,000000,29.35,29.4,28.55,28.55,6770,0
ANR,D,20250729,000000,28.55,28.7,28.15,28.2,7987,0
ANR,D,20250730,000000,28.2,28.35,27.95,28,7709,0
ANR,D,20250731,000000,28.05,28.6,28,28.3,3043,0
ANR,D,20250801,000000,28.2,28.3,27.3,27.8,14152,0
ANR,D,20250804,000000,27.5,27.95,27.5,27.7,4416,0
ANR,D,20250805,000000,27.8,27.85,27.35,27.5,8883,0
ANR,D,20250806,000000,27.7,28.2,27.45,28,6204,0
ANR,D,20250807,000000,27.95,28.45,27.95,28.15,9125,0
ANR,D,20250808,000000,28.1,28.35,27.45,27.7,4996,0
ANR,D,20250811,000000,27.75,28,27.3,27.3,28299,0
ANR,D,20250812,000000,27.55,27.8,26.2,27.15,72852,0
ANR,D,20250813,000000,27.15,27.15,26.5,26.8,16159,0
ANR,D,20250814,000000,26.85,27,26.4,26.9,7135,0
ANR,D,20250818,000000,26.9,27,26.65,26.75,10372,0
ANR,D,20250819,000000,26.75,29.1,26.7,28.8,36302,0
ANR,D,20250820,000000,28.5,29.2,28.3,29,9642,0
ANR,D,20250821,000000,29,29.2,28.75,29,8528,0
ANR,D,20250822,000000,29.1,29.1,28.75,28.75,55000,0
ANR,D,20250825,000000,28.45,29.5,28.4,29.5,12219,0
ANR,D,20250826,000000,29.5,30.5,29.45,30.3,39071,0
ANR,D,20250827,000000,30.2,30.3,29.05,29.5,11853,0
ANR,D,20250828,000000,29.75,29.75,28.75,28.8,5542,0
ANR,D,20250829,000000,29.05,29.45,28.3,28.5,15525,0
ANR,D,20250901,000000,28.8,29,27.95,28.5,8783,0
ANR,D,20250902,000000,28.7,29.05,28,28.65,18297,0
ANR,D,20250903,000000,28.75,28.9,28.35,28.65,8050,0
ANR,D,20250904,000000,28.65,29.8,28.5,29.7,19024,0
ANR,D,20250905,000000,29.7,29.9,29.3,29.7,8812,0
ANR,D,20250908,000000,29.75,29.85,29.4,29.75,6969,0
ANR,D,20250909,000000,29.7,29.7,28.7,29.6,6012,0
ANR,D,20250910,000000,29.3,29.3,28.5,28.55,8925,0
ANR,D,20250911,000000,28.55,28.95,28.55,28.75,2641,0
ANR,D,20250912,000000,28.75,29,28.5,28.8,4133,0
ANR,D,20250915,000000,28.9,29.95,28.7,29.8,11757,0
ANR,D,20250916,000000,29.8,29.9,29.1,29.5,2164,0
ANR,D,20250917,000000,29.5,29.65,29.05,29.2,5440,0
ANR,D,20250918,000000,29.2,29.8,28.8,29,9210,0
ANR,D,20250919,000000,31.5,31.8,31,31.2,90896,0
ANR,D,20250922,000000,31.45,31.45,30.55,31.3,40034,0
ANR,D,20250923,000000,31.3,31.4,31,31.25,16130,0
ANR,D,20250924,000000,31.2,31.25,30.7,31.1,10370,0
ANR,D,20250925,000000,31,31.35,31,31.3,16293,0
ANR,D,20250926,000000,31.2,31.25,30.6,31.1,129286,0
ANR,D,20250929,000000,31.2,31.2,30.5,30.55,4997,0
ANR,D,20250930,000000,30.55,30.8,30.4,30.6,7341,0
ANR,D,20251001,000000,30.6,30.6,29.9,30.05,8917,0
ANR,D,20251002,000000,30.2,30.25,29.7,30,10447,0
ANR,D,20251003,000000,30,30.25,29.75,30,10481,0
ANR,D,20251006,000000,30.5,30.8,29.8,30.1,14065,0
ANR,D,20251007,000000,29.95,30,29.25,29.45,11142,0
ANR,D,20251008,000000,29.45,29.5,29.15,29.3,7815,0
ANR,D,20251009,000000,29.35,29.5,28.9,29.15,7713,0
ANR,D,20251010,000000,29.25,29.3,29,29,3975,0
ANR,D,20251013,000000,28.9,29.35,28.55,29.25,8979,0
ANR,D,20251014,000000,29.25,29.25,28.3,28.9,8901,0
ANR,D,20251015,000000,29.05,29.85,29,29.4,7096,0
ANR,D,20251016,000000,29.4,29.7,29,29.6,3637,0
ANR,D,20251017,000000,29.45,29.45,28.4,28.8,16672,0
ANR,D,20251020,000000,28.95,29.45,28.9,29,5113,0
ANR,D,20251021,000000,29.15,29.35,28.9,29.3,3420,0
ANR,D,20251022,000000,29.3,29.65,29.05,29.6,5567,0
ANR,D,20251023,000000,29.9,29.9,29,29.3,30497,0
ANR,D,20251024,000000,29.3,29.3,28.7,29,19881,0
ANR,D,20251027,000000,28.8,29.2,28.65,28.75,23737,0
ANR,D,20251028,000000,28.95,29.15,28.75,28.9,16353,0
ANR,D,20251029,000000,29,29.05,28.75,28.75,18222,0
ANR,D,20251030,000000,28.55,29.1,28.4,28.8,40659,0
ANR,D,20251031,000000,28.8,29.15,28.8,29.1,3248,0
ANR,D,20251103,000000,29.15,29.4,28.9,29.2,4741,0
ANR,D,20251104,000000,29.3,29.3,28.7,29.2,7687,0
ANR,D,20251105,000000,29.2,29.2,28.5,28.7,8205,0
ANR,D,20251106,000000,28.7,29.35,28.65,28.85,5768,0
ANR,D,20251107,000000,28.45,28.75,28.1,28.5,10272,0
ANR,D,20251110,000000,28.35,28.8,28.35,28.6,3364,0
ANR,D,20251112,000000,28.7,28.9,28.6,28.7,3038,0
ANR,D,20251113,000000,29,29.2,28.7,28.9,2746,0
ANR,D,20251114,000000,28.8,29.1,28.65,28.65,13390,0
ANR,D,20251117,000000,28.65,28.9,28.3,28.55,4115,0
ANR,D,20251118,000000,28.6,28.6,27.2,28.4,15039,0
ANR,D,20251119,000000,27.9,29.15,27.9,29,6603,0
ANR,D,20251120,000000,28.65,28.85,26.95,27.7,63253,0
ANR,D,20251121,000000,27.25,27.45,26.3,26.5,31004,0
ANR,D,20251124,000000,26.5,26.55,26,26.5,15718,0
ANR,D,20251125,000000,26.7,26.8,26.3,26.5,14087,0
ANR,D,20251126,000000,26.65,26.65,26.4,26.5,18315,0
ANR,D,20251127,000000,26.5,26.55,26.15,26.5,17182,0
ANR,D,20251128,000000,26.5,26.55,26.35,26.4,11153,0
ANR,D,20251201,000000,26.05,26.3,25.4,25.8,22792,0
ANR,D,20251202,000000,25.6,25.8,25.15,25.75,17585,0
ANR,D,20251203,000000,25.5,25.9,24.9,25.4,22502,0
ANR,D,20251204,000000,25.4,25.9,25.25,25.8,7344,0
ANR,D,20251205,000000,25.8,26,25.5,25.75,16653,0
ANR,D,20251208,000000,25.5,25.8,25.5,25.6,9653,0
ANR,D,20251209,000000,25.5,26,25.35,25.45,8339,0
ANR,D,20251210,000000,25.5,25.95,25.5,25.75,7687,0
ANR,D,20251211,000000,25.75,25.95,24.65,24.9,25106,0
ANR,D,20251212,000000,24.8,25.6,24.8,25,15967,0
ANR,D,20251215,000000,25.45,25.7,24.85,25.7,65266,0
ANR,D,20251216,000000,25.8,26.4,25.8,26.4,40848,0
ANR,D,20251217,000000,26.45,26.55,26.1,26.2,17195,0
ANR,D,20251218,000000,26.4,26.4,25.5,26.15,22021,0
ANR,D,20251219,000000,26.3,27.5,26.15,27.3,25370,0
ANR,D,20251222,000000,27.3,27.4,26.55,26.65,36736,0
ANR,D,20251223,000000,27,27.15,26,26.3,46300,0
ANR,D,20251229,000000,26.3,26.6,26.05,26.2,6928,0
ANR,D,20251230,000000,26.2,26.3,25.6,26.1,27224,0
ANR,D,20260102,000000,26.1,26.5,25.95,26,14996,0
ANR,D,20260105,000000,26.2,26.4,25.7,26.3,14102,0
ANR,D,20260107,000000,26.3,26.95,26.15,26.75,9849,0
ANR,D,20260108,000000,22,24.8,21.85,23.8,389216,0
ANR,D,20260109,000000,23.8,24.2,23.5,24,72508,0
ANR,D,20260112,000000,24,24,23.45,23.6,39065,0
ANR,D,20260113,000000,23.6,24,23.4,23.55,19701,0
ANR,D,20260114,000000,23.55,23.75,23,23.1,19087,0
ANR,D,20260115,000000,23.35,23.4,22.7,22.95,29473,0
ANR,D,20260116,000000,22.95,23.1,22.7,22.8,17399,0
ANR,D,20260119,000000,22.8,23.45,22.5,23.4,26126,0
ANR,D,20260120,000000,23.3,23.4,22.1,22.4,51028,0
ANR,D,20260121,000000,22.7,22.8,22.05,22.8,9747,0
ANR,D,20260122,000000,22.95,23.5,22.65,23.3,53385,0
ANR,D,20260123,000000,23.4,23.6,23.05,23.5,27341,0
ANR,D,20260126,000000,23.55,24.1,23.3,24,77355,0
ANR,D,20260127,000000,24.05,24.1,23.65,24,18551,0
ANR,D,20260128,000000,23.9,24.35,23.9,24.1,14567,0
ANR,D,20260129,000000,24,24.1,23.15,23.5,65386,0
ANR,D,20260130,000000,23.05,23.35,22.85,22.9,18406,0
ANR,D,20260202,000000,22.9,23.1,22.5,22.75,15834,0
ANR,D,20260203,000000,22.65,22.8,22.4,22.4,11070,0
ANR,D,20260204,000000,22.4,22.5,22.3,22.35,7562,0
ANR,D,20260205,000000,22.35,22.5,22.25,22.5,4678,0
ANR,D,20260206,000000,22.2,22.5,22.1,22.2,8296,0
ANR,D,20260209,000000,22.4,22.5,22.05,22.5,13416,0
ANR,D,20260210,000000,22.5,22.9,22.5,22.8,4660,0
ANR,D,20260211,000000,22.85,22.95,22.35,22.95,6360,0
ANR,D,20260212,000000,22.95,23.2,22.9,23,6791,0
ANR,D,20260213,000000,23.2,23.3,22.8,23.1,5835,0
ANR,D,20260216,000000,23.25,23.5,22.9,22.95,19143,0
ANR,D,20260217,000000,23,23,22.65,22.7,3062,0
ANR,D,20260218,000000,22.7,23,22.55,22.8,4786,0
ANR,D,20260219,000000,22.8,23,22.4,22.4,6950,0
ANR,D,20260220,000000,22.4,22.7,22.2,22.4,5089,0
ANR,D,20260223,000000,22.55,22.6,22.05,22.15,8101,0
ANR,D,20260224,000000,22.4,22.5,21.9,21.9,15622,0
ANR,D,20260225,000000,22.45,22.45,21.95,21.95,9309,0
ANR,D,20260226,000000,22.3,22.3,21.9,22.1,6215,0
ANR,D,20260227,000000,22.1,22.3,21.8,21.9,6219,0
ANR,D,20260302,000000,21.8,21.85,21,21.8,9396,0
ANR,D,20260303,000000,21.8,21.8,21,21.05,16414,0
ANR,D,20260304,000000,21.05,21.3,20.75,21,16054,0
ANR,D,20260305,000000,21,21.45,20.9,20.9,19550,0
ANR,D,20260306,000000,21.3,21.3,20.75,20.8,5661,0
ANR,D,20260309,000000,20.85,21,20.55,20.9,8123,0
ANR,D,20260310,000000,20.9,20.95,20.7,20.95,9588,0
ANR,D,20260311,000000,21,21.3,20.7,20.9,7731,0
ANR,D,20260312,000000,20.7,21,20.6,20.6,5553,0
ANR,D,20260313,000000,20.7,20.7,20,20.4,13264,0
ANR,D,20260316,000000,20.55,20.6,20.15,20.4,4967,0
ANR,D,20260317,000000,20.4,20.6,20.2,20.45,5385,0
ANR,D,20260318,000000,20.55,20.65,20.2,20.4,18742,0
ANR,D,20260319,000000,20.45,20.45,20.05,20.05,22739,0
ANR,D,20260320,000000,20.1,20.4,20,20.4,73924,0
ANR,D,20260323,000000,20.05,20.4,19.74,19.82,8285,0
ANR,D,20260324,000000,20.2,20.2,19.74,19.76,5150,0
ANR,D,20260325,000000,19.76,19.76,19.18,19.3,8105,0
ANR,D,20260326,000000,19.5,19.5,19.18,19.5,5900,0
ANR,D,20260327,000000,19.5,19.6,19.12,19.38,4140,0
ANR,D,20260330,000000,19.5,19.64,19.3,19.64,9195,0
ANR,D,20260331,000000,19.32,19.7,19.32,19.68,4359,0
ANR,D,20260401,000000,19.78,20.35,19.68,20,9734,0
ANR,D,20260402,000000,19.12,19.5,18.58,18.7,130054,0
ANR,D,20260407,000000,18.7,19,18.44,18.7,35919,0
ANR,D,20260408,000000,19.3,19.3,18.64,18.82,42731,0
ANR,D,20260409,000000,18.86,19.1,18.2,18.48,16190,0
ANR,D,20260410,000000,18.5,19.14,18.5,18.7,12579,0
ANR,D,20260413,000000,18.74,18.9,18.62,18.8,8280,0
ANR,D,20260414,000000,18.9,18.9,18.62,18.9,17233,0
ANR,D,20260415,000000,18.9,18.92,18.68,18.8,95297,0
ANR,D,20260416,000000,18.8,19.18,18.64,18.7,17357,0
ANR,D,20260417,000000,18.92,18.92,18.2,18.78,26033,0
ANR,D,20260420,000000,18.8,18.84,18.02,18.58,15740,0
ANR,D,20260421,000000,18.6,18.64,17.7,17.98,28589,0
ANR,D,20260422,000000,18,18,16.92,17.5,43293,0
ANR,D,20260423,000000,17.52,18.98,17.46,18.9,211181,0
ANR,D,20260424,000000,19.26,19.46,17.88,19.4,42557,0
ANR,D,20260427,000000,19.38,19.38,18.52,18.94,8971,0
ANR,D,20260428,000000,18.94,18.94,18.58,18.58,4438,0
ANR,D,20260429,000000,18.6,18.6,18.2,18.3,10394,0
ANR,D,20260430,000000,18.58,18.58,17.62,17.84,15275,0
ANR,D,20260504,000000,17.84,19.32,17.62,18.9,18073,0
ANR,D,20260505,000000,19.3,19.32,18.66,19.24,11814,0
ANR,D,20260506,000000,19.26,19.84,19.2,19.2,20796,0
ANR,D,20260507,000000,19.78,19.78,19.2,19.2,7606,0
ANR,D,20260508,000000,19.2,19.62,19.04,19.28,3330,0
ANR,D,20260511,000000,19.48,19.68,19.3,19.36,3460,0
ANR,D,20260512,000000,19,19.1,17.8,18.02,29700,0
ANR,D,20260513,000000,19.2,19.2,18.04,18.1,7069,0
ANR,D,20260514,000000,18.5,18.56,17.92,18.08,6283,0
ANR,D,20260515,000000,18.1,18.48,18.1,18.42,3265,0
ANR,D,20260518,000000,18.4,18.4,17.98,17.98,4525,0
ANR,D,20260519,000000,18.52,18.52,17.86,17.86,7156,0
ANR,D,20260520,000000,18.38,18.38,17.9,18,5467,0
ANR,D,20260521,000000,18,18,17.84,17.88,8828,0
ANR,D,20260522,000000,17.88,17.98,17.72,17.94,8200,0
ANR,D,20260525,000000,17.96,17.96,17.72,17.94,3706,0
ANR,D,20260526,000000,17.96,18.38,17.9,18.2,10969,0
ANR,D,20260527,000000,18.2,18.2,17.8,18.1,4770,0
ANR,D,20260528,000000,18.12,18.2,17.96,18.18,11259,0
ANR,D,20260529,000000,18,18.18,17.92,17.92,27801,0
ANR,D,20260601,000000,18.02,18.9,17.96,18.84,35214,0
ANR,D,20260602,000000,18.5,19.18,18,18.8,18491,0
ANR,D,20260603,000000,18.9,19.2,18.5,18.78,7457,0
ANR,D,20260605,000000,18.7,18.98,18.7,18.8,3411,0
ANR,D,20260608,000000,19,19,17.96,18.56,3460,0
ANR,D,20260609,000000,18.2,18.4,18.2,18.32,896,0
ANR,D,20260610,000000,18.4,18.52,18.2,18.3,26948,0
ANR,D,20260611,000000,18.4,18.4,18.04,18.1,3739,0
ANR,D,20260612,000000,18.1,18.2,17.8,17.82,17132,0
ANR,D,20260615,000000,17.82,18.38,17.62,17.62,18946,0
ANR,D,20260616,000000,17.6,17.64,17.42,17.5,14903,0
ANR,D,20260617,000000,17.54,17.54,17.32,17.42,12471,0
ANR,D,20260618,000000,17.38,17.4,17.22,17.26,12305,0
ANR,D,20260619,000000,17.26,17.4,16.7,17.4,120881,0
ANR,D,20260622,000000,17.4,17.4,17.02,17.14,5274,0
ANR,D,20260623,000000,17.02,17.16,16.98,17.02,76437,0
ANR,D,20260624,000000,16.96,17.64,16.96,17.26,16184,0
ANR,D,20260625,000000,17.4,17.42,17.28,17.28,7242,0
ANR,D,20260626,000000,17.3,17.88,17.3,17.5,17663,0
ANR,D,20260629,000000,17.52,18,17.52,17.82,3554,0
ANR,D,20260630,000000,17.96,18.2,17.88,18.2,1710,0
ANR,D,20260701,000000,18,18.2,17.88,18.18,3335,0
ANR,D,20260702,000000,18.16,18.18,17.54,17.76,8112,0
ANR,D,20260703,000000,18,18.06,17.8,17.92,2234,0
ANR,D,20260706,000000,18.3,18.7,18.3,18.34,9399,0
ANR,D,20260707,000000,18.58,18.58,18.3,18.36,6175,0
ANR,D,20260708,000000,18.38,18.38,17.94,18.04,1934,0
ANR,D,20260709,000000,18.1,18.34,17.96,18.08,21587,0
ANR,D,20260710,000000,18.08,18.08,17.46,17.76,10381,0
ANR,D,20260713,000000,17.76,17.76,17.24,17.24,9124,0
ANR,D,20260714,000000,17.28,17.46,16.98,17,102127,0
ANR,D,20260715,000000,17.34,17.34,16.8,17.2,3762,0
ANR,D,20260716,000000,17.04,17.3,16.92,17.18,4112,0
ANR,D,20260717,000000,17.18,17.44,17.1,17.44,2843,0
ANR,D,20260720,000000,18.1,18.62,18.04,18.54,40649,0
ANR,D,20260721,000000,18.58,18.76,18,18.7,22106,0
ANR,D,20260722,000000,18.72,19.06,18.4,19.06,17437,0
ANR,D,20260723,000000,19.4,19.4,18.92,19.28,26453,0
ANR,D,20260724,000000,18.96,19.42,18.9,18.9,6229,0
ANR,D,20260727,000000,18.98,19.38,18.58,18.94,9821,0
ANR,D,20260728,000000,18.96,18.96,18.4,18.58,6855,0
ANR,D,20260729,000000,18.56,19.28,18.5,19.14,15579,0
ANR,D,20260730,000000,19.38,19.78,19.2,19.72,11373,0
ANR,D,20260731,000000,19.6,19.8,19.5,19.62,11448,0
ANR,D,20260803,000000,19.84,20,19.7,19.9,14603,0
ANR,D,20260804,000000,19.96,20.95,19.72,20.9,27850,0
ANR,D,20260805,000000,20.9,21,20.15,20.2,8402,0
ANR,D,20260806,000000,20.2,20.85,20.2,20.45,6352,0
ANR,D,20260807,000000,20.55,20.75,20,20.3,5686,0
ANR,D,20260810,000000,20.5,20.55,20.15,20.4,5077,0
ANR,D,20260811,000000,20.6,21.3,20.45,21,21634,0
ANR,D,20260812,000000,21.1,21.75,21.1,21.5,51915,0
ANR,D,20260813,000000,21.7,22.2,21.5,22.15,16455,0
ANR,D,20260814,000000,22.2,22.6,22,22.55,14142,0
ANR,D,20260817,000000,22.75,22.8,21.8,21.8,30262,0
ANR,D,20260818,000000,21.7,21.7,20.95,21,12047,0
