<TICKER>,<PER>,<DATE>,<TIME>,<OPEN>,<HIGH>,<LOW>,<CLOSE>,<VOL>,<OPENINT>
ARL,D,20250624,000000,37.5892,37.5892,35.3437,36.6422,552578.7555120743,0
ARL,D,20250625,000000,37.0034,37.2963,36.6324,36.857,177482.51101497162,0
ARL,D,20250626,000000,36.857,37.0962,36.0466,36.5104,50385.925110630604,0
ARL,D,20250627,000000,36.5153,36.5153,35.4169,36.1247,98309.6035252016,0
ARL,D,20250630,000000,36.1247,36.5104,35.5389,35.5389,86007.5881065777,0
ARL,D,20250701,000000,35.6854,36.0759,35.2118,35.3681,38664.647577475,0
ARL,D,20250702,000000,35.3681,35.6366,35.3046,35.4364,4215.7268722884,0
ARL,D,20250703,000000,35.3925,36.0125,35.3925,35.8318,37860.6277536785,0
ARL,D,20250704,000000,35.949,36.1247,35.6366,36.1247,20693.5242292796,0
ARL,D,20250707,000000,36.1247,36.7105,36.0759,36.2224,15123.7665199734,0
ARL,D,20250708,000000,36.5153,36.5885,35.9295,36.0271,18536.4977975402,0
ARL,D,20250709,000000,36.32,36.32,36.0076,36.0759,72665.9801769303,0
ARL,D,20250710,000000,36.1247,36.5592,35.9392,36.3151,24864.185022272402,0
ARL,D,20250711,000000,36.4762,36.5934,36.2224,36.5153,10741.0903084763,0
ARL,D,20250714,000000,36.5153,36.5153,36.2321,36.3688,5827.863436181,0
ARL,D,20250715,000000,36.3786,36.4665,35.9343,35.9343,8204.074889949,0
ARL,D,20250716,000000,36.0271,36.5104,35.8416,36.2321,34604.6035245714,0
ARL,D,20250717,000000,36.5153,36.5153,35.9295,36.0759,8043.2709251897,0
ARL,D,20250718,000000,36.1247,36.4079,35.8806,36.2712,6851.0682820061,0
ARL,D,20250721,000000,36.2712,36.2712,35.9588,36.1101,3787.5991189802003,0
ARL,D,20250722,000000,35.8806,36.0271,35.6561,35.7195,5939.5044053451,0
ARL,D,20250723,000000,35.6463,35.9295,35.6414,35.7147,6461.8612335441,0
ARL,D,20250724,000000,36.1247,36.7203,36.1247,36.3395,13220.7488988092,0
ARL,D,20250725,000000,36.8326,36.9546,36.3395,36.5934,14745.825991335301,0
ARL,D,20250728,000000,36.6031,36.9839,36.1247,36.4079,16235.0550662399,0
ARL,D,20250729,000000,36.1247,36.5153,36.1247,36.5153,5084.2731278036,0
ARL,D,20250730,000000,36.857,37.848,36.857,37.765,156312.7202658635,0
ARL,D,20250731,000000,37.765,38.5558,37.765,38.3215,63539.074890496406,0
ARL,D,20250801,000000,38.2532,38.3117,35.7342,37.394,29075.8149782612,0
ARL,D,20250804,000000,37.7357,39.9325,37.394,39.6396,96932.01541946111,0
ARL,D,20250805,000000,40.035,40.8112,39.7372,39.9813,44309.1740092489,0
ARL,D,20250806,000000,40.4109,40.4792,39.7372,40.0301,35501.8281941838,0
ARL,D,20250807,000000,40.323,40.3425,38.673,39.1514,101111.894274128,0
ARL,D,20250808,000000,39.83,40.4646,39.4541,40.323,28051.5859033612,0
ARL,D,20250811,000000,40.4206,42.8859,40.323,42.3733,42728.7885466782,0
ARL,D,20250812,000000,42.1781,44.3895,41.1041,43.7402,51255.4955952207,0
ARL,D,20250813,000000,43.8378,46.3763,43.7402,44.9118,59276.2334807626,0
ARL,D,20250814,000000,44.9118,44.9118,41.4946,43.5645,25644.6475773462,0
ARL,D,20250818,000000,43.5645,44.287,43.0617,43.5449,17471.2995596442,0
ARL,D,20250819,000000,43.9257,45.8882,42.0804,45.8882,103537.2687234912,0
ARL,D,20250820,000000,44.6189,45.6929,43.7793,43.7793,35536.6519827304,0
ARL,D,20250821,000000,43.6426,43.9355,42.9933,43.4473,12600.066079419801,0
ARL,D,20250822,000000,43.7402,43.7402,42.1878,42.6174,9970.870044151501,0
ARL,D,20250825,000000,42.6418,42.9103,41.4458,42.5686,15555.9911895812,0
ARL,D,20250826,000000,41.973,43.1544,41.5044,42.9689,4877.378854673801,0
ARL,D,20250827,000000,43.1349,43.1495,41.5923,41.6899,7213.6453745207,0
ARL,D,20250828,000000,42.7834,42.7834,41.6899,42.1781,4212.6541850637,0
ARL,D,20250829,000000,42.4222,42.4222,41.6899,41.973,4279.2290749322,0
ARL,D,20250901,000000,41.973,43.3497,41.973,43.252,24383.821586144302,0
ARL,D,20250902,000000,43.5449,45.1071,42.9591,43.5449,70530.4625557638,0
ARL,D,20250903,000000,43.916,43.9355,42.9591,43.4327,8540.0220265162,0
ARL,D,20250904,000000,43.4473,44.3651,42.964,42.9982,8811.442731364701,0
ARL,D,20250905,000000,43.2325,43.7793,42.9591,42.9591,19086.5088107615,0
ARL,D,20250908,000000,42.9591,43.9355,42.9591,43.916,13796.365638903,0
ARL,D,20250909,000000,43.916,43.916,42.9591,43.4473,5060.7158590809,0
ARL,D,20250910,000000,43.4961,44.1503,42.9591,43.3985,15697.334801917401,0
ARL,D,20250911,000000,43.4375,44.3651,42.9591,43.6914,16967.378854793402,0
ARL,D,20250912,000000,43.8183,45.8882,43.4473,45.3024,41871.5088109869,0
ARL,D,20250915,000000,45.4195,45.8589,44.16,44.7166,13444.030837137401,0
ARL,D,20250916,000000,44.2382,44.9118,44.2284,44.7605,5477.5770925652005,0
ARL,D,20250917,000000,44.7605,44.7605,43.6914,44.2089,20877.885462761602,0
ARL,D,20250918,000000,43.9452,44.7361,43.9452,44.3553,13377.4559472689,0
ARL,D,20250919,000000,44.3748,45.5953,44.3748,44.9314,11818.5792952711,0
ARL,D,20250922,000000,45.649,46.3763,45.4,46.3666,21513.9317182745,0
ARL,D,20250923,000000,46.3763,46.3763,44.5213,44.9118,18682.962555250902,0
ARL,D,20250924,000000,43.9355,43.9355,41.4946,42.2757,124944.6806179761,0
ARL,D,20250925,000000,42.2757,42.9591,42.0218,42.5686,17395.5066081016,0
ARL,D,20250926,000000,42.5686,42.5686,41.5923,41.9828,21813.0066081453,0
ARL,D,20250929,000000,41.9828,42.8517,41.6899,42.6369,17134.3281940021,0
ARL,D,20250930,000000,42.6662,42.6662,41.9047,42.6662,11534.867841523801,0
ARL,D,20251001,000000,42.6662,42.7639,41.7875,42.6516,7034.4052864132,0
ARL,D,20251002,000000,42.6467,43.3497,42.0804,42.9591,6933.006607998101,0
ARL,D,20251003,000000,43.3497,43.6328,42.6272,42.9591,4737.0594714125,0
ARL,D,20251006,000000,43.9355,44.3748,42.5686,42.5979,44324.5374453724,0
ARL,D,20251007,000000,42.9201,43.3497,42.3489,43.3497,23664.8127755645,0
ARL,D,20251008,000000,43.9355,45.1071,42.9591,43.8867,308312.4118973231,0
ARL,D,20251009,000000,44.7166,44.7166,43.0763,43.7402,13188.9977974873,0
ARL,D,20251010,000000,43.8378,43.8867,42.8713,43.4473,31917.026432033803,0
ARL,D,20251013,000000,43.3692,43.7402,42.9591,43.1886,8009.471365718,0
ARL,D,20251014,000000,43.0568,43.4278,41.0065,41.3189,25270.8039650077,0
ARL,D,20251015,000000,41.7875,42.842,41.7875,42.1,39000.5947140422,0
ARL,D,20251016,000000,42.7639,42.7639,42.1781,42.4514,4905.0330396961,0
ARL,D,20251017,000000,42.1781,43.1544,41.1529,42.9591,25636.453744747,0
ARL,D,20251020,000000,43.0568,43.4375,42.1976,42.2171,8770.4735683687,0
ARL,D,20251021,000000,42.1781,42.9591,41.6704,42.1097,7956.2114538232,0
ARL,D,20251022,000000,41.8852,42.3733,41.1041,41.7875,8546.1674009656,0
ARL,D,20251023,000000,42.2757,42.3733,41.2994,41.4946,5107.8303965263,0
ARL,D,20251024,000000,41.2994,41.5825,40.528,41.4263,18535.473568465302,0
ARL,D,20251027,000000,41.2994,41.397,39.0538,41.0065,23362.665198469,0
ARL,D,20251028,000000,41.2505,41.2505,40.6208,40.8112,4451.2995595154,0
ARL,D,20251029,000000,40.7624,40.7624,39.1709,40.0252,8997.8524229965,0
ARL,D,20251030,000000,39.3613,40.5769,39.2051,40.2254,23004.185022254,0
ARL,D,20251031,000000,40.4988,41.436,39.8739,40.0985,42812.775330820004,0
ARL,D,20251103,000000,40.8795,40.8795,39.4443,39.5419,16585.3414098557,0
ARL,D,20251104,000000,39.5517,40.2205,39.5517,40.1473,17640.2973570027,0
ARL,D,20251105,000000,40.1766,41.1627,40.0789,40.6159,33339.6806170699,0
ARL,D,20251106,000000,40.2937,40.4206,39.5956,40.1668,4535.2863436572,0
ARL,D,20251107,000000,40.0301,40.0301,39.5566,39.5908,1838.4911894455001,0
ARL,D,20251110,000000,39.5419,39.952,39.4345,39.9325,3206.8612335119,0
ARL,D,20251112,000000,39.9325,39.9325,39.5908,39.9032,4252.5991189848,0
ARL,D,20251113,000000,39.9032,40.86,39.62,40.323,5601.5088106281,0
ARL,D,20251114,000000,40.5573,40.5573,39.3467,40.284,7979.7687225459,0
ARL,D,20251117,000000,40.284,40.4988,39.5029,39.5419,1483.0837004552,0
ARL,D,20251118,000000,39.747,39.747,36.7496,39.5419,15538.5792953079,0
ARL,D,20251119,000000,38.4094,39.5224,38.4094,39.2295,5081.2004405789,0
ARL,D,20251120,000000,38.0774,39.1514,38.0774,38.9073,4740.1321586372005,0
ARL,D,20251121,000000,38.9073,38.9073,37.4916,37.4916,4951.123348066601,0
ARL,D,20251124,000000,37.394,38.0774,35.9295,37.8724,25995.958150036902,0
ARL,D,20251125,000000,38.0579,39.7763,37.8822,39.3467,23730.3634363581,0
ARL,D,20251126,000000,39.1026,39.249,38.1751,38.9366,8273.7224670422,0
ARL,D,20251127,000000,38.8292,38.8292,35.2655,36.115,83915.088106557,0
ARL,D,20251128,000000,36.1247,36.1247,34.1769,35.1484,63051.541850844005,0
ARL,D,20251201,000000,35.1484,35.3339,33.6839,33.6936,44687.114537887,0
ARL,D,20251202,000000,33.7815,33.7864,32.2291,32.6099,39379.5594717552,0
ARL,D,20251203,000000,32.8052,33.1566,32.4146,33.0981,19456.2555068004,0
ARL,D,20251204,000000,33.1957,33.1957,30.2764,30.8037,55412.8414102398,0
ARL,D,20251205,000000,30.8134,31.6335,29.9249,30.3838,39287.3788550142,0
ARL,D,20251208,000000,30.7548,31.0477,28.9486,29.4856,27017.1145377122,0
ARL,D,20251209,000000,29.3391,31.2235,28.3335,31.1258,57346.585903651,0
ARL,D,20251210,000000,31.4871,32.6099,31.1258,31.3602,20077.9625552647,0
ARL,D,20251211,000000,32.1217,32.2194,31.3602,31.8288,10792.301762221301,0
ARL,D,20251212,000000,31.4383,32.112,30.8281,30.9501,11011.4867842499,0
ARL,D,20251215,000000,31.0673,31.4383,29.7785,30.3448,18708.5682821234,0
ARL,D,20251216,000000,30.6572,30.8818,28.807,28.807,35012.246696381604,0
ARL,D,20251217,000000,28.8998,29.6809,28.314,28.8998,40933.314978378505,0
ARL,D,20251218,000000,29.0951,29.4758,28.724,29.2903,82547.7422915655,0
ARL,D,20251219,000000,29.4856,31.1454,29.4856,30.2667,131456.7290761903,0
ARL,D,20251222,000000,30.2667,30.2667,28.9974,29.2903,31158.072687532902,0
ARL,D,20251223,000000,29.1927,29.2903,28.3335,28.8022,44316.3436127732,0
ARL,D,20251229,000000,28.8022,29.4661,28.8022,29.0462,11334.1189428434,0
ARL,D,20251230,000000,29.1927,29.3391,28.9974,28.9974,17531.7290750633,0
ARL,D,20260102,000000,29.1439,30.0079,28.9974,29.8761,29407.6651985288,0
ARL,D,20260105,000000,30.2862,30.8476,29.5832,30.0714,14910.7268723942,0
ARL,D,20260107,000000,30.1202,31.1454,30.1202,31.0966,19622.1806169342,0
ARL,D,20260108,000000,31.0966,31.7117,31.0966,31.5359,6507.9515419146,0
ARL,D,20260109,000000,31.5359,34.3673,31.5359,34.2697,36669.4493395698,0
ARL,D,20260112,000000,34.2697,35.3437,33.2933,33.7815,122755.90308491481,0
ARL,D,20260113,000000,34.836,34.8555,33.7815,34.1818,32504.9339210264,0
ARL,D,20260114,000000,34.3966,34.3966,32.4439,33.5277,17576.7951543589,0
ARL,D,20260115,000000,33.7229,33.8254,32.4146,33.1957,9829.5264318153,0
ARL,D,20260116,000000,33.1859,33.1859,32.4439,32.5415,11919.9779736862,0
ARL,D,20260119,000000,32.5415,32.7905,31.7898,32.6099,2286.0792951768,0
ARL,D,20260120,000000,32.7856,32.7856,31.8386,32.7661,5886.2444934503,0
ARL,D,20260121,000000,32.8052,33.059,31.6433,31.8288,23385.1982381168,0
ARL,D,20260122,000000,34.3673,34.3673,32.4732,33.02,45072.2246700494,0
ARL,D,20260123,000000,33.762,33.7815,32.5269,32.9418,9383.9867842338,0
ARL,D,20260126,000000,32.5123,33.0004,31.7312,32.2194,6310.2753304589005,0
ARL,D,20260127,000000,32.2682,32.9516,31.6726,32.2194,7140.9251102028,0
ARL,D,20260128,000000,32.8442,32.8442,31.0966,31.4188,10514.7356829234,0
ARL,D,20260129,000000,32.1022,32.1022,31.243,31.243,10412.3127754334,0
ARL,D,20260130,000000,31.9069,31.9069,31.0868,31.243,3585.8259912249,0
ARL,D,20260202,000000,31.243,31.243,30.2667,30.7548,8642.4449340062,0
ARL,D,20260203,000000,30.7548,32.2194,30.4619,31.7312,11946.607929633601,0
ARL,D,20260204,000000,32.1217,32.6099,31.4871,32.5123,8016.6409692423,0
ARL,D,20260205,000000,32.5123,32.6001,31.6335,31.7312,4702.2356828659,0
ARL,D,20260206,000000,32.2194,33.4886,32.2194,33.3714,10371.3436124374,0
ARL,D,20260209,000000,33.4886,33.4886,33.0492,33.2933,13734.911894409,0
ARL,D,20260210,000000,33.4398,34.6602,32.9028,33.4398,49473.3370048947,0
ARL,D,20260211,000000,33.7522,33.801,32.5415,32.7856,44591.8612339213,0
ARL,D,20260212,000000,32.7856,32.8052,32.1217,32.7856,1539.4162995747001,0
ARL,D,20260213,000000,32.7856,33.2445,32.5904,33.0492,2588.2268722723,0
ARL,D,20260216,000000,32.4634,33.1957,31.7312,31.8776,4541.4317181066,0
ARL,D,20260217,000000,32.4146,32.4146,31.7849,32.0241,1223.9537445055,0
ARL,D,20260218,000000,32.2194,32.2682,31.8386,31.9265,5041.2555066578,0
ARL,D,20260219,000000,32.151,32.5904,31.7361,31.9753,3383.0286343947,0
ARL,D,20260220,000000,31.7507,32.2194,31.7361,31.8288,7198.2819383972,0
ARL,D,20260223,000000,31.8288,33.0785,31.8288,31.9948,5456.0682819923,0
ARL,D,20260224,000000,32.6782,32.7075,31.7312,32.2145,2616.9052863695,0
ARL,D,20260225,000000,32.2194,32.6587,32.1705,32.6099,6627.7863436779,0
ARL,D,20260226,000000,32.317,32.7954,32.317,32.3658,5956.9162996184,0
ARL,D,20260227,000000,32.3658,32.7954,31.243,32.4146,5222.5440529151,0
ARL,D,20260302,000000,32.7856,32.8784,31.8483,32.0241,3265.2422907812,0
ARL,D,20260303,000000,32.029,32.029,30.9989,30.9989,8585.088105811801,0
ARL,D,20260304,000000,31.4383,32.1901,31.038,31.9069,2270.7158590533,0
ARL,D,20260305,000000,31.9948,32.1022,31.0477,31.8972,1267.9955947262001,0
ARL,D,20260306,000000,32.2194,32.2194,31.1551,31.4871,3822.4229075268,0
ARL,D,20260309,000000,31.4871,31.4871,30.2911,30.7548,6564.284141034101,0
ARL,D,20260310,000000,30.9501,31.0477,30.4619,30.7548,4881.4757709734,0
ARL,D,20260311,000000,30.9501,32.4146,30.8037,31.3602,7173.7004405996,0
ARL,D,20260312,000000,32.3463,32.3463,30.7744,31.1795,2591.2995594970002,0
ARL,D,20260313,000000,30.8232,31.1795,30.6572,30.7548,9190.407489077701,0
ARL,D,20260316,000000,31.1454,31.1454,29.2903,29.964,21371.5638768634,0
ARL,D,20260317,000000,31.1405,32.2194,30.2667,30.2667,18267.1255508415,0
ARL,D,20260318,000000,30.3252,31.4773,30.0323,30.2813,8462.1806168238,0
ARL,D,20260319,000000,30.2911,31.1258,30.2862,30.706,7567.0044053612,0
ARL,D,20260320,000000,30.9013,30.9013,29.4856,30.1251,5422.2687225206,0
ARL,D,20260323,000000,29.7297,30.13,29.2903,29.6613,8651.6629956803,0
ARL,D,20260324,000000,29.6613,29.9738,29.6613,29.9347,961.7511013311,0
ARL,D,20260325,000000,29.5246,31.243,29.3489,30.2471,5996.8612335395,0
ARL,D,20260326,000000,29.7346,30.6572,29.4954,29.6711,6494.6365639409005,0
ARL,D,20260327,000000,29.4465,29.9689,29.1927,29.7785,3640.1101321946003,0
ARL,D,20260330,000000,29.7785,29.9738,29.1146,29.5783,3167.9405286657,0
ARL,D,20260331,000000,29.1243,29.5832,29.1243,29.2903,4868.1607929997,0
ARL,D,20260401,000000,29.3977,29.6809,29.2903,29.2903,4192.1696035657005,0
ARL,D,20260402,000000,29.2903,29.5832,29.2903,29.3001,3709.7577092878,0
ARL,D,20260407,000000,29.7785,29.7785,29.0951,29.6809,1903.0176211642001,0
ARL,D,20260408,000000,29.2903,29.7785,29.2903,29.4368,3229.3942731597003,0
ARL,D,20260409,000000,29.4368,29.6809,29.2415,29.4856,9656.4317181572,0
ARL,D,20260410,000000,29.4856,29.5832,29.1927,29.1927,6975.000000069001,0
ARL,D,20260413,000000,29.1927,29.4856,29.1927,29.2415,1680.7599119109,0
ARL,D,20260414,000000,29.2415,29.2415,28.314,29.0951,19044.5154186906,0
ARL,D,20260415,000000,29.4856,30.4619,29.3391,30.4131,14131.2885463953,0
ARL,D,20260416,000000,30.4131,30.8525,29.4368,30.3643,10787.180616846801,0
ARL,D,20260417,000000,30.4619,31.0477,29.5832,30.169,26699.603524493203,0
ARL,D,20260420,000000,30.2667,31.0966,30.1202,30.3155,13310.8810574004,0
ARL,D,20260421,000000,30.2667,31.243,30.2667,30.2667,6042.95154191,0
ARL,D,20260422,000000,30.2667,31.0477,30.2667,30.2667,2556.4757709504,0
ARL,D,20260423,000000,30.4131,30.8525,29.6809,30.2667,4999.2621145869,0
ARL,D,20260424,000000,30.4619,30.9501,29.4856,30.2667,10230.0000001012,0
ARL,D,20260427,000000,30.5596,31.243,29.9738,29.9738,3865.4405286726,0
ARL,D,20260428,000000,29.8761,30.8525,29.2903,29.2903,3105.4625550968003,0
ARL,D,20260429,000000,29.9738,30.4619,29.2903,29.7785,4985.9471366132,0
ARL,D,20260430,000000,29.7785,30.2667,29.5344,29.7785,8450.9140969999,0
ARL,D,20260504,000000,30.169,30.169,29.7785,29.8761,1896.8722467148,0
ARL,D,20260505,000000,29.8273,29.9738,29.5832,29.8273,2763.3700440802,0
ARL,D,20260506,000000,29.8273,30.1202,29.5832,29.9249,4403.160792995101,0
ARL,D,20260507,000000,29.9249,30.0226,29.4856,29.5344,4340.6828194262,0
ARL,D,20260508,000000,29.5344,29.7785,29.2903,29.4856,11201.9933921813,0
ARL,D,20260511,000000,29.632,29.8273,28.8022,29.2903,3682.1035242655003,0
ARL,D,20260512,000000,29.1927,29.5344,28.7045,28.7045,3399.4162995931,0
ARL,D,20260513,000000,28.6557,28.8998,28.6069,28.6069,1446.2114537588,0
ARL,D,20260514,000000,28.8022,28.8022,28.2163,28.5581,5779.7246696607,0
ARL,D,20260515,000000,28.7045,29.2903,28.3628,28.851,9353.259911986801,0
ARL,D,20260518,000000,28.9486,29.0462,28.4116,28.6069,2639.4383260173,0
ARL,D,20260519,000000,28.9486,28.9486,28.4604,28.4604,2743.9096916571,0
ARL,D,20260520,000000,29.2415,29.2415,28.314,28.6069,3075.7599119247,0
ARL,D,20260521,000000,28.851,29.0951,28.314,29.0951,3661.6189427675,0
ARL,D,20260522,000000,29.2903,29.2903,28.314,28.7045,1941.9383260104,0
ARL,D,20260525,000000,28.8022,28.8022,28.2652,28.314,11284.9559472482,0
ARL,D,20260526,000000,28.314,28.5581,28.2163,28.314,7463.5572687963,0
ARL,D,20260527,000000,25.1409,25.7755,22.9929,22.9929,190661.2665217099,0
ARL,D,20260528,000000,23.4323,24.4086,23.4323,23.9204,19186.883260101702,0
ARL,D,20260529,000000,24.4086,24.6527,23.8228,24.5551,98955.8920714635,0
ARL,D,20260601,000000,24.7015,25.6778,24.1157,25.2385,15895.011013373101,0
ARL,D,20260602,000000,25.2873,26.1172,24.7015,25.5802,12064.3942732471,0
ARL,D,20260603,000000,25.7267,26.0196,24.1157,25.4338,11989.625550779401,0
ARL,D,20260605,000000,25.4338,25.8243,24.1157,25.0432,3412.7312775668,0
ARL,D,20260608,000000,24.9944,24.9944,23.2858,23.9204,7786.189427389801,0
ARL,D,20260609,000000,23.9204,23.9204,23.237,23.774,6676.9493392731,0
ARL,D,20260610,000000,23.8228,23.8228,23.237,23.5299,3607.3348017978,0
ARL,D,20260611,000000,23.237,23.9204,23.237,23.6275,1369.3942731413001,0
ARL,D,20260612,000000,23.3346,23.7252,23.3346,23.5299,3130.0440528944,0
ARL,D,20260615,000000,24.4086,24.7015,23.3834,23.4323,3547.9295154536003,0
ARL,D,20260616,000000,23.2858,23.4323,22.9929,23.0417,9655.4074890823,0
ARL,D,20260617,000000,23.1882,23.3346,22.9929,23.237,10531.1233481218,0
ARL,D,20260618,000000,23.3346,23.6763,23.1394,23.2858,1549.6585903237,0
ARL,D,20260619,000000,23.5787,24.0181,22.9929,24.0181,8455.0110132995,0
ARL,D,20260622,000000,24.1157,24.7503,23.5299,23.7252,4212.6541850637,0
ARL,D,20260623,000000,23.2858,23.5787,22.6512,23.2858,9640.0440529588,0
ARL,D,20260624,000000,23.3346,23.3346,22.8465,22.9929,4589.5704846269,0
ARL,D,20260625,000000,23.3346,23.3346,22.9441,23.0905,3197.6431718378003,0
ARL,D,20260626,000000,23.0905,23.0905,22.4071,22.9441,13541.3325992529,0
ARL,D,20260629,000000,22.7488,22.8465,22.4559,22.7976,7388.7885463286,0
ARL,D,20260630,000000,22.7976,22.7976,22.4071,22.4559,4414.427312819,0
ARL,D,20260701,000000,22.5047,22.7488,22.5047,22.7488,3142.3348017932003,0
ARL,D,20260702,000000,22.7488,22.7488,22.3583,22.7,3844.9559471746,0
ARL,D,20260703,000000,22.9,23.2,22.75,22.95,6026,0
ARL,D,20260706,000000,22.95,23.1,22.8,22.85,2256,0
ARL,D,20260707,000000,22.45,22.6,22.15,22.3,9259,0
ARL,D,20260708,000000,22.2,22.3,21.2,21.5,12539,0
ARL,D,20260709,000000,21.5,22.4,21.2,22.1,7953,0
ARL,D,20260710,000000,22.2,22.4,22.1,22.4,3257,0
ARL,D,20260713,000000,22.3,22.5,21.95,22.05,20989,0
ARL,D,20260714,000000,22.4,22.4,21.2,21.25,5277,0
ARL,D,20260715,000000,21.25,22,20.85,20.95,9864,0
ARL,D,20260716,000000,20.75,21,20.7,20.8,2865,0
ARL,D,20260717,000000,20.8,21,20.7,21,6238,0
ARL,D,20260720,000000,21,21,20.75,20.9,2039,0
ARL,D,20260721,000000,20.9,20.9,20.7,20.8,5764,0
ARL,D,20260722,000000,20.8,20.95,20.7,20.85,6401,0
ARL,D,20260723,000000,20.9,21.6,20.75,21.35,14215,0
ARL,D,20260724,000000,21.6,23,21.3,22.35,12028,0
ARL,D,20260727,000000,22.95,22.95,22.2,22.2,1766,0
ARL,D,20260728,000000,22.05,22.3,21.65,21.65,3007,0
ARL,D,20260729,000000,22,22.5,21.65,22.25,1521,0
ARL,D,20260730,000000,22.35,22.35,21.15,22,3233,0
ARL,D,20260731,000000,22.2,22.45,22.2,22.25,1243,0
ARL,D,20260803,000000,22.25,23,22.25,22.95,8066,0
ARL,D,20260804,000000,22.95,23.3,22.9,23.3,2084,0
ARL,D,20260805,000000,23.45,23.45,22.7,23.25,3248,0
ARL,D,20260806,000000,23.35,23.4,22.7,23.2,1649,0
ARL,D,20260807,000000,23,23.2,22.8,23.2,3042,0
ARL,D,20260810,000000,23.2,23.9,22.9,23.85,4654,0
ARL,D,20260811,000000,23.95,23.95,23.7,23.8,7287,0
ARL,D,20260812,000000,23.75,24.95,23.75,24.85,12613,0
ARL,D,20260813,000000,24.9,25.4,24.6,24.7,11468,0
ARL,D,20260814,000000,25,25.4,24.7,24.9,2515,0
ARL,D,20260817,000000,25.1,25.1,24.55,24.85,28896,0
ARL,D,20260818,000000,24.65,24.8,24.25,24.65,949,0
