<TICKER>,<PER>,<DATE>,<TIME>,<OPEN>,<HIGH>,<LOW>,<CLOSE>,<VOL>,<OPENINT>
BCS,D,20211207,000000,26.8172,29.1637,26.3981,28.9122,58872.205057401,0
BCS,D,20211208,000000,28.9122,28.9122,27.9066,28.4849,30357.901146509,0
BCS,D,20211209,000000,27.7557,28.4932,26.0797,28.4513,22996.638139048,0
BCS,D,20211210,000000,27.8228,28.4932,27.4038,28.2417,6996.123360795,0
BCS,D,20211213,000000,27.0854,28.2837,26.5154,28.2837,6839.8054074837,0
BCS,D,20211214,000000,28.2837,28.2837,26.7753,27.9904,6514.0435658502,0
BCS,D,20211215,000000,27.1943,27.9904,26.8339,27.9904,5825.5286111891,0
BCS,D,20211216,000000,27.0015,27.9904,27.0015,27.9904,2672.9176749413,0
BCS,D,20211217,000000,27.9024,28.4094,27.0182,28.4094,4010.5697792311,0
BCS,D,20211220,000000,27.278,28.116,27.2362,28.1119,3728.9588099069,0
BCS,D,20211221,000000,27.2864,28.4932,27.278,28.4932,5205.0298652205,0
BCS,D,20211222,000000,28.4764,28.4932,27.8228,28.4052,1618.0698067948,0
BCS,D,20211223,000000,28.0743,28.0743,27.4875,28.0743,5977.0734972236,0
BCS,D,20211227,000000,27.6552,28.2753,27.5211,28.2753,4304.113416747,0
BCS,D,20211228,000000,27.8228,28.4052,27.6216,28.4052,5530.791706854,0
BCS,D,20211229,000000,27.9736,29.5827,27.7641,29.5827,6864.8640106863,0
BCS,D,20211230,000000,29.3313,30.1526,28.774,30.1526,9672.6208361939,0
BCS,D,20220103,000000,30.1526,30.5883,29.8174,30.3369,10544.898881007,0
BCS,D,20220104,000000,30.3452,33.3287,30.3452,33.1862,16087.623256052,0
BCS,D,20220105,000000,33.2281,34.7785,32.6876,33.8147,12691.585888694,0
BCS,D,20220107,000000,33.9363,33.9363,32.9599,33.1694,5165.6520601879,0
BCS,D,20220110,000000,33.5215,33.8482,33.0187,33.2281,1986.7892539184,0
BCS,D,20220111,000000,33.3538,33.5215,32.2979,32.7672,2287.4924923493,0
BCS,D,20220112,000000,33.1024,33.27,32.5996,33.1024,5158.4924592729,0
BCS,D,20220113,000000,33.1024,33.1024,32.2644,32.6834,2314.9376291902,0
BCS,D,20220114,000000,32.2644,33.0187,31.8454,33.0187,5546.3041755032,0
BCS,D,20220117,000000,33.1024,34.9461,33.1024,34.7785,15165.228004835,0
BCS,D,20220118,000000,34.7785,35.0717,33.689,33.7729,5531.9849736732,0
BCS,D,20220119,000000,33.7729,33.7729,32.0968,32.6834,3465.2468428703,0
BCS,D,20220120,000000,33.4376,35.0843,32.6834,34.2589,13497.040991634,0
BCS,D,20220121,000000,34.3175,34.3175,32.7672,33.4376,5072.5772482926,0
BCS,D,20220124,000000,32.6834,32.6834,30.2698,31.7573,9883.8290631869,0
BCS,D,20220125,000000,30.6721,31.4765,30.6302,30.8397,3095.3341289276,0
BCS,D,20220126,000000,30.8816,31.506,30.1692,31.506,4813.6383485326,0
BCS,D,20220127,000000,30.383,32.0801,30.383,32.0801,1972.4700520884,0
BCS,D,20220128,000000,31.8454,32.3482,30.9235,32.3482,2131.174539038,0
BCS,D,20220131,000000,32.3482,32.3482,31.309,32.2644,2048.8391285152,0
BCS,D,20220201,000000,31.9292,32.2644,31.594,32.2644,2546.4313921092,0
BCS,D,20220202,000000,32.2644,32.2644,31.5269,32.1805,2707.5224126972,0
BCS,D,20220203,000000,32.1805,32.2644,31.8454,32.2225,1603.7506049648,0
BCS,D,20220204,000000,32.2225,32.2225,31.6777,31.8454,869.89151117509,0
BCS,D,20220207,000000,32.013,32.013,31.4598,31.6777,323.37530799513,0
BCS,D,20220208,000000,31.6777,31.6777,30.8859,31.6736,3063.11592481,0
BCS,D,20220209,000000,31.2587,32.6707,31.2587,32.0968,2609.6745335253,0
BCS,D,20220210,000000,32.0172,32.3482,31.8454,31.9333,4145.4089297974,0
BCS,D,20220211,000000,32.013,32.2644,31.8454,32.2644,1762.4550919145,0
BCS,D,20220214,000000,32.2601,32.2601,30.253,31.3676,1439.0797839193,0
BCS,D,20220215,000000,31.0073,32.0968,31.0073,32.0716,1637.1620759016,0
BCS,D,20220216,000000,31.8454,32.4319,31.1372,32.4278,533.39026816909,0
BCS,D,20220217,000000,32.3062,32.3062,31.0116,31.7616,1855.5299038097,0
BCS,D,20220218,000000,31.5102,31.5102,31.0073,31.485,877.05111209011,0
BCS,D,20220221,000000,30.3202,31.3425,29.5827,29.5827,1559.5997326555,0
BCS,D,20220222,000000,28.5853,31.3425,28.5853,30.1692,3201.5348758337,0
BCS,D,20220223,000000,29.9598,30.5883,29.3313,30.1526,960.57978943203,0
BCS,D,20220224,000000,27.1523,29.3145,25.5015,27.32,2213.5099495607,0
BCS,D,20220225,000000,26.2305,29.7461,26.2305,29.6203,4403.1545627382,0
BCS,D,20220228,000000,27.32,29.6623,27.32,28.9122,3299.3827550056,0
BCS,D,20220301,000000,28.9122,28.9122,27.6845,28.1956,4089.3253892964,0
BCS,D,20220302,000000,27.739,28.4094,25.9791,27.651,5886.3852189668,0
BCS,D,20220303,000000,27.6552,27.6552,26.8172,27.6552,1514.255593527,0
BCS,D,20220304,000000,26.3981,27.563,26.3981,27.563,2313.744362371,0
BCS,D,20220307,000000,26.3981,28.8285,25.9791,28.8285,3801.7480858763,0
BCS,D,20220308,000000,26.9177,29.0798,26.9177,27.6594,1754.1022241803,0
BCS,D,20220309,000000,26.8255,28.7446,26.8255,28.4932,662.26308463947,0
BCS,D,20220310,000000,27.6552,29.3145,27.6552,29.2223,834.09350659999,0
BCS,D,20220311,000000,27.6552,29.3313,27.2362,29.3313,2992.7131824789,0
BCS,D,20220314,000000,29.7084,29.7502,29.3313,29.7502,591.86034230844,0
BCS,D,20220315,000000,28.577,29.5827,28.4094,29.5827,653.91021690528,0
BCS,D,20220316,000000,29.5827,29.9975,28.5812,29.8759,1731.430154616,0
BCS,D,20220317,000000,30.0855,30.3369,29.7502,30.3369,2713.4887467931,0
BCS,D,20220318,000000,30.1692,30.6888,29.6665,30.6553,809.03490339741,0
BCS,D,20220321,000000,30.6721,30.6721,29.3313,29.4318,1341.2319047473,0
BCS,D,20220322,000000,29.4988,30.5841,29.4988,30.5841,180.18328969471,0
BCS,D,20220323,000000,30.5883,30.5883,29.7502,30.5883,903.30298211186,0
BCS,D,20220324,000000,29.8341,30.5799,29.8341,30.5799,1028.5959981247,0
BCS,D,20220325,000000,30.0017,30.5883,29.6582,30.5044,578.73440729756,0
BCS,D,20220328,000000,30.1692,30.1692,29.7502,30.1692,608.56607777681,0
BCS,D,20220329,000000,29.8927,31.0031,29.591,31.0031,1855.5299038097,0
BCS,D,20220330,000000,30.957,30.9989,30.1734,30.9989,960.57978943203,0
BCS,D,20220331,000000,30.1734,30.5799,29.8341,30.5799,330.53490891015,0
BCS,D,20220401,000000,29.8382,30.4877,29.8382,30.4877,2879.3528346578,0
BCS,D,20220404,000000,29.8382,30.3787,29.8382,30.3787,1551.2468649213,0
BCS,D,20220405,000000,29.9472,31.5017,29.9472,31.5017,1912.8067111299,0
BCS,D,20220406,000000,30.5883,31.0073,30.5883,30.9235,190.92269106724,0
BCS,D,20220407,000000,31.4263,31.8454,30.9235,31.8454,2980.7805142872,0
BCS,D,20220408,000000,33.5215,34.3594,32.6834,34.3511,11541.276675013,0
BCS,D,20220411,000000,33.5215,34.3511,32.7253,34.1751,4301.7268831087,0
BCS,D,20220412,000000,33.4376,34.5941,32.9347,34.0243,3446.1545737636,0
BCS,D,20220413,000000,34.3594,34.3594,33.5215,34.3594,2308.9712950944,0
BCS,D,20220414,000000,34.3594,34.3594,33.5717,33.9321,310.24937298426,0
BCS,D,20220419,000000,33.5968,33.9279,33.1066,33.5256,1888.9413747465,0
BCS,D,20220420,000000,33.9236,34.2002,33.2155,34.0243,1044.1084667739,0
BCS,D,20220421,000000,34.0284,34.2044,33.5256,33.5256,1538.1209299104,0
BCS,D,20220422,000000,33.5215,33.5215,31.4263,31.8454,2834.0086955293,0
BCS,D,20220425,000000,32.5996,32.5996,31.8454,31.8454,254.16583248326,0
BCS,D,20220426,000000,32.5577,33.5215,31.552,33.4921,1298.2742992572,0
BCS,D,20220427,000000,32.5158,33.1024,31.4348,33.1024,1936.6720475133,0
BCS,D,20220428,000000,33.0898,33.0983,32.5158,33.0102,114.55361464034,0
BCS,D,20220429,000000,32.5158,33.0187,32.5158,32.9347,235.07356337653,0
BCS,D,20220502,000000,32.9347,34.3343,31.8454,34.3343,3197.9550753762,0
BCS,D,20220504,000000,34.2924,34.3175,33.5215,34.3175,3158.5772703436,0
BCS,D,20220505,000000,34.2757,34.2757,32.7421,32.9347,2918.7306396904,0
BCS,D,20220506,000000,32.6834,33.4376,31.9333,33.4208,1262.4762946821,0
BCS,D,20220509,000000,33.4208,33.7686,33.27,33.27,126.48628283204,0
BCS,D,20220510,000000,33.5172,33.5172,32.235,33.0187,1196.8466196277,0
BCS,D,20220511,000000,32.985,33.0187,32.1805,32.9683,717.15335832131,0
BCS,D,20220512,000000,32.1805,32.9558,31.5102,32.2979,428.38278808211,0
BCS,D,20220513,000000,31.8454,32.235,31.2629,32.0298,433.15585535879,0
BCS,D,20220516,000000,32.0298,33.5047,32.0298,33.4292,970.12592398539,0
BCS,D,20220517,000000,33.3622,33.3622,32.0298,32.3482,562.02867182918,0
BCS,D,20220518,000000,32.3482,33.2616,32.3482,33.094,453.44139128469,0
BCS,D,20220519,000000,33.0522,33.0605,33.0522,33.0605,199.27555880142,0
BCS,D,20220520,000000,32.7672,33.094,32.7672,33.094,594.24687594677,0
BCS,D,20220523,000000,32.7965,33.5215,32.6834,33.4795,2582.2293966844,0
BCS,D,20220524,000000,33.4376,33.4376,32.7672,33.1024,1280.3752969696,0
BCS,D,20220525,000000,32.7672,33.1024,32.7672,33.1024,132.45261692789,0
BCS,D,20220526,000000,32.851,33.4795,32.851,33.3119,494.01246313647,0
BCS,D,20220527,000000,33.0187,33.9404,33.0187,33.689,4691.9251329773,0
BCS,D,20220530,000000,33.689,33.8985,33.5215,33.8567,2737.3540831765,0
BCS,D,20220531,000000,33.8147,33.9321,33.689,33.8608,1610.9102058798,0
BCS,D,20220601,000000,33.8608,33.9404,33.5215,33.9069,3909.1420996016,0
BCS,D,20220602,000000,33.7309,33.9321,33.5256,33.9321,457.0211917422,0
BCS,D,20220603,000000,33.7729,33.9321,33.5215,33.5298,1713.5311523285,0
BCS,D,20220606,000000,33.9321,33.9321,33.5256,33.9321,662.26308463947,0
BCS,D,20220607,000000,33.9321,34.2505,33.9321,34.2505,579.92767411673,0
BCS,D,20220608,000000,34.2505,34.3511,33.9488,34.3092,709.99375740629,0
BCS,D,20220609,000000,34.2422,34.3511,34.0243,34.1918,301.89650525007,0
BCS,D,20220610,000000,34.0243,34.2757,33.9488,34.1918,449.86159082718,0
BCS,D,20220613,000000,34.1918,34.1918,32.013,32.013,3740.8914780986,0
BCS,D,20220614,000000,33.3371,33.4711,32.0968,32.9347,210.01496017395,0
BCS,D,20220615,000000,33.0143,33.0143,32.013,32.9306,1526.1882617187,0
BCS,D,20220617,000000,32.013,32.9347,32.013,32.6834,71.596009150214,0
BCS,D,20220620,000000,32.3482,32.6834,32.3482,32.6834,195.69575834392,0
BCS,D,20220621,000000,32.6834,32.6834,32.3482,32.3482,400.93765124119,0
BCS,D,20220622,000000,31.9292,32.6834,31.9292,32.6834,758.91769699226,0
BCS,D,20220623,000000,31.8454,32.629,31.8034,32.629,1445.0461180151,0
BCS,D,20220624,000000,31.6777,32.5115,30.9905,32.3314,793.5224347482,0
BCS,D,20220627,000000,31.2587,32.3314,31.0073,32.3314,406.90398533705,0
BCS,D,20220628,000000,32.2644,32.344,32.2644,32.323,411.67705261373,0
BCS,D,20220629,000000,32.2644,32.3356,31.8454,32.3314,442.70198991216,0
BCS,D,20220630,000000,32.344,32.3482,31.8454,32.3482,230.30049609985,0
BCS,D,20220701,000000,32.3482,32.3482,31.8454,32.3482,692.09475511873,0
BCS,D,20220704,000000,31.8454,32.3482,31.8454,32.3482,3082.2081939167,0
BCS,D,20220705,000000,33.0187,33.0187,31.7616,32.1805,485.65959540228,0
BCS,D,20220706,000000,32.1805,32.1805,32.1805,32.1805,3.5798004575106,0
BCS,D,20220707,000000,31.7746,32.1276,31.0861,31.9511,1859.2234374406,0
BCS,D,20220708,000000,31.7746,34.599,31.3333,34.599,1958.9258521236,0
BCS,D,20220711,000000,33.5398,35.1991,33.5398,34.4047,591.41659618769,0
BCS,D,20220712,000000,33.584,34.3695,32.6571,34.3695,932.44417368289,0
BCS,D,20220713,000000,32.7014,34.3695,32.6571,34.0694,1754.9890948175,0
BCS,D,20220715,000000,32.6571,35.2168,32.6571,34.418,693.38497484074,0
BCS,D,20220718,000000,34.4224,35.0403,33.8046,34.4003,2934.4233412378,0
BCS,D,20220719,000000,33.734,34.4224,33.5574,34.4136,1068.402011887,0
BCS,D,20220720,000000,34.4136,34.4224,33.6458,34.4092,1573.7119772121,0
BCS,D,20220721,000000,34.4136,34.4224,33.937,34.0562,981.16239903934,0
BCS,D,20220722,000000,34.418,34.4224,34.0782,34.4224,4126.3203894934,0
BCS,D,20220725,000000,34.4224,34.4224,34.1577,34.1577,1109.1893633482,0
BCS,D,20220726,000000,33.8928,33.9811,33.8928,33.9811,83.840666892507,0
BCS,D,20220727,000000,34.4224,36.982,34.4224,36.982,13140.325062423,0
BCS,D,20220728,000000,36.4525,37.6705,36.4525,36.8056,2991.0724404895,0
BCS,D,20220729,000000,36.982,38.4825,36.4525,38.3766,129829.53864701,0
BCS,D,20220801,000000,38.3589,38.3589,37.2601,37.7764,2755.4121876024,0
BCS,D,20220802,000000,37.997,39.2592,37.3351,37.8647,25733.419826075,0
BCS,D,20220803,000000,38.5532,38.5532,37.2557,37.2778,9318.7768269037,0
BCS,D,20220804,000000,37.9529,38.1207,36.6334,37.2822,5587.8671501871,0
BCS,D,20220805,000000,37.847,39.4535,37.5116,38.2177,20273.579640197,0
BCS,D,20220808,000000,38.7429,38.9238,37.7764,38.2177,10463.088631788,0
BCS,D,20220809,000000,38.3898,38.3898,37.5998,38.0412,7103.7970461625,0
BCS,D,20220810,000000,38.1295,38.1295,37.6043,37.9441,8667.3121855092,0
BCS,D,20220811,000000,37.9441,38.5708,37.5116,38.2177,5641.1173034837,0
BCS,D,20220812,000000,38.2177,38.7473,38.1295,38.3942,3822.6812175043,0
BCS,D,20220816,000000,38.306,38.306,36.7172,37.1232,6780.8971804278,0
BCS,D,20220817,000000,37.9529,37.9529,36.3642,37.0703,4586.3110754172,0
BCS,D,20220818,000000,37.0703,37.0703,35.6581,35.9582,7056.211802791,0
BCS,D,20220819,000000,36.6246,37.6219,36.5496,36.8453,14978.021842148,0
BCS,D,20220822,000000,36.8409,36.8409,35.6405,36.17,9443.4048452574,0
BCS,D,20220823,000000,35.7463,36.17,35.3315,35.9406,9580.4956654465,0
BCS,D,20220824,000000,35.9406,35.9406,34.4224,35.2168,11061.303119886,0
BCS,D,20220825,000000,35.2697,35.305,34.7402,35.2697,1118.2532192284,0
BCS,D,20220826,000000,35.305,35.7463,35.1285,35.5478,5439.4465101477,0
BCS,D,20220829,000000,35.6581,36.1788,35.005,36.1788,2706.693962246,0
BCS,D,20220830,000000,36.1788,36.1788,34.9521,35.2962,1519.3288419304,0
BCS,D,20220831,000000,35.892,35.892,34.4224,34.8196,3151.9558823643,0
BCS,D,20220901,000000,34.599,34.599,32.0393,33.5309,14130.551317343,0
BCS,D,20220902,000000,32.8337,33.3589,31.4215,32.8293,17224.72511847,0
BCS,D,20220905,000000,33.0102,33.3633,32.8337,33.3633,4718.8699676661,0
BCS,D,20220906,000000,33.3633,33.3633,32.3262,33.0102,1847.8936175903,0
BCS,D,20220907,000000,32.6748,33.0985,32.2159,32.2689,8476.9712120235,0
BCS,D,20220908,000000,32.922,33.0102,32.4101,33.0102,3122.4983507534,0
BCS,D,20220909,000000,33.0985,33.3633,32.6042,33.3633,4007.3572810649,0
BCS,D,20220912,000000,33.3633,33.3633,32.7455,32.8425,2171.92646531,0
BCS,D,20220913,000000,33.1427,33.1427,31.9864,32.6571,5922.0968357721,0
BCS,D,20220914,000000,32.2159,33.1868,32.1276,33.0102,2902.6998456568,0
BCS,D,20220915,000000,33.1427,33.1868,32.2159,32.6395,2533.3477185358,0
BCS,D,20220916,000000,32.6395,32.6395,31.8628,32.5468,5178.8606535899,0
BCS,D,20220919,000000,32.2159,32.3042,31.4304,32.3042,5019.1101937001,0
BCS,D,20220920,000000,31.7923,32.9176,31.2449,31.9511,9374.2929441704,0
BCS,D,20220921,000000,31.4348,31.8628,30.4507,31.6863,6071.6504577966,0
BCS,D,20220922,000000,31.1655,31.7746,30.7154,31.4745,19261.826727561,0
BCS,D,20220923,000000,30.808,31.3333,30.1241,30.5389,6973.5041178836,0
BCS,D,20220926,000000,30.0093,30.0093,28.9148,29.4797,10773.525695687,0
BCS,D,20220927,000000,29.3914,30.892,29.1444,30.0093,19759.205818991,0
BCS,D,20220928,000000,30.23,32.3748,30.23,32.3748,8526.822419365,0
BCS,D,20220929,000000,31.7834,32.1938,30.9802,32.1938,3202.9400716908,0
BCS,D,20220930,000000,31.598,33.5398,31.0685,33.5398,7555.856858191,0
BCS,D,20221003,000000,32.3395,33.1691,31.6421,31.8628,5259.3023745273,0
BCS,D,20221004,000000,32.4762,32.4762,31.4215,31.7746,2433.6453038528,0
BCS,D,20221005,000000,31.7746,32.7234,31.4215,32.7234,2685.1673045303,0
BCS,D,20221006,000000,32.2159,33.275,31.8673,33.275,2792.8005931085,0
BCS,D,20221007,000000,33.1868,33.1868,32.3395,33.0896,2502.7572049399,0
BCS,D,20221010,000000,33.4471,33.4471,32.6571,32.6571,4185.2354527152,0
BCS,D,20221011,000000,32.3924,32.3924,31.4215,31.4215,4807.2425624988,0
BCS,D,20221012,000000,31.4215,31.7657,30.9361,31.3156,2237.6394204419,0
BCS,D,20221013,000000,31.3156,31.3333,30.7242,31.1391,4214.6929843261,0
BCS,D,20221014,000000,31.1391,31.1655,30.7154,31.1126,4425.4276335424,0
BCS,D,20221017,000000,31.1126,31.1567,30.6271,31.064,3233.5305852867,0
BCS,D,20221018,000000,30.892,31.1126,30.027,30.8036,7353.0530828699,0
BCS,D,20221019,000000,30.5389,30.892,30.1196,30.4507,2173.059447295,0
BCS,D,20221020,000000,30.4507,30.8876,30.4064,30.8832,1977.0535638841,0
BCS,D,20221021,000000,30.4507,31.4215,30.327,31.4215,2162.8626094297,0
BCS,D,20221024,000000,30.892,30.9008,30.5654,30.892,2161.7296274447,0
BCS,D,20221025,000000,30.892,30.892,30.2211,30.786,867.86420053596,0
BCS,D,20221026,000000,30.786,32.3042,30.786,32.0349,3427.2705047275,0
BCS,D,20221027,000000,32.0217,32.2909,31.1567,32.2909,3048.8545217262,0
BCS,D,20221028,000000,32.2998,33.0808,31.4657,32.0614,3010.333134235,0
BCS,D,20221031,000000,32.0614,32.5336,31.3509,32.5336,1947.5960322732,0
BCS,D,20221102,000000,32.207,33.1691,31.6863,33.1691,7249.9517222318,0
BCS,D,20221103,000000,32.2159,33.094,31.9158,33.094,7260.1485600971,0
BCS,D,20221104,000000,32.6571,33.1868,32.4101,32.9926,8518.8915454698,0
BCS,D,20221107,000000,32.922,32.922,32.0393,32.5248,4499.0714625696,0
BCS,D,20221108,000000,32.3218,35.5434,32.3218,35.1241,18822.229717368,0
BCS,D,20221109,000000,35.305,35.305,34.3342,34.5284,4171.6396688948,0
BCS,D,20221110,000000,34.5107,35.1285,34.0915,34.599,7124.1907218931,0
BCS,D,20221114,000000,34.599,36.1877,34.599,35.8302,12201.08299683,0
BCS,D,20221115,000000,35.8302,36.7967,35.305,35.7331,7663.4901467692,0
BCS,D,20221116,000000,35.561,35.561,35.1285,35.3403,2813.1942688391,0
BCS,D,20221117,000000,35.155,35.1727,34.2327,34.9785,2421.1825020174,0
BCS,D,20221118,000000,34.9741,34.9741,33.8046,34.418,4726.8008415614,0
BCS,D,20221121,000000,34.8064,35.305,34.44,34.44,4354.0497684852,0
BCS,D,20221122,000000,34.7755,35.305,34.5196,35.2168,2638.7150431439,0
BCS,D,20221123,000000,35.2035,35.208,34.7755,35.1285,2648.9118810092,0
BCS,D,20221124,000000,35.4154,35.4154,34.8637,35.305,793.08738952372,0
BCS,D,20221125,000000,35.1241,35.2168,34.0871,34.1533,7204.6324428305,0
BCS,D,20221128,000000,34.4224,34.4224,33.9105,33.9811,3511.11117162,0
BCS,D,20221129,000000,34.3342,34.4224,33.6281,34.3783,2184.3892671453,0
BCS,D,20221130,000000,34.0253,35.0932,34.0253,34.4224,3047.7215397412,0
BCS,D,20221201,000000,34.7578,34.7578,34.0253,34.2459,2744.0823677521,0
BCS,D,20221202,000000,34.0385,34.599,33.9414,33.9414,8708.0995369704,0
BCS,D,20221205,000000,33.9811,35.7463,33.9811,34.8637,10131.124910173,0
BCS,D,20221206,000000,34.8196,35.1991,34.2018,34.4224,3707.1170550309,0
BCS,D,20221207,000000,34.4224,34.7755,33.9987,34.4312,6209.8742599707,0
BCS,D,20221208,000000,34.1577,35.1285,33.7164,35.1285,16873.50070311,0
BCS,D,20221209,000000,35.0403,35.7022,34.599,35.1021,21637.689950177,0
BCS,D,20221212,000000,35.1021,36.8056,35.1021,35.4816,30894.152767904,0
BCS,D,20221213,000000,35.4993,36.629,35.4816,36.629,19685.561989963,0
BCS,D,20221214,000000,36.629,37.9529,36.5407,37.9529,20173.877225513,0
BCS,D,20221215,000000,37.9485,37.9485,36.6466,36.7172,9044.5951865255,0
BCS,D,20221216,000000,36.629,38.2619,36.0376,37.9088,6877.2006491557,0
BCS,D,20221219,000000,37.9353,38.2133,37.2998,37.9529,3136.0941345738,0
BCS,D,20221220,000000,37.7764,37.9529,37.3175,37.9529,2288.6236097684,0
BCS,D,20221221,000000,37.9529,39.5417,37.3792,39.268,11600.602544762,0
BCS,D,20221222,000000,39.0121,39.9389,38.8356,39.3739,13003.234242234,0
BCS,D,20221223,000000,39.7182,39.7182,39.1886,39.1886,7977.3261566236,0
BCS,D,20221227,000000,39.1886,39.5417,38.3501,38.7208,5238.9086987967,0
BCS,D,20221228,000000,38.5752,40.4199,38.5752,40.4067,18518.590545378,0
BCS,D,20221229,000000,41.0421,42.3661,41.0421,42.1012,29737.378161184,0
BCS,D,20221230,000000,42.1455,42.1455,41.1304,41.4834,9579.3626834615,0
BCS,D,20230102,000000,41.554,41.7924,40.6891,41.3908,16793.058982172,0
BCS,D,20230103,000000,41.3908,43.8665,40.6185,43.6635,18561.64386081,0
BCS,D,20230104,000000,44.1313,44.5727,42.8074,43.69,27300.333911376,0
BCS,D,20230105,000000,43.6856,44.0387,42.3705,43.2443,12153.497753458,0
BCS,D,20230109,000000,44.0254,44.1313,42.8868,43.2487,12186.354231024,0
BCS,D,20230110,000000,43.2487,43.3369,42.8074,43.2487,9818.4218823036,0
BCS,D,20230111,000000,43.2487,43.5135,42.5823,43.1958,4390.3051920063,0
BCS,D,20230112,000000,43.1958,43.2487,42.7633,42.9795,2806.3963769289,0
BCS,D,20230113,000000,43.2046,43.2046,42.5426,43.1516,3669.7286495248,0
BCS,D,20230116,000000,43.1516,43.2002,41.4834,42.2867,13442.831252427,0
BCS,D,20230117,000000,42.2778,42.3837,41.4393,41.4393,7535.4631824604,0
BCS,D,20230118,000000,41.1304,42.2602,40.8259,42.2602,5530.0850689504,0
BCS,D,20230119,000000,42.3661,42.8074,41.4834,42.7191,3425.0045407574,0
BCS,D,20230120,000000,42.1896,43.1605,41.3952,42.5426,8737.5570685813,0
BCS,D,20230123,000000,42.5426,42.5426,41.0421,41.6599,11072.632939736,0
BCS,D,20230124,000000,41.4834,41.6599,40.2477,41.4834,19057.889970255,0
BCS,D,20230125,000000,41.0421,41.3952,40.0713,40.5126,6885.1315230509,0
BCS,D,20230126,000000,40.7773,41.1304,40.1595,41.0421,14579.212183416,0
BCS,D,20230127,000000,40.6008,41.0421,40.4243,40.6008,3600.6167484377,0
BCS,D,20230130,000000,41.0421,41.307,39.7182,40.0713,6593.9551528972,0
BCS,D,20230131,000000,39.8064,40.6008,39.8064,40.1595,3362.6905315806,0
BCS,D,20230201,000000,40.6008,41.4834,40.1595,41.4834,6699.3224775054,0
BCS,D,20230202,000000,41.9248,42.3661,41.4834,41.8365,2891.3700258065,0
BCS,D,20230203,000000,42.013,42.1896,41.4834,41.4834,1917.0055186773,0
BCS,D,20230206,000000,42.1012,42.2778,40.9539,41.4834,8274.1674367025,0
BCS,D,20230207,000000,41.4834,41.4834,40.6891,40.9539,4083.2670740621,0
BCS,D,20230208,000000,41.4834,42.2778,41.307,41.8365,9667.7352782941,0
BCS,D,20230209,000000,41.5717,42.013,41.0421,41.4834,5638.8513395136,0
BCS,D,20230210,000000,41.4834,41.4834,40.6891,41.2186,4181.8365067601,0
BCS,D,20230213,000000,41.2186,41.2186,40.0713,41.0421,7381.3776324958,0
BCS,D,20230214,000000,41.0421,41.0421,40.4243,40.6008,922.24733581758,0
BCS,D,20230215,000000,40.4243,41.2186,40.0713,41.1304,1385.6369676964,0
BCS,D,20230216,000000,41.0421,41.8365,40.2477,41.7483,3918.9846862322,0
BCS,D,20230217,000000,41.7483,43.2487,41.7483,42.8074,6801.2908561584,0
BCS,D,20230220,000000,42.8074,43.2487,41.8365,42.013,4739.2636433967,0
BCS,D,20230221,000000,42.1012,42.2778,41.307,41.4834,6527.1092157802,0
BCS,D,20230222,000000,41.4834,41.9248,40.6891,41.2186,5851.8519527,0
BCS,D,20230223,000000,40.8656,41.8365,40.8656,40.9539,1467.2116706189,0
BCS,D,20230224,000000,40.8656,41.0421,40.4243,40.8656,6929.3178204672,0
BCS,D,20230227,000000,40.8656,40.8656,40.336,40.4243,6322.0394764891,0
BCS,D,20230228,000000,40.6008,40.7773,40.4243,40.6008,5713.6281505259,0
BCS,D,20230301,000000,41.3952,41.3952,40.1595,40.6008,7277.1432898726,0
BCS,D,20230302,000000,40.6891,41.0421,40.336,40.5126,2140.202969729,0
BCS,D,20230303,000000,40.6008,40.8656,40.336,40.7773,4142.1821372839,0
BCS,D,20230306,000000,40.7773,40.8656,40.2477,40.4243,8035.1082378603,0
BCS,D,20230307,000000,40.6891,40.6891,40.1595,40.336,3128.1632606786,0
BCS,D,20230308,000000,40.5126,40.8656,40.1595,40.6008,20510.372875069,0
BCS,D,20230309,000000,40.7773,43.69,40.4243,43.4252,55806.160654829,0
BCS,D,20230310,000000,42.8074,43.0722,42.4543,42.8074,6809.2217300536,0
BCS,D,20230313,000000,43.2487,45.014,41.6599,42.9839,16253.759557296,0
BCS,D,20230314,000000,43.2487,43.2487,42.5426,43.2487,4631.6303548185,0
BCS,D,20230315,000000,43.2487,43.2487,41.9248,42.013,4250.9484078471,0
BCS,D,20230316,000000,42.013,42.9839,40.9539,42.9839,6155.4911246891,0
BCS,D,20230317,000000,43.2487,43.2487,41.9248,42.4543,5924.3627997422,0
BCS,D,20230320,000000,42.5426,42.5426,41.2186,42.1012,2885.7051158813,0
BCS,D,20230321,000000,41.9248,42.8956,41.6599,42.2778,6079.5813316918,0
BCS,D,20230322,000000,41.7483,42.3661,41.6599,42.3661,2677.2364306351,0
BCS,D,20230323,000000,42.2778,42.3661,41.4834,42.2778,4273.6080475478,0
BCS,D,20230324,000000,42.013,42.3661,40.8656,41.3952,7409.7021821216,0
BCS,D,20230327,000000,41.4834,42.1012,40.7773,41.3952,7563.7877320862,0
BCS,D,20230328,000000,41.307,42.1896,41.307,42.013,1907.9416627971,0
BCS,D,20230329,000000,42.013,42.8074,41.7483,42.6309,3712.781964956,0
BCS,D,20230330,000000,42.7191,42.8074,42.1012,42.8074,3530.3718653656,0
BCS,D,20230331,000000,42.7191,43.9548,42.3661,43.0722,5897.1712321014,0
BCS,D,20230403,000000,43.0722,44.3078,43.0722,44.1313,18438.148824442,0
BCS,D,20230404,000000,44.1313,44.4844,43.2487,44.0431,10748.600092016,0
BCS,D,20230405,000000,44.0431,44.3078,43.5135,43.8665,9199.8137184751,0
BCS,D,20230406,000000,44.1313,44.1313,43.7783,44.0431,7049.4139108808,0
BCS,D,20230411,000000,44.3078,46.7792,44.3078,46.7792,42580.861943529,0
BCS,D,20230412,000000,47.8383,48.8975,47.1323,48.3679,19811.322990302,0
BCS,D,20230413,000000,48.3679,48.5445,46.9557,47.8383,19973.339414162,0
BCS,D,20230414,000000,47.4853,47.8383,46.4262,47.8383,4215.8259663111,0
BCS,D,20230417,000000,47.6619,48.0149,46.4262,47.4853,7950.1345889828,0
BCS,D,20230418,000000,47.1323,47.4853,46.6026,46.7792,2451.7730156133,0
BCS,D,20230419,000000,46.7792,46.7792,45.1905,46.0731,6324.3054404591,0
BCS,D,20230420,000000,46.7792,47.3088,46.0731,46.7792,7384.7765784509,0
BCS,D,20230421,000000,46.0731,46.9557,45.1905,45.8966,4770.9871389777,0
BCS,D,20230424,000000,45.8966,46.4262,45.1905,45.8966,3483.9196039792,0
BCS,D,20230425,000000,45.8966,45.8966,45.014,45.014,3349.0947477602,0
BCS,D,20230426,000000,44.6609,45.8966,44.3078,45.5435,15594.364042007,0
BCS,D,20230427,000000,45.5435,47.4853,45.5435,47.3088,7598.9101736223,0
BCS,D,20230428,000000,47.3088,48.0149,45.367,45.8966,7364.3829027203,0
BCS,D,20230502,000000,42.3661,43.69,39.8948,41.8365,53090.402836703,0
BCS,D,20230504,000000,41.0421,41.8365,40.4243,41.2186,35443.075437815,0
BCS,D,20230505,000000,41.2186,41.8365,40.8656,41.8365,5517.622267115,0
BCS,D,20230508,000000,41.8365,43.1605,41.0421,43.1605,14724.2338775,0
BCS,D,20230509,000000,43.2487,43.9548,43.0722,43.0722,8005.6507062494,0
BCS,D,20230510,000000,43.7783,43.7783,42.1896,42.7191,6294.8479088483,0
BCS,D,20230511,000000,42.3661,42.8074,41.9248,42.3661,3863.4685689655,0
BCS,D,20230512,000000,42.3661,43.0722,41.7483,42.8956,4026.6179748104,0
BCS,D,20230515,000000,42.4543,45.5435,42.3661,44.8374,26242.128737355,0
BCS,D,20230516,000000,45.1905,45.1905,44.3078,45.014,14973.489914207,0
BCS,D,20230517,000000,45.014,46.2497,44.4844,45.8966,12909.196737477,0
BCS,D,20230518,000000,45.5435,46.2497,41.5717,42.9839,69246.725943286,0
BCS,D,20230519,000000,42.9839,42.9839,40.1595,42.9839,60747.095091561,0
BCS,D,20230522,000000,41.4834,42.8074,41.2186,42.6309,19418.178241496,0
BCS,D,20230523,000000,42.3661,43.5135,41.5717,43.5135,14940.633436642,0
BCS,D,20230524,000000,43.2487,43.2487,42.1012,42.8956,8249.2418330317,0
BCS,D,20230525,000000,42.8074,43.5135,41.9248,42.3661,7029.0202351502,0
BCS,D,20230526,000000,42.3661,42.3661,41.4834,42.1012,9665.4693143241,0
BCS,D,20230529,000000,41.7483,41.8365,40.6891,41.2186,14058.0404703,0
BCS,D,20230530,000000,40.8656,41.1304,39.1886,40.1595,15885.54041216,0
BCS,D,20230531,000000,39.5417,42.3661,38.9238,42.3661,27182.503784933,0
BCS,D,20230601,000000,42.2778,42.6309,40.1595,42.6309,13168.649612049,0
BCS,D,20230602,000000,42.5426,43.0722,41.4834,42.9839,8984.5471413187,0
BCS,D,20230605,000000,42.6309,42.9839,41.4834,41.4834,7864.0279581202,0
BCS,D,20230606,000000,41.4834,41.4834,41.0421,41.4834,1521.5948059005,0
BCS,D,20230607,000000,40.4243,41.8365,40.4243,40.9539,7278.2762718577,0
BCS,D,20230609,000000,40.9539,40.9539,40.4243,40.6008,3950.7081818132,0
BCS,D,20230612,000000,40.6008,40.6891,39.7182,40.4243,11362.676327905,0
BCS,D,20230613,000000,40.4243,40.4243,39.6299,39.7182,4783.4499408131,0
BCS,D,20230614,000000,39.6299,39.7182,37.8647,38.5708,18788.240257817,0
BCS,D,20230615,000000,38.6591,41.307,38.306,40.2477,40508.637892902,0
BCS,D,20230616,000000,40.6008,41.7483,40.4243,41.7483,8616.3279961827,0
BCS,D,20230619,000000,41.9248,42.7191,40.9539,42.3661,14797.877706528,0
BCS,D,20230620,000000,42.3661,42.3661,41.6599,42.3661,18049.536003575,0
BCS,D,20230621,000000,42.1012,42.1896,41.6599,42.1896,3166.6846481697,0
BCS,D,20230622,000000,42.013,42.013,41.307,41.9248,2510.6880788351,0
BCS,D,20230623,000000,41.3952,42.013,41.3952,42.013,904.11962405704,0
BCS,D,20230626,000000,42.013,42.013,41.0421,41.1304,2128.8731498787,0
BCS,D,20230627,000000,40.9539,42.013,40.7773,41.2186,5169.7967977096,0
BCS,D,20230628,000000,41.2186,41.9248,40.9539,41.2186,2345.2727090201,0
BCS,D,20230629,000000,41.2186,41.9248,40.7773,41.1304,2115.2773660583,0
BCS,D,20230630,000000,41.2186,41.8365,41.0421,41.4834,3435.2013786227,0
BCS,D,20230703,000000,41.307,41.7483,41.0421,41.307,4699.6092739206,0
BCS,D,20230704,000000,41.5717,41.5717,41.1304,41.2186,3633.4732260037,0
BCS,D,20230705,000000,41.3952,41.3952,40.7773,41.3952,8081.5604992467,0
BCS,D,20230706,000000,42.0508,42.0508,40.2713,42.0508,4120.4742988887,0
BCS,D,20230707,000000,42.0508,42.2381,41.2079,42.2381,1218.3107476113,0
BCS,D,20230710,000000,42.2381,42.6127,42.1444,42.6127,1530.0957943269,0
BCS,D,20230711,000000,42.8937,42.8937,41.9571,42.1444,5620.6728969552,0
BCS,D,20230712,000000,42.519,42.8937,42.2381,42.7063,1522.6214952618,0
BCS,D,20230713,000000,42.7063,42.9873,42.7063,42.9873,2673.6635512872,0
BCS,D,20230714,000000,42.9873,43.7365,42.1444,43.081,5756.2780371363,0
BCS,D,20230717,000000,43.2683,43.2683,41.9571,42.4254,5617.4696259273,0
BCS,D,20230718,000000,42.1444,43.4556,41.0206,43.4556,8669.1191585067,0
BCS,D,20230719,000000,44.0175,44.8604,43.081,44.0175,11809.392522858,0
BCS,D,20230720,000000,44.2048,46.7335,44.2048,46.7335,10326.27803694,0
BCS,D,20230721,000000,46.8271,48.3256,46.7335,47.7637,10673.299064963,0
BCS,D,20230724,000000,48.3256,49.0748,45.3287,45.8906,20773.212615931,0
BCS,D,20230725,000000,46.2652,46.6398,45.516,45.8906,4498.4602801809,0
BCS,D,20230726,000000,44.954,45.235,43.081,43.9239,10357.24299021,0
BCS,D,20230727,000000,44.3921,44.954,42.8937,43.081,7631.2593454671,0
BCS,D,20230728,000000,42.8937,42.8937,41.4888,41.6761,14701.946261052,0
BCS,D,20230731,000000,41.6761,42.0508,40.7396,41.0206,8369.0794388934,0
BCS,D,20230801,000000,41.0206,42.0508,41.0206,41.4888,4300.9252334604,0
BCS,D,20230802,000000,41.7698,41.7698,41.0206,41.6761,2205.9859812138,0
BCS,D,20230803,000000,41.2079,41.9571,41.1142,41.7698,9727.266354723,0
BCS,D,20230804,000000,41.7698,42.519,40.7396,42.1444,4772.873831571,0
BCS,D,20230807,000000,40.9269,42.0508,40.9269,41.7698,1005.8271027606,0
BCS,D,20230808,000000,41.8635,42.0508,41.3952,42.0508,1151.0420560254,0
BCS,D,20230809,000000,42.0508,42.0508,40.1777,40.2713,4166.3878502886,0
BCS,D,20230810,000000,40.084,41.6761,39.3348,41.4888,3603.6799063875,0
BCS,D,20230811,000000,41.5825,42.0508,41.2079,41.3015,1586.6869158198,0
BCS,D,20230814,000000,38.3982,38.3982,36.8998,37.1807,41642.5233627,0
BCS,D,20230816,000000,37.1807,37.3681,35.214,35.5886,16630.315419847,0
BCS,D,20230817,000000,35.5886,36.0569,35.4013,35.5886,3699.7780372245,0
BCS,D,20230818,000000,35.5886,35.5886,33.7155,33.9965,18176.427569314,0
BCS,D,20230821,000000,33.9965,35.1204,33.7155,34.933,6055.2499997403,0
BCS,D,20230822,000000,34.933,36.4315,34.933,36.0569,8401.1121491724,0
BCS,D,20230823,000000,35.9632,36.1505,34.7457,35.6823,7962.2640183501,0
BCS,D,20230824,000000,35.8696,36.8998,35.8696,36.8061,1993.5023363631,0
BCS,D,20230825,000000,36.6188,37.7427,35.6823,36.8061,2890.4182241751,0
BCS,D,20230828,000000,37.1807,37.4617,36.8061,37.1807,966.3200934165,0
BCS,D,20230829,000000,36.9934,37.1807,36.6188,36.8061,1547.1799064757,0
BCS,D,20230830,000000,36.7125,36.8061,35.4013,36.5252,4602.032710083,0
BCS,D,20230831,000000,36.8061,37.3681,35.4013,37.3681,3861.0093456288,0
BCS,D,20230901,000000,37.3681,37.649,36.8061,37.649,1137.1612149045,0
BCS,D,20230904,000000,37.7427,37.7427,36.8061,37.7427,1424.3878504062,0
BCS,D,20230905,000000,37.7427,37.93,36.8061,37.0871,3079.4112148212,0
BCS,D,20230906,000000,37.1807,37.1807,35.214,35.495,2696.0864484825,0
BCS,D,20230907,000000,35.6823,35.8696,34.7457,35.0267,3946.4299063728,0
BCS,D,20230908,000000,35.9632,35.9632,34.2775,35.0267,6053.1144857217,0
BCS,D,20230911,000000,35.0267,35.1204,34.6521,34.933,2047.9579438374,0
BCS,D,20230912,000000,31.3742,31.7488,29.0328,29.1265,128551.53737766,0
BCS,D,20230913,000000,28.5646,29.5947,28.2836,29.5011,39096.990652529,0
BCS,D,20230914,000000,29.5947,30.4376,29.0328,29.4074,11861.712616314,0
BCS,D,20230915,000000,29.4074,29.4074,28.8455,29.3138,7744.4415884529,0
BCS,D,20230918,000000,28.5646,29.0328,28.2836,28.3772,7616.3107473369,0
BCS,D,20230919,000000,28.3772,29.4074,28.3772,29.3138,6800.5443922317,0
BCS,D,20230920,000000,29.4074,29.5947,28.3772,29.1265,11016.049064948,0
BCS,D,20230921,000000,28.8455,29.2201,28.8455,29.2201,4480.3084110228,0
BCS,D,20230922,000000,29.1265,29.1265,28.4709,28.6582,2753.7453269847,0
BCS,D,20230925,000000,29.0328,29.0328,28.0963,28.0963,6552.8247660741,0
BCS,D,20230926,000000,28.0963,28.5646,26.4105,27.347,9783.8574762159,0
BCS,D,20230927,000000,27.1597,29.1265,27.1597,28.5646,7295.9836445469,0
BCS,D,20230928,000000,28.1899,28.1899,25.3803,26.4105,12982.857476079,0
BCS,D,20230929,000000,26.4105,29.0328,25.0057,29.0328,26639.469625026,0
BCS,D,20231002,000000,29.2201,29.2201,27.2534,28.5646,3900.5163549729,0
BCS,D,20231003,000000,28.0963,28.8455,27.1597,28.8455,6495.1658875719,0
BCS,D,20231004,000000,28.2836,28.4709,27.628,28.4709,5881.2056072244,0
BCS,D,20231005,000000,28.3772,28.5646,27.8153,28.3772,2405.6565419529,0
BCS,D,20231006,000000,28.3772,28.7519,28.0963,28.4709,4085.2383175818,0
BCS,D,20231009,000000,28.0963,28.6582,27.1597,27.8153,15811.345793714,0
BCS,D,20231010,000000,28.0963,28.9392,26.4105,26.8788,8614.6635510324,0
BCS,D,20231011,000000,26.8788,27.1597,26.0359,26.5978,4293.4509343953,0
BCS,D,20231012,000000,26.3168,26.8788,26.0359,26.0359,3363.434579295,0
BCS,D,20231013,000000,25.9422,26.0359,25.0993,25.2867,7404.8948594955,0
BCS,D,20231016,000000,25.0993,25.2867,23.9755,24.912,8700.0841117764,0
BCS,D,20231017,000000,24.4438,25.2867,24.3501,24.8184,4718.4182240967,0
BCS,D,20231018,000000,24.8184,25.6613,24.1628,24.2565,55845.827100409,0
BCS,D,20231019,000000,23.8818,24.4438,22.9453,24.3501,30014.649531423,0
BCS,D,20231020,000000,24.2565,24.6311,24.2565,24.6311,6546.4182240183,0
BCS,D,20231023,000000,24.7247,25.0993,24.7247,25.0993,4976.8154203473,0
BCS,D,20231024,000000,25.0993,25.2867,24.0691,24.0691,30922.242989328,0
BCS,D,20231025,000000,24.2565,24.3501,23.8818,24.1628,823.2406541703,0
BCS,D,20231026,000000,24.1628,24.1628,23.5072,24.0691,3601.5443923689,0
BCS,D,20231027,000000,23.4136,24.1628,22.477,23.3199,20718.757008457,0
BCS,D,20231030,000000,22.6643,23.4136,22.6643,22.9453,19339.214952442,0
BCS,D,20231031,000000,22.5707,24.0691,22.477,23.5072,12826.964952721,0
BCS,D,20231102,000000,23.6945,25.0057,23.6945,24.5374,4303.060747479,0
BCS,D,20231103,000000,25.0993,27.0661,25.0993,26.9724,6305.1051399165,0
BCS,D,20231106,000000,26.6915,27.1597,26.3168,26.6915,11653.4999995,0
BCS,D,20231107,000000,27.1597,27.1597,26.4105,26.5978,2639.4953269896,0
BCS,D,20231108,000000,26.6915,27.1597,26.4105,26.6915,3021.752336319,0
BCS,D,20231109,000000,27.0661,27.628,26.6915,27.0661,11160.196261204,0
BCS,D,20231110,000000,26.8788,26.8788,26.7851,26.7851,723.9392523054,0
BCS,D,20231113,000000,27.0661,27.0661,26.3168,26.7851,6372.3738315024,0
BCS,D,20231114,000000,26.7851,26.7851,25.5676,26.1295,8513.2266351489,0
BCS,D,20231115,000000,26.1295,26.1295,24.7247,25.193,2359.742990553,0
BCS,D,20231116,000000,25.0993,25.0993,24.6311,25.0057,2455.84112139,0
BCS,D,20231117,000000,25.0057,25.0057,24.4438,24.4438,1246.0724298531,0
BCS,D,20231120,000000,22.6643,24.1628,22.477,23.7882,19504.717288883,0
BCS,D,20231121,000000,23.6945,23.7882,23.2263,23.2263,13251.932242422,0
BCS,D,20231122,000000,23.4136,23.4136,22.2897,22.5707,16789.411214233,0
BCS,D,20231123,000000,22.477,22.758,21.9151,21.9151,10741.635513558,0
BCS,D,20231124,000000,21.6341,21.6341,20.5103,20.7912,14146.712616216,0
BCS,D,20231127,000000,20.6039,20.6976,19.6674,19.9484,15973.644859128,0
BCS,D,20231128,000000,19.6674,20.2293,18.9182,19.2928,3769.182242829,0
BCS,D,20231129,000000,19.1991,22.3834,19.1991,22.1961,20058.88317671,0
BCS,D,20231130,000000,21.6341,22.1961,21.0722,21.5405,7747.6448594808,0
BCS,D,20231201,000000,21.5405,22.477,21.5405,22.477,2303.1518690601,0
BCS,D,20231204,000000,21.5405,21.5405,20.6039,21.2595,3974.1915886146,0
BCS,D,20231205,000000,21.3532,21.3532,20.6039,21.3532,3542.8177568574,0
BCS,D,20231206,000000,20.8849,21.1659,20.6039,20.6976,3882.3644858148,0
BCS,D,20231207,000000,20.6039,20.7912,20.042,20.1357,1585.6191588105,0
BCS,D,20231208,000000,20.4166,20.5103,20.042,20.323,1997.7733644003,0
BCS,D,20231211,000000,19.2928,20.6039,18.6372,20.6039,38132.806073131,0
BCS,D,20231212,000000,20.6039,20.6039,19.6674,19.9484,19289.030373004,0
BCS,D,20231213,000000,19.9484,19.9484,19.0118,19.1055,10060.406541625,0
BCS,D,20231214,000000,19.4801,19.4801,19.0118,19.1991,6973.5210277383,0
BCS,D,20231215,000000,19.5737,21.0722,19.2928,20.7912,13616.037382594,0
BCS,D,20231218,000000,21.3532,21.3532,19.7611,20.042,5619.6051399459,0
BCS,D,20231219,000000,20.042,20.1357,19.8547,20.1357,3657.0677568525,0
BCS,D,20231220,000000,20.042,20.042,19.6674,19.6674,3005.7359811795,0
BCS,D,20231221,000000,19.4801,19.9484,19.3864,19.7611,10174.65654162,0
BCS,D,20231222,000000,19.7611,19.7611,19.0118,19.2928,13530.61682185,0
BCS,D,20231227,000000,19.3864,20.323,19.2928,19.9484,17926.572429138,0
BCS,D,20231228,000000,20.1357,21.3532,19.8547,21.2595,7948.3831772292,0
BCS,D,20231229,000000,21.0722,22.0088,20.9786,22.0088,3901.5841119822,0
BCS,D,20240102,000000,22.1024,24.3501,22.1024,24.1628,16128.469625476,0
BCS,D,20240103,000000,24.1628,24.7247,22.5707,23.2263,8460.9065416932,0
BCS,D,20240104,000000,22.8516,23.1326,22.2897,23.0389,4423.7172895299,0
BCS,D,20240105,000000,23.0389,23.0389,21.7278,22.3834,4143.9649530933,0
BCS,D,20240108,000000,22.3834,22.758,21.5405,22.2897,30762.079437933,0
BCS,D,20240109,000000,22.2897,22.2897,21.2595,21.5405,4359.6518689719,0
BCS,D,20240110,000000,21.5405,21.5405,20.1357,20.323,6900.9135511059,0
BCS,D,20240111,000000,20.5103,20.6039,19.2928,19.7611,13433.450934003,0
BCS,D,20240112,000000,19.7611,20.2293,19.0118,19.2928,19193.999999177,0
BCS,D,20240115,000000,19.2928,19.5737,19.0118,19.4801,3366.6378503229,0
BCS,D,20240116,000000,19.5737,19.6674,18.8245,19.3864,5007.780373617,0
BCS,D,20240117,000000,19.1055,19.5737,19.1055,19.5737,1599.4999999314,0
BCS,D,20240118,000000,19.4801,20.6039,19.1991,20.4166,5071.845794175,0
BCS,D,20240119,000000,20.6039,20.8849,19.9484,20.5103,3474.4813082622,0
BCS,D,20240122,000000,20.7912,21.1659,20.323,20.6039,3305.7757007928,0
BCS,D,20240123,000000,20.9786,20.9786,20.6976,20.6976,1084.8411214488,0
BCS,D,20240124,000000,20.8849,20.9786,20.5103,20.9786,2193.1728971022,0
BCS,D,20240125,000000,21.0722,21.1659,20.1357,21.0722,2854.1144858589,0
BCS,D,20240126,000000,20.1357,20.6039,20.1357,20.6039,1000.4883177141,0
BCS,D,20240129,000000,20.5103,21.1659,20.5103,20.9786,1365.6612148947,0
BCS,D,20240130,000000,21.3532,21.3532,20.7912,21.3532,1379.5420560156,0
BCS,D,20240131,000000,21.2595,21.3532,20.8849,20.9786,1116.8738317278,0
BCS,D,20240201,000000,21.3532,21.3532,20.6039,20.8849,1939.0467288888,0
BCS,D,20240202,000000,21.2595,21.6341,21.2595,21.3532,3873.8224297404,0
BCS,D,20240205,000000,21.6341,21.9151,21.3532,21.3532,3426.4322428437,0
BCS,D,20240206,000000,21.5405,21.5405,21.1659,21.4468,892.6448597748,0
BCS,D,20240207,000000,21.4468,21.5405,21.2595,21.3532,316.0560747528,0
BCS,D,20240208,000000,21.3532,21.9151,21.2595,21.9151,1801.3060746891,0
BCS,D,20240209,000000,21.8214,21.8214,21.5405,21.8214,1356.051401811,0
BCS,D,20240212,000000,21.5405,21.9151,20.7912,21.4468,1915.5560746842,0
BCS,D,20240213,000000,21.4468,21.5405,20.6039,20.6039,1146.7710279882,0
BCS,D,20240214,000000,20.6039,21.3532,20.6039,21.1659,779.462616789,0
BCS,D,20240215,000000,21.1659,21.1659,20.6039,21.0722,1820.5257008565,0
BCS,D,20240216,000000,21.0722,21.0722,20.6039,20.7912,1243.9369158345,0
BCS,D,20240219,000000,20.6039,21.2595,20.6039,20.9786,852.0700934214,0
BCS,D,20240220,000000,21.2595,21.2595,20.7912,21.2595,1722.2920560009,0
BCS,D,20240221,000000,20.8849,21.2595,20.8849,21.1659,5771.2266352665,0
BCS,D,20240222,000000,20.9786,21.5405,20.9786,21.5405,3113.5794391188,0
BCS,D,20240223,000000,20.9786,21.7278,20.9786,21.5405,1167.0584111649,0
BCS,D,20240226,000000,21.5405,21.5405,21.0722,21.5405,1221.5140186392,0
BCS,D,20240227,000000,21.4468,21.4468,20.8849,21.3532,1430.794392462,0
BCS,D,20240228,000000,20.8849,21.3532,20.7912,21.3532,1803.4415887077,0
BCS,D,20240229,000000,21.3532,21.3532,20.6039,20.6039,1395.5584111551,0
BCS,D,20240301,000000,20.6976,20.7912,19.8547,20.4166,3557.7663549876,0
BCS,D,20240304,000000,20.4166,20.6039,19.7611,20.4166,839.2570093098,0
BCS,D,20240305,000000,19.6674,20.042,19.1991,19.6674,4210.1658876699,0
BCS,D,20240306,000000,19.6674,20.1357,19.3864,19.8547,1216.1752335927,0
BCS,D,20240307,000000,19.9484,19.9484,19.4801,19.8547,2361.8785045716,0
BCS,D,20240308,000000,19.6674,19.8547,19.6674,19.6674,1978.5537382329,0
BCS,D,20240311,000000,19.4801,19.6674,18.7309,19.1991,3417.8901867693,0
BCS,D,20240312,000000,19.2928,19.2928,18.7309,19.1055,1762.8668223543,0
BCS,D,20240313,000000,19.2928,19.6674,18.9182,18.9182,2558.3457942828,0
BCS,D,20240314,000000,18.9182,19.6674,18.8245,19.6674,1170.2616821928,0
BCS,D,20240315,000000,19.3864,19.5737,18.7309,19.2928,1987.0957943073,0
BCS,D,20240318,000000,18.7309,18.7309,17.7943,18.3562,6735.4112146644,0
BCS,D,20240319,000000,18.3562,18.5435,16.8578,17.7943,8617.8668220603,0
BCS,D,20240320,000000,17.7943,18.2626,17.607,18.0753,1917.6915887028,0
BCS,D,20240321,000000,18.0753,18.2626,17.607,18.1689,2240.1542055114,0
BCS,D,20240322,000000,18.1221,18.1689,17.326,17.607,3303.6401867742,0
BCS,D,20240325,000000,17.2324,17.326,15.9212,16.4832,11795.511681737,0
BCS,D,20240326,000000,16.3895,16.6705,16.2958,16.2958,1391.2873831179,0
BCS,D,20240327,000000,16.6705,17.1856,16.2958,16.9514,34238.696260214,0
BCS,D,20240328,000000,16.9514,18.1689,16.9514,17.4197,11010.710279902,0
BCS,D,20240402,000000,17.4197,18.0565,17.4197,17.9816,1941.1822429074,0
BCS,D,20240403,000000,18.0378,18.6934,18.0378,18.3188,2207.0537382231,0
BCS,D,20240404,000000,18.3188,20.323,18.1689,19.6674,6814.4252333526,0
BCS,D,20240405,000000,19.6674,20.9786,19.1055,20.9317,9397.3294388493,0
BCS,D,20240408,000000,20.9317,21.3532,20.042,21.3532,10339.091121052,0
BCS,D,20240409,000000,21.3532,21.4937,20.2293,20.323,8122.4275697451,0
BCS,D,20240410,000000,20.5571,21.8214,20.5571,21.4468,16145.553737625,0
BCS,D,20240411,000000,21.5405,22.3834,21.3063,22.2897,27353.799064247,0
BCS,D,20240412,000000,22.477,22.9453,22.2897,22.8985,25190.523363406,0
BCS,D,20240415,000000,22.9453,23.3199,22.5707,23.2263,16926.084111424,0
BCS,D,20240416,000000,23.2263,23.2263,21.4468,22.9453,10399.953270582,0
BCS,D,20240417,000000,22.477,22.8516,21.6341,22.4302,6254.9205604794,0
BCS,D,20240418,000000,22.477,23.0858,20.9786,21.9151,8749.2009342042,0
BCS,D,20240419,000000,22.3365,22.9453,21.4937,22.0556,8329.5724295493,0
BCS,D,20240422,000000,21.5873,22.0088,20.9786,21.5405,6252.7850464608,0
BCS,D,20240423,000000,21.4937,21.4937,20.6976,21.3063,4508.0700932646,0
BCS,D,20240424,000000,21.3063,21.5405,20.6039,20.6039,5384.6985978999,0
BCS,D,20240425,000000,19.9015,20.2761,18.9182,19.5737,6021.0817754427,0
BCS,D,20240426,000000,19.6674,19.6674,19.1991,19.6674,2601.0560746548,0
BCS,D,20240429,000000,19.6674,19.6674,18.4499,18.5623,5117.7593455749,0
BCS,D,20240430,000000,18.5248,18.9182,18.5248,18.5623,6102.2313081495,0
BCS,D,20240502,000000,18.6372,18.6372,18.0004,18.0004,7770.0677566761,0
BCS,D,20240506,000000,18.4312,20.2293,18.2626,20.042,17859.303737552,0
BCS,D,20240507,000000,20.1357,20.4166,19.1991,19.3396,6165.2289716982,0
BCS,D,20240508,000000,19.3864,19.9484,19.2928,19.5269,4337.2289717766,0
BCS,D,20240509,000000,19.5269,20.042,19.4801,20.042,2504.9579438178,0
BCS,D,20240510,000000,20.0888,20.2293,19.5269,19.5269,4133.2873830003,0
BCS,D,20240513,000000,19.6674,20.2761,19.6674,20.2761,2443.0280372784,0
BCS,D,20240514,000000,20.1825,20.5103,19.9484,20.1357,4125.8130839352,0
BCS,D,20240515,000000,20.1357,20.6039,19.9952,20.6039,2618.1401868036,0
BCS,D,20240516,000000,20.6039,20.6039,20.042,20.2761,2267.9158877532,0
BCS,D,20240517,000000,20.5571,21.0722,20.3698,21.0722,3462.7359811599,0
BCS,D,20240520,000000,20.6508,21.0722,20.6039,20.8381,1992.4345793538,0
BCS,D,20240521,000000,20.9317,21.3063,20.8381,21.1659,2576.4976634409,0
BCS,D,20240522,000000,20.8849,21.119,20.6976,20.7444,1625.1261681546,0
BCS,D,20240523,000000,20.9786,20.9786,20.1357,20.1357,2802.8621494125,0
BCS,D,20240524,000000,20.1357,20.1825,19.246,19.3864,7757.2546725645,0
BCS,D,20240527,000000,19.4801,19.6674,19.246,19.2928,5603.5887848064,0
BCS,D,20240528,000000,19.6674,20.6039,19.6674,19.8079,10532.355139735,0
BCS,D,20240529,000000,19.8079,20.1357,19.8079,19.8547,2296.7453270043,0
BCS,D,20240531,000000,20.0888,20.4635,20.0888,20.3698,3090.0887849142,0
BCS,D,20240603,000000,21.6341,22.758,21.6341,22.0088,15899.969625486,0
BCS,D,20240604,000000,22.1024,22.1024,21.9151,22.0088,3856.7383175916,0
BCS,D,20240605,000000,21.9619,23.4136,21.5405,23.4136,23763.999998981,0
BCS,D,20240606,000000,23.4136,25.9422,23.1794,25.9422,31625.894858457,0
BCS,D,20240607,000000,25.8954,26.2232,24.8184,26.2232,31592.794391168,0
BCS,D,20240610,000000,27.1597,27.1597,26.4573,27.1597,14259.894859201,0
BCS,D,20240611,000000,28.0963,28.0963,27.2534,28.0963,23258.950933582,0
BCS,D,20240612,000000,28.4709,28.4709,25.9891,27.1129,121503.27335927,0
BCS,D,20240613,000000,26.27,27.1597,25.9422,25.9422,67485.446258788,0
BCS,D,20240614,000000,25.9422,25.9891,21.2127,21.3532,70619.313081083,0
BCS,D,20240617,000000,21.1659,21.1659,19.246,19.3396,81438.89485632,0
BCS,D,20240618,000000,19.6206,19.6206,19.1991,19.4333,8915.771027655,0
BCS,D,20240619,000000,19.5737,21.2595,19.5737,21.2595,8092.5303734847,0
BCS,D,20240620,000000,20.8381,22.0088,20.4166,20.4166,5106.0140184726,0
BCS,D,20240621,000000,20.6039,21.0254,20.4166,21.0254,1707.3434578707,0
BCS,D,20240624,000000,21.0254,21.1659,20.323,21.0722,3417.8901867693,0
BCS,D,20240625,000000,21.0722,21.2595,20.6039,20.9317,2150.4626167302,0
BCS,D,20240626,000000,20.6976,20.9317,20.1357,20.5571,6451.3878501906,0
BCS,D,20240627,000000,20.3698,20.6039,20.1825,20.4635,1485.2499999363,0
BCS,D,20240628,000000,20.6039,21.3063,20.1357,21.3063,3163.7640185559,0
BCS,D,20240701,000000,21.3063,21.5405,20.3698,20.6039,2844.5046727752,0
BCS,D,20240702,000000,20.4166,21.2127,20.4166,21.2127,423.8995326921,0
BCS,D,20240703,000000,20.6976,21.2127,20.6039,20.8849,4311.6028035534,0
BCS,D,20240704,000000,20.6976,21.0722,20.6976,20.9317,1152.1098130347,0
BCS,D,20240705,000000,20.9317,21.3532,20.9317,21.0722,3530.0046727458,0
BCS,D,20240708,000000,21.2595,21.4937,20.8849,21.4468,2118.4299064512,0
BCS,D,20240709,000000,21.4468,21.4468,20.6508,21.119,6006.1331773125,0
BCS,D,20240710,000000,21.119,21.4937,20.8381,21.3532,3861.0093456288,0
BCS,D,20240711,000000,21.4468,21.4468,21.0722,21.4,3176.5771026675,0
BCS,D,20240712,000000,21.85,21.9,21.1,21.8,3951,0
BCS,D,20240715,000000,21.85,22.05,21,21,4706,0
BCS,D,20240716,000000,21.9,22,20.45,21.4,3462,0
BCS,D,20240717,000000,21,21.35,20.45,20.45,2587,0
BCS,D,20240718,000000,20.45,21.3,20.45,21.3,1525,0
BCS,D,20240719,000000,21,21.5,20.95,21,2552,0
BCS,D,20240722,000000,21,21,20.7,21,1494,0
BCS,D,20240723,000000,21.3,21.3,21,21,1093,0
BCS,D,20240724,000000,20.8,21,20.7,21,361,0
BCS,D,20240725,000000,20.7,20.95,20.5,20.95,684,0
BCS,D,20240726,000000,19,19,16.3,16.3,206197,0
BCS,D,20240729,000000,16.4,16.94,16.34,16.5,57898,0
BCS,D,20240730,000000,16.9,16.98,16.5,16.52,22300,0
BCS,D,20240731,000000,16.86,16.92,16.52,16.9,5883,0
BCS,D,20240801,000000,16.9,17.46,16.52,16.7,26854,0
BCS,D,20240802,000000,16.74,16.74,15.74,15.84,29684,0
BCS,D,20240805,000000,15,15,14,14.7,47129,0
BCS,D,20240806,000000,15.1,15.48,14.84,15.48,36614,0
BCS,D,20240807,000000,15.22,15.46,14.26,14.94,8760,0
BCS,D,20240808,000000,14.94,14.98,14.54,14.92,1971,0
BCS,D,20240809,000000,14.96,14.96,14.4,14.7,4113,0
BCS,D,20240812,000000,14.56,15.2,14.56,15.18,5394,0
BCS,D,20240813,000000,15.2,15.2,14.82,15,1692,0
BCS,D,20240814,000000,14.8,14.98,14.7,14.7,15918,0
BCS,D,20240816,000000,14.7,15,14.6,14.7,11135,0
BCS,D,20240819,000000,14.62,14.94,14.36,14.56,12344,0
BCS,D,20240820,000000,14.5,14.5,14.2,14.3,6037,0
BCS,D,20240821,000000,14.2,14.24,14.08,14.12,8369,0
BCS,D,20240822,000000,14.1,14.2,14.06,14.12,6200,0
BCS,D,20240823,000000,14.1,14.5,14.06,14.38,3928,0
BCS,D,20240826,000000,14.14,14.38,14,14.2,3621,0
BCS,D,20240827,000000,14.2,14.2,13.98,14.02,21381,0
BCS,D,20240828,000000,14.02,14.16,13.92,14.04,6185,0
BCS,D,20240829,000000,14.1,14.16,13.3,13.48,14867,0
BCS,D,20240830,000000,13.48,13.5,13.46,13.48,2091,0
BCS,D,20240902,000000,13.48,13.5,13.4,13.5,74302,0
BCS,D,20240903,000000,13.6,14.4,13.6,14.18,12558,0
BCS,D,20240904,000000,14.1,14.38,13.66,14,5503,0
BCS,D,20240905,000000,14,14.6,13.7,14.48,15375,0
BCS,D,20240906,000000,14.7,14.7,13.98,14,4303,0
BCS,D,20240909,000000,14,14,13.8,13.9,1449,0
BCS,D,20240910,000000,13.8,14,13.68,13.9,1196,0
BCS,D,20240911,000000,14,14,13.7,13.8,1169,0
BCS,D,20240912,000000,13.96,13.96,13.6,13.76,1575,0
BCS,D,20240913,000000,13.76,13.9,13.4,13.74,1984,0
BCS,D,20240916,000000,13.8,14.36,13.74,14.06,4543,0
BCS,D,20240917,000000,14,14,13.72,13.9,2812,0
BCS,D,20240918,000000,14,14,13.76,13.96,1270,0
BCS,D,20240919,000000,13.98,14.36,13.76,13.98,3630,0
BCS,D,20240920,000000,13.86,14,13.86,13.94,1522,0
BCS,D,20240923,000000,13.9,13.92,13.7,13.7,348,0
BCS,D,20240924,000000,13.66,13.9,13.66,13.88,1831,0
BCS,D,20240925,000000,13.8,13.9,13.8,13.9,4191,0
BCS,D,20240926,000000,13.84,14,13.82,13.96,2863,0
BCS,D,20240927,000000,13.88,14.16,13.7,14.16,9080,0
BCS,D,20240930,000000,14.16,14.94,13.7,14.42,9783,0
BCS,D,20241001,000000,14.66,15.26,14.66,15.14,25893,0
BCS,D,20241002,000000,15.3,16.46,15.3,16.24,26773,0
BCS,D,20241003,000000,16.2,16.48,14.56,15.38,57278,0
BCS,D,20241004,000000,15.2,15.38,14.8,15.16,6515,0
BCS,D,20241007,000000,15.24,15.88,15.14,15.42,18784,0
BCS,D,20241008,000000,15.1,15.3,14.4,14.4,8006,0
BCS,D,20241009,000000,14.86,14.9,14,14.2,5601,0
BCS,D,20241010,000000,14.18,14.4,14.12,14.36,753,0
BCS,D,20241011,000000,14.3,14.4,14.04,14.4,1207,0
BCS,D,20241014,000000,14.4,14.9,14.3,14.5,4534,0
BCS,D,20241015,000000,14.5,14.5,14.24,14.36,17311,0
BCS,D,20241016,000000,14.56,14.56,14.5,14.54,2889,0
BCS,D,20241017,000000,14.54,14.6,14.2,14.48,1660,0
BCS,D,20241018,000000,14.4,14.5,14.12,14.5,1691,0
BCS,D,20241021,000000,14.46,14.46,14.12,14.18,1556,0
BCS,D,20241022,000000,14.4,14.48,14.2,14.4,1148,0
BCS,D,20241023,000000,14.18,14.56,14.12,14.12,7167,0
BCS,D,20241024,000000,14.12,14.38,13.9,13.9,1500,0
BCS,D,20241025,000000,13.9,13.9,13.54,13.86,1445,0
BCS,D,20241028,000000,13.62,13.64,13.5,13.58,2257,0
BCS,D,20241029,000000,13.58,13.82,13.04,13.28,6638,0
BCS,D,20241030,000000,13.1,13.28,12.6,12.86,7202,0
BCS,D,20241031,000000,12.98,12.98,12.6,12.88,1896,0
BCS,D,20241104,000000,12.5,12.88,12.5,12.52,1761,0
BCS,D,20241105,000000,12.52,13.16,12.5,12.98,3639,0
BCS,D,20241106,000000,13,13,12.62,12.98,172,0
BCS,D,20241107,000000,12.62,12.96,12.5,12.96,3449,0
BCS,D,20241108,000000,12.92,13,12.5,12.94,1686,0
BCS,D,20241112,000000,12.88,12.98,12.6,12.98,1915,0
BCS,D,20241113,000000,12.62,12.8,12.44,12.78,3924,0
BCS,D,20241114,000000,12.78,12.8,12.52,12.78,714,0
BCS,D,20241115,000000,12.78,12.78,12.5,12.66,501,0
BCS,D,20241118,000000,12.4,13,12.4,12.68,2417,0
BCS,D,20241119,000000,12.6,12.68,12.3,12.66,558,0
BCS,D,20241120,000000,12.66,12.68,12.1,12.46,674,0
BCS,D,20241121,000000,12.2,12.5,12.1,12.5,1094,0
BCS,D,20241122,000000,12.5,12.6,12.06,12.3,2285,0
BCS,D,20241125,000000,12.14,12.48,12,12.48,1364,0
BCS,D,20241126,000000,12.48,12.5,12.02,12.5,1998,0
BCS,D,20241127,000000,12.2,12.44,12.2,12.44,227,0
BCS,D,20241128,000000,12.42,12.42,12.02,12.3,1891,0
BCS,D,20241129,000000,12.1,12.42,12.02,12.42,796,0
BCS,D,20241202,000000,12.7,13.5,12.5,13,16907,0
BCS,D,20241203,000000,13,13.3,12.56,12.6,24293,0
BCS,D,20241204,000000,12.52,12.66,12.2,12.2,5836,0
BCS,D,20241205,000000,12.48,12.48,12.02,12.38,5346,0
BCS,D,20241206,000000,12.12,12.38,11.94,12.3,8441,0
BCS,D,20241209,000000,12.34,12.44,12.3,12.3,1924,0
BCS,D,20241210,000000,12.3,12.66,12.14,12.5,4731,0
BCS,D,20241211,000000,12.52,12.52,12.02,12.26,9102,0
BCS,D,20241212,000000,12.1,12.2,11.3,11.72,15558,0
BCS,D,20241213,000000,11.72,11.84,11.2,11.28,9529,0
BCS,D,20241216,000000,11.28,11.28,10.8,10.9,8037,0
BCS,D,20241217,000000,10.9,10.94,10.24,10.46,5285,0
BCS,D,20241218,000000,10.44,10.78,9.75,10.78,14747,0
BCS,D,20241219,000000,10.34,10.82,10.2,10.48,6269,0
BCS,D,20241220,000000,10.6,11.5,10.3,11.48,18075,0
BCS,D,20241223,000000,11.48,11.8,11.02,11.1,11222,0
BCS,D,20241227,000000,11.1,11.42,11.02,11.42,1360,0
BCS,D,20241230,000000,11.5,12.5,11,12.5,15323,0
BCS,D,20250102,000000,12.5,13.2,12.24,12.98,9148,0
BCS,D,20250103,000000,13,13.76,13,13.5,13478,0
BCS,D,20250107,000000,13.6,14.14,13.6,14.12,11671,0
BCS,D,20250108,000000,14.16,14.6,13.76,14.02,9447,0
BCS,D,20250109,000000,14.2,14.4,13.76,13.98,3310,0
BCS,D,20250110,000000,13.94,13.94,13.34,13.34,6052,0
BCS,D,20250113,000000,13.26,13.52,13,13.42,2603,0
BCS,D,20250114,000000,13.4,13.6,13,13.48,1578,0
BCS,D,20250115,000000,13.5,13.6,13.1,13.58,701,0
BCS,D,20250116,000000,13.58,14,13,13.36,5414,0
BCS,D,20250117,000000,13.36,13.58,13.06,13.4,4053,0
BCS,D,20250120,000000,13.54,13.6,13.18,13.58,2206,0
BCS,D,20250121,000000,13.58,13.58,13.2,13.2,1421,0
BCS,D,20250122,000000,13.4,13.58,13.14,13.54,1652,0
BCS,D,20250123,000000,13.1,13.48,13,13.36,3391,0
BCS,D,20250124,000000,13.4,13.4,11.42,12.66,36918,0
BCS,D,20250127,000000,12.68,13,12,13,11432,0
BCS,D,20250128,000000,13,13,12.04,12.4,7523,0
BCS,D,20250129,000000,12.5,12.56,12.08,12.2,8768,0
BCS,D,20250130,000000,12.2,12.5,12.1,12.5,2039,0
BCS,D,20250131,000000,12.6,12.78,12.52,12.52,5101,0
BCS,D,20250203,000000,12.5,12.5,12.06,12.46,1218,0
BCS,D,20250204,000000,12.26,12.7,12.26,12.7,2048,0
BCS,D,20250205,000000,12.7,12.7,12.38,12.44,4419,0
BCS,D,20250206,000000,12.44,12.6,12.4,12.44,2596,0
BCS,D,20250207,000000,12.48,12.7,12.4,12.6,6435,0
BCS,D,20250210,000000,12.6,12.7,12.36,12.7,5504,0
BCS,D,20250211,000000,12.8,13.2,12.7,12.98,7948,0
BCS,D,20250212,000000,13.2,14.5,13.2,14,36391,0
BCS,D,20250213,000000,14,14.02,13.4,13.58,3559,0
BCS,D,20250214,000000,13.58,13.66,13.24,13.5,3624,0
BCS,D,20250217,000000,13.5,13.5,13.24,13.42,2053,0
BCS,D,20250218,000000,13.42,14.16,13.26,13.88,6369,0
BCS,D,20250219,000000,13.8,13.8,13.4,13.44,4106,0
BCS,D,20250220,000000,13.58,13.6,13.3,13.3,2449,0
BCS,D,20250221,000000,13.32,13.42,13.3,13.4,3302,0
BCS,D,20250224,000000,13.5,13.5,13.2,13.26,2504,0
BCS,D,20250225,000000,13.26,13.44,13.14,13.38,864,0
BCS,D,20250226,000000,13.4,13.6,13.34,13.56,2896,0
BCS,D,20250227,000000,13.5,14.26,13.48,14.12,7398,0
BCS,D,20250228,000000,14.22,14.4,14,14.14,7530,0
BCS,D,20250303,000000,14.14,14.34,13.82,14.18,2535,0
BCS,D,20250304,000000,14.14,14.18,13.32,13.7,6701,0
BCS,D,20250305,000000,13.86,13.9,13.72,13.86,1493,0
BCS,D,20250306,000000,13.9,14.2,12.98,13.38,22417,0
BCS,D,20250307,000000,13.2,13.36,12.98,13.1,3197,0
BCS,D,20250310,000000,13.06,13.4,13.06,13.12,1953,0
BCS,D,20250311,000000,13.1,13.2,12.5,12.98,3669,0
BCS,D,20250312,000000,12.96,13,12.8,13,744,0
BCS,D,20250313,000000,13,13.48,12.92,13.36,1552,0
BCS,D,20250314,000000,13.36,13.46,13.08,13.46,1158,0
BCS,D,20250317,000000,13.5,13.5,13,13.3,4038,0
BCS,D,20250318,000000,13.3,13.4,13,13.28,2827,0
BCS,D,20250319,000000,13.14,13.18,12.92,13.14,4693,0
BCS,D,20250320,000000,13,13.12,12.84,13.12,4265,0
BCS,D,20250321,000000,13.12,13.14,12.86,12.98,3659,0
BCS,D,20250324,000000,12.98,13.12,12.8,13.1,5752,0
BCS,D,20250325,000000,13.12,13.16,12.78,13.16,7601,0
BCS,D,20250326,000000,13.16,13.16,13.02,13.12,371,0
BCS,D,20250327,000000,13.02,13.12,12.92,13.02,2401,0
BCS,D,20250328,000000,13.02,13.04,12.94,13.04,1899,0
BCS,D,20250331,000000,13,13.1,12.82,13.04,4029,0
BCS,D,20250401,000000,12.9,13.08,12.86,13.08,3232,0
BCS,D,20250402,000000,13,13.1,12.86,13,2501,0
BCS,D,20250403,000000,12.86,12.98,12.7,12.9,1559,0
BCS,D,20250404,000000,12.94,13.06,12.6,12.7,4981,0
BCS,D,20250407,000000,12.6,12.9,12,12.5,2756,0
BCS,D,20250408,000000,12.88,12.88,12.4,12.86,1175,0
BCS,D,20250409,000000,12.82,12.84,12.4,12.66,1130,0
BCS,D,20250410,000000,12.72,12.9,12.42,12.66,1738,0
BCS,D,20250411,000000,12.68,12.8,12.5,12.68,1447,0
BCS,D,20250414,000000,12.4,12.78,12.2,12.4,6435,0
BCS,D,20250415,000000,12.4,12.4,12.12,12.32,8853,0
BCS,D,20250416,000000,12.28,12.28,12.08,12.12,1840,0
BCS,D,20250417,000000,12.3,12.3,12.12,12.3,1238,0
BCS,D,20250422,000000,12.26,12.28,12.12,12.26,1472,0
BCS,D,20250423,000000,12.2,12.3,12.2,12.2,3337,0
BCS,D,20250424,000000,12.22,12.3,12.14,12.26,2747,0
BCS,D,20250425,000000,12.26,12.26,12.12,12.22,2819,0
BCS,D,20250428,000000,12.26,13.08,12.22,12.86,10371,0
BCS,D,20250429,000000,12.86,13,12.8,12.96,4218,0
BCS,D,20250430,000000,13,13.1,12.62,12.98,2410,0
BCS,D,20250502,000000,13,13.22,13,13.08,3647,0
BCS,D,20250505,000000,13.06,13.3,12.22,12.7,8245,0
BCS,D,20250506,000000,12.7,13,12.62,13,2315,0
BCS,D,20250507,000000,12.82,12.98,12.24,12.48,8118,0
BCS,D,20250508,000000,12.42,12.42,12.3,12.32,3300,0
BCS,D,20250509,000000,12.4,12.48,12.26,12.46,2587,0
BCS,D,20250512,000000,12.46,12.46,12.26,12.3,4394,0
BCS,D,20250513,000000,12.44,12.44,12.2,12.38,2762,0
BCS,D,20250514,000000,12.44,12.44,12.22,12.24,3388,0
BCS,D,20250515,000000,12.26,12.4,12.2,12.24,4302,0
BCS,D,20250516,000000,12.38,12.4,12.38,12.4,1229,0
BCS,D,20250519,000000,12.5,13.08,12.5,12.9,14953,0
BCS,D,20250520,000000,12.9,13,12.74,13,4145,0
BCS,D,20250521,000000,12.9,13.16,12.9,13.12,4596,0
BCS,D,20250522,000000,13.12,13.26,12.94,13.26,3021,0
BCS,D,20250523,000000,13.24,13.26,12.9,13,2734,0
BCS,D,20250526,000000,12.96,13.2,12.9,13.14,4274,0
BCS,D,20250527,000000,13.14,13.22,13.06,13.22,2726,0
BCS,D,20250528,000000,13.06,13.22,13,13.2,2801,0
BCS,D,20250529,000000,13.2,13.2,12.14,12.66,15335,0
BCS,D,20250530,000000,12.4,12.66,12.4,12.5,3789,0
BCS,D,20250602,000000,12.26,12.58,12.2,12.38,9990,0
BCS,D,20250603,000000,12.4,12.5,12.32,12.4,2720,0
BCS,D,20250604,000000,12.48,12.52,12.36,12.4,2265,0
BCS,D,20250605,000000,12.5,12.58,12.3,12.58,2116,0
BCS,D,20250606,000000,12.6,12.6,12.36,12.58,1159,0
BCS,D,20250609,000000,12.6,12.6,12.3,12.58,2389,0
BCS,D,20250610,000000,12.58,12.58,12.36,12.38,1223,0
BCS,D,20250611,000000,12.32,12.42,12.2,12.2,2998,0
BCS,D,20250612,000000,12.36,12.54,12.22,12.54,1510,0
BCS,D,20250613,000000,12.52,12.58,12.2,12.44,2036,0
BCS,D,20250616,000000,12.46,13.2,12.46,13.2,12795,0
BCS,D,20250617,000000,13.18,14.18,13,14.12,26390,0
BCS,D,20250618,000000,14.1,14.18,13.6,13.78,13228,0
BCS,D,20250620,000000,13.46,13.76,13.04,13.08,5289,0
BCS,D,20250623,000000,13.2,13.58,12.24,12.48,12635,0
BCS,D,20250624,000000,12.48,12.78,12.48,12.7,1817,0
BCS,D,20250625,000000,12.7,12.98,12.42,12.94,3959,0
BCS,D,20250626,000000,12.9,13.54,12.66,13.18,4653,0
BCS,D,20250627,000000,12.84,13.18,12.8,12.84,2261,0
BCS,D,20250630,000000,13.06,13.44,12.7,13.28,2594,0
BCS,D,20250701,000000,13.28,13.28,12.52,12.94,4938,0
BCS,D,20250702,000000,12.94,12.98,12.76,12.96,88,0
BCS,D,20250703,000000,12.96,12.98,12.58,12.92,888,0
BCS,D,20250704,000000,12.92,13,12.6,12.94,2554,0
BCS,D,20250707,000000,12.96,13.9,12.96,13.78,29932,0
BCS,D,20250708,000000,13.78,14.18,13.6,13.6,16398,0
BCS,D,20250709,000000,13.7,13.88,13.6,13.6,3978,0
BCS,D,20250710,000000,13.34,13.58,13.22,13.22,3189,0
BCS,D,20250711,000000,13.38,13.82,13.24,13.62,6081,0
BCS,D,20250714,000000,13.74,14.18,13.74,14.04,13245,0
BCS,D,20250715,000000,14.06,14.08,13.9,14.06,7092,0
BCS,D,20250716,000000,14.06,14.06,13.6,13.98,4536,0
BCS,D,20250717,000000,13.7,13.92,13.62,13.8,5104,0
BCS,D,20250718,000000,13.9,14.08,13.66,13.8,5882,0
BCS,D,20250721,000000,13.72,14,13.72,13.72,2083,0
BCS,D,20250722,000000,13.74,13.94,13.74,13.78,229,0
BCS,D,20250723,000000,13.98,13.98,13.78,13.84,818,0
BCS,D,20250724,000000,13.84,14.08,13.76,13.76,2974,0
BCS,D,20250725,000000,14.08,14.08,13.88,14.02,1181,0
BCS,D,20250728,000000,14.02,15.16,13.92,14.9,37902,0
BCS,D,20250729,000000,14.98,15,14.68,14.76,8780,0
BCS,D,20250730,000000,14.76,15,14.76,14.84,12188,0
BCS,D,20250731,000000,15,15,14.54,14.98,9761,0
BCS,D,20250801,000000,15,15,14.2,14.38,9455,0
BCS,D,20250804,000000,14.36,14.38,14.12,14.24,1513,0
BCS,D,20250805,000000,14.46,14.46,13.96,14.2,4395,0
BCS,D,20250806,000000,14.28,14.36,14.12,14.2,1014,0
BCS,D,20250807,000000,14.28,14.4,14.18,14.34,1136,0
BCS,D,20250808,000000,14.22,14.44,14.18,14.44,2803,0
BCS,D,20250811,000000,14.46,14.5,14.26,14.46,1172,0
BCS,D,20250812,000000,14.26,14.28,14.06,14.26,1617,0
BCS,D,20250813,000000,14.38,14.38,13.04,13.48,8380,0
BCS,D,20250814,000000,13.18,13.34,12.9,13.2,9372,0
BCS,D,20250818,000000,13.2,13.48,13.04,13.46,5460,0
BCS,D,20250819,000000,13.5,13.78,13.36,13.74,4029,0
BCS,D,20250820,000000,13.7,13.7,13.3,13.38,4634,0
BCS,D,20250821,000000,13.3,13.4,13.2,13.4,1654,0
BCS,D,20250822,000000,13.28,13.4,12.9,13.06,9493,0
BCS,D,20250825,000000,13.1,13.64,13.1,13.6,8402,0
BCS,D,20250826,000000,13.42,13.6,13.4,13.42,1505,0
BCS,D,20250827,000000,13.4,13.58,13.4,13.4,1816,0
BCS,D,20250828,000000,13.6,13.6,13.4,13.6,882,0
BCS,D,20250829,000000,13.4,13.66,13.4,13.42,666,0
BCS,D,20250901,000000,13.42,13.7,13.2,13.4,2454,0
BCS,D,20250902,000000,13.42,13.42,13.06,13.3,2900,0
BCS,D,20250903,000000,13.3,13.54,13.1,13.1,3093,0
BCS,D,20250904,000000,13.3,13.4,13.26,13.36,596,0
BCS,D,20250905,000000,13.38,13.4,13.08,13.3,872,0
BCS,D,20250908,000000,13.3,13.42,13.02,13.12,4447,0
BCS,D,20250909,000000,13.24,13.28,13.1,13.22,2889,0
BCS,D,20250910,000000,13.1,13.18,13.02,13.04,3987,0
BCS,D,20250911,000000,13.04,13.2,13.04,13.1,2588,0
BCS,D,20250912,000000,13.04,13.14,13.04,13.06,2185,0
BCS,D,20250915,000000,13.12,13.16,12.96,13.16,9451,0
BCS,D,20250916,000000,13,13,12.9,12.92,6502,0
BCS,D,20250917,000000,12.92,12.94,12.8,12.92,5643,0
BCS,D,20250918,000000,12.9,13.12,12.8,13.12,3710,0
BCS,D,20250919,000000,13.12,13.18,13.02,13.04,2235,0
BCS,D,20250922,000000,13.04,13.3,12.92,13,5627,0
BCS,D,20250923,000000,13,13.24,13,13.16,3674,0
BCS,D,20250924,000000,13.2,13.2,13.08,13.1,1840,0
BCS,D,20250925,000000,13.08,13.2,13,13,1184,0
BCS,D,20250926,000000,13.12,13.22,13,13.2,127,0
BCS,D,20250929,000000,13.2,13.42,12.7,13.42,24194,0
BCS,D,20250930,000000,13,14.68,13,14.2,32552,0
BCS,D,20251001,000000,14,14.18,13.24,13.5,13182,0
BCS,D,20251002,000000,13.5,13.6,13.04,13.5,2384,0
BCS,D,20251003,000000,13.48,13.48,13.2,13.46,600,0
BCS,D,20251006,000000,13.4,13.4,13.2,13.22,1633,0
BCS,D,20251007,000000,13.36,13.36,12.8,12.98,11581,0
BCS,D,20251008,000000,12.98,13,12.82,12.96,3319,0
BCS,D,20251009,000000,13,13.34,12.9,13.34,6084,0
BCS,D,20251010,000000,13.3,13.32,13,13.12,1743,0
BCS,D,20251013,000000,13.02,13.32,13,13.32,1784,0
BCS,D,20251014,000000,13.38,13.42,13,13,3576,0
BCS,D,20251015,000000,13.04,13.64,13.02,13.56,7696,0
BCS,D,20251016,000000,13.22,13.54,12.84,13.26,53280,0
BCS,D,20251017,000000,13.3,13.3,12.94,13.1,7108,0
BCS,D,20251020,000000,13.02,13.1,12.96,13,5199,0
BCS,D,20251021,000000,13,13.24,12.9,12.98,3988,0
BCS,D,20251022,000000,13,13.2,12.96,13,2662,0
BCS,D,20251023,000000,13,13,12.76,12.8,19776,0
BCS,D,20251024,000000,12.98,12.98,12.7,12.78,2110,0
BCS,D,20251027,000000,12.78,12.78,12.3,12.5,47599,0
BCS,D,20251028,000000,12.42,12.48,12.02,12.3,8483,0
BCS,D,20251029,000000,12.4,12.48,12.1,12.16,10549,0
BCS,D,20251030,000000,12.04,12.8,11.98,12.3,58814,0
BCS,D,20251031,000000,12.5,12.6,12.5,12.5,744,0
BCS,D,20251103,000000,12.38,12.72,12.08,12.6,3520,0
BCS,D,20251104,000000,12.6,12.8,12.42,12.44,2256,0
BCS,D,20251105,000000,12.56,12.56,12.44,12.44,325,0
BCS,D,20251106,000000,12.44,12.6,12.44,12.52,388,0
BCS,D,20251107,000000,12.52,12.6,12.42,12.42,2129,0
BCS,D,20251110,000000,12.6,12.6,12.1,12.58,3730,0
BCS,D,20251112,000000,12.58,12.58,12.04,12.58,1710,0
BCS,D,20251113,000000,12.2,12.5,11.94,11.98,11609,0
BCS,D,20251114,000000,11.98,12,11.6,11.98,3122,0
BCS,D,20251117,000000,11.96,11.98,11.8,11.98,2584,0
BCS,D,20251118,000000,11.8,12.2,11.74,12,4824,0
BCS,D,20251119,000000,11.74,12.2,11.74,12.2,3237,0
BCS,D,20251120,000000,12,12.2,11.68,12,3815,0
BCS,D,20251121,000000,11.98,11.98,11.5,11.94,4636,0
BCS,D,20251124,000000,11.56,11.9,11.52,11.76,1979,0
BCS,D,20251125,000000,11.94,12,11.74,11.98,2254,0
BCS,D,20251126,000000,12,12.18,11.8,12.18,4777,0
BCS,D,20251127,000000,12.18,12.98,12.02,12.86,6302,0
BCS,D,20251128,000000,12.84,13.44,12.74,13.38,23420,0
BCS,D,20251201,000000,13.38,13.38,12.8,13,14803,0
BCS,D,20251202,000000,12.84,13,12.76,13,3569,0
BCS,D,20251203,000000,12.82,13.02,12.82,13,6454,0
BCS,D,20251204,000000,13,13,12.52,13,3933,0
BCS,D,20251205,000000,12.56,12.9,12.54,12.86,1910,0
BCS,D,20251208,000000,12.6,12.8,12.6,12.78,603,0
BCS,D,20251209,000000,12.52,12.96,12.5,12.96,3033,0
BCS,D,20251210,000000,12.92,12.92,12.46,12.86,3635,0
BCS,D,20251211,000000,12.6,12.82,12.5,12.72,3421,0
BCS,D,20251212,000000,12.5,12.74,12.32,12.38,2710,0
BCS,D,20251215,000000,12.38,12.5,12.1,12.46,2162,0
BCS,D,20251216,000000,12.46,12.74,12.46,12.6,3303,0
BCS,D,20251217,000000,12.38,12.6,11.98,12.56,8272,0
BCS,D,20251218,000000,12.1,12.28,11.82,12.16,15858,0
BCS,D,20251219,000000,12,12.16,11.5,11.94,12132,0
BCS,D,20251222,000000,11.94,11.94,11.52,11.8,4528,0
BCS,D,20251223,000000,11.94,11.94,11.54,11.8,7337,0
BCS,D,20251229,000000,11.58,11.84,11.5,11.8,5204,0
BCS,D,20251230,000000,11.5,11.98,11.5,11.98,3542,0
BCS,D,20260102,000000,12,12.38,11.92,12.28,2221,0
BCS,D,20260105,000000,12.28,12.48,12.04,12.46,1251,0
BCS,D,20260107,000000,12,12.4,11.96,12.36,10977,0
BCS,D,20260108,000000,12.04,12.34,12,12.32,2016,0
BCS,D,20260109,000000,12.34,12.44,12.2,12.2,25986,0
BCS,D,20260112,000000,12.46,12.46,12.1,12.2,3843,0
BCS,D,20260113,000000,12.4,12.44,12.2,12.44,1126,0
BCS,D,20260114,000000,12.4,12.5,12.2,12.46,2312,0
BCS,D,20260115,000000,12.46,13,12.46,13,7830,0
BCS,D,20260116,000000,12.8,12.94,12.6,12.88,4034,0
BCS,D,20260119,000000,12.86,12.9,12.6,12.8,888,0
BCS,D,20260120,000000,12.8,12.8,12.68,12.8,383,0
BCS,D,20260121,000000,12.7,12.7,12.28,12.4,4726,0
BCS,D,20260122,000000,12.4,12.54,12.1,12.54,11713,0
BCS,D,20260123,000000,12.54,12.54,12.1,12.42,7163,0
BCS,D,20260126,000000,12.48,12.72,12.16,12.58,16692,0
BCS,D,20260127,000000,12.6,12.86,12.6,12.7,22137,0
BCS,D,20260128,000000,12.66,12.68,12.5,12.58,2867,0
BCS,D,20260129,000000,12.58,12.58,12.24,12.3,3898,0
BCS,D,20260130,000000,12.48,12.52,12.22,12.52,1274,0
BCS,D,20260202,000000,12.4,12.4,12.1,12.3,2311,0
BCS,D,20260203,000000,12.3,12.5,12.2,12.5,264,0
BCS,D,20260204,000000,12.5,12.5,12,12,2337,0
BCS,D,20260205,000000,12.3,12.52,12,12.36,8876,0
BCS,D,20260206,000000,12.3,12.38,12,12,3740,0
BCS,D,20260209,000000,12.28,12.28,12,12,4629,0
BCS,D,20260210,000000,12,12.2,11.96,12.18,2292,0
BCS,D,20260211,000000,12.02,12.2,11.98,12.16,3453,0
BCS,D,20260212,000000,12.06,12.2,11.96,11.96,2605,0
BCS,D,20260213,000000,12,12.2,12,12.18,2000,0
BCS,D,20260216,000000,12,12.32,11.26,11.96,13569,0
BCS,D,20260217,000000,11.8,12.2,11.8,11.9,6452,0
BCS,D,20260218,000000,12,12.2,11.9,11.96,3724,0
BCS,D,20260219,000000,12,12,11.66,11.98,5656,0
BCS,D,20260220,000000,11.96,12,11.96,12,1241,0
BCS,D,20260223,000000,12,12.16,11.66,12.14,6562,0
BCS,D,20260224,000000,12,12,11.78,11.98,2743,0
BCS,D,20260225,000000,11.74,12,11.6,11.7,3514,0
BCS,D,20260226,000000,11.92,11.96,11.72,11.96,694,0
BCS,D,20260227,000000,11.9,11.96,11.72,11.96,707,0
BCS,D,20260302,000000,11.7,12,11.5,11.8,2010,0
BCS,D,20260303,000000,11.96,11.98,11.54,11.98,1432,0
BCS,D,20260304,000000,11.98,12.14,11.72,11.78,2671,0
BCS,D,20260305,000000,11.94,11.98,11.7,11.9,5011,0
BCS,D,20260306,000000,11.6,11.9,11.6,11.88,210,0
BCS,D,20260309,000000,11.9,12,11.7,12,1479,0
BCS,D,20260310,000000,11.86,12.18,11.1,11.1,6630,0
BCS,D,20260311,000000,11.2,11.7,11.2,11.66,3986,0
BCS,D,20260312,000000,11.52,11.9,11.5,11.78,3240,0
BCS,D,20260313,000000,11.78,11.78,11.62,11.78,272,0
BCS,D,20260316,000000,11.76,11.78,11.62,11.78,1009,0
BCS,D,20260317,000000,11.78,11.98,11.68,11.96,2895,0
BCS,D,20260318,000000,11.96,11.96,11.7,11.96,889,0
BCS,D,20260319,000000,11.98,12.16,11.6,11.96,7081,0
BCS,D,20260320,000000,11.6,12,11.6,12,3692,0
BCS,D,20260323,000000,12,12,11.6,11.76,1686,0
BCS,D,20260324,000000,11.74,11.74,11,11.48,5834,0
BCS,D,20260325,000000,11.5,12,11.5,11.98,3955,0
BCS,D,20260326,000000,11.96,12.1,11.66,11.98,72250,0
BCS,D,20260327,000000,11.98,12.08,11.74,11.94,2984,0
BCS,D,20260330,000000,11.94,11.94,11.1,11.16,5197,0
BCS,D,20260331,000000,11.34,11.48,11.12,11.38,4072,0
BCS,D,20260402,000000,7.98,7.98,7.14,7.14,319416,0
BCS,D,20260407,000000,7.14,7.16,5.81,6,268940,0
BCS,D,20260408,000000,6,6.49,5.83,6.4,105391,0
BCS,D,20260409,000000,6.49,6.58,6.2,6.25,37144,0
BCS,D,20260410,000000,6.3,6.3,6,6.14,31143,0
BCS,D,20260413,000000,6,6,5.65,5.7,90722,0
BCS,D,20260414,000000,5.68,5.76,5.61,5.64,21464,0
BCS,D,20260415,000000,5.66,5.94,5.52,5.57,68283,0
BCS,D,20260416,000000,5.57,5.73,5.52,5.58,14113,0
BCS,D,20260417,000000,5.59,5.9,5.55,5.85,30906,0
BCS,D,20260420,000000,5.8,5.8,5.55,5.68,35897,0
BCS,D,20260421,000000,5.68,5.76,5.52,5.54,21073,0
BCS,D,20260422,000000,5.59,5.66,5.48,5.51,26218,0
BCS,D,20260423,000000,5.5,5.6,5.5,5.6,3797,0
BCS,D,20260424,000000,5.6,5.6,5.49,5.51,8269,0
BCS,D,20260427,000000,5.59,5.6,5.47,5.47,13050,0
BCS,D,20260428,000000,5.48,5.5,5.4,5.49,21420,0
BCS,D,20260429,000000,5.42,5.48,5.4,5.4,10577,0
BCS,D,20260430,000000,5.4,5.49,5.19,5.2,29074,0
BCS,D,20260504,000000,5.2,5.4,5.2,5.38,3897,0
BCS,D,20260505,000000,5.36,5.38,5.13,5.2,8996,0
BCS,D,20260506,000000,5.19,5.19,5.01,5.14,20981,0
BCS,D,20260507,000000,5.15,5.15,4.88,5.09,31201,0
BCS,D,20260508,000000,5,5.08,4.915,4.995,14353,0
BCS,D,20260511,000000,5,5,4.845,4.965,17544,0
BCS,D,20260512,000000,4.86,4.97,4.61,4.8,12326,0
BCS,D,20260513,000000,4.795,4.94,4.515,4.94,33788,0
BCS,D,20260514,000000,4.94,4.965,4.66,4.795,10598,0
BCS,D,20260515,000000,4.795,4.8,4.68,4.775,7565,0
BCS,D,20260518,000000,4.75,4.78,4.665,4.75,3819,0
BCS,D,20260519,000000,4.75,4.75,4.555,4.64,11026,0
BCS,D,20260520,000000,4.7,4.72,4.605,4.65,2466,0
BCS,D,20260521,000000,4.65,4.7,4.515,4.6,7664,0
BCS,D,20260522,000000,4.69,4.72,4.605,4.65,3168,0
BCS,D,20260525,000000,4.65,4.76,4.65,4.655,4737,0
BCS,D,20260526,000000,4.745,4.745,4.615,4.745,317,0
BCS,D,20260527,000000,4.745,4.745,4.63,4.74,2974,0
BCS,D,20260528,000000,4.68,4.73,4.63,4.73,561,0
BCS,D,20260529,000000,4.735,4.735,4.7,4.72,1200,0
BCS,D,20260601,000000,4.74,4.755,4.7,4.7,6342,0
BCS,D,20260602,000000,4.7,4.74,4.7,4.74,4926,0
BCS,D,20260603,000000,4.735,4.74,4.65,4.69,6108,0
BCS,D,20260605,000000,4.7,4.75,4.65,4.74,1733,0
BCS,D,20260608,000000,4.67,4.73,4.63,4.73,3140,0
BCS,D,20260609,000000,4.72,4.72,4.63,4.715,508,0
BCS,D,20260610,000000,4.71,4.71,4.6,4.61,1765,0
BCS,D,20260611,000000,4.62,4.69,4.54,4.6,7508,0
BCS,D,20260612,000000,4.62,4.68,4.525,4.53,7551,0
BCS,D,20260615,000000,4.54,4.58,4.51,4.565,2017,0
BCS,D,20260616,000000,4.56,4.56,4.5,4.52,5271,0
BCS,D,20260617,000000,4.54,4.585,4.52,4.585,2939,0
BCS,D,20260618,000000,4.585,4.585,4.52,4.585,914,0
BCS,D,20260619,000000,4.585,4.585,4.525,4.585,1632,0
BCS,D,20260622,000000,4.53,4.59,4.52,4.59,2692,0
BCS,D,20260623,000000,4.54,4.58,4.52,4.58,1367,0
BCS,D,20260624,000000,4.58,4.58,4.505,4.505,1979,0
BCS,D,20260625,000000,4.52,4.6,4.5,4.595,7317,0
BCS,D,20260626,000000,4.52,4.695,4.52,4.695,7529,0
BCS,D,20260629,000000,4.62,4.685,4.6,4.605,1163,0
BCS,D,20260630,000000,4.605,4.695,4.605,4.66,9759,0
BCS,D,20260701,000000,4.685,4.685,4.635,4.685,395,0
BCS,D,20260702,000000,4.695,4.695,4.57,4.675,10532,0
BCS,D,20260703,000000,4.67,4.67,4.565,4.635,3224,0
BCS,D,20260706,000000,4.64,4.64,4.55,4.59,16702,0
BCS,D,20260707,000000,4.59,4.6,4.56,4.595,4845,0
BCS,D,20260708,000000,4.57,4.595,4.52,4.59,578,0
BCS,D,20260709,000000,4.59,4.59,4.535,4.57,773,0
BCS,D,20260710,000000,4.59,4.595,4.52,4.595,2802,0
BCS,D,20260713,000000,4.53,4.59,4.5,4.585,6177,0
BCS,D,20260714,000000,4.585,4.6,4.49,4.49,6097,0
BCS,D,20260715,000000,4.5,4.54,4.485,4.54,5782,0
BCS,D,20260716,000000,4.58,4.58,4.48,4.535,2933,0
BCS,D,20260717,000000,4.535,4.535,4.46,4.5,4273,0
BCS,D,20260720,000000,4.455,4.535,4.42,4.42,13568,0
BCS,D,20260721,000000,4.42,4.43,4.38,4.4,10111,0
BCS,D,20260722,000000,4.4,4.44,4.4,4.425,1275,0
BCS,D,20260723,000000,4.425,4.43,4.4,4.405,1073,0
BCS,D,20260724,000000,4.41,4.5,4.405,4.48,5145,0
BCS,D,20260727,000000,4.43,4.47,4.425,4.47,2141,0
BCS,D,20260728,000000,4.435,4.435,4.425,4.43,2660,0
BCS,D,20260729,000000,4.43,4.43,4.42,4.425,1007,0
BCS,D,20260730,000000,4.43,4.475,4.43,4.47,1557,0
BCS,D,20260731,000000,4.475,4.475,4.47,4.475,2796,0
BCS,D,20260803,000000,4.485,4.57,4.485,4.49,1746,0
BCS,D,20260804,000000,4.49,4.81,4.49,4.66,17143,0
BCS,D,20260805,000000,4.605,4.74,4.6,4.695,1756,0
BCS,D,20260806,000000,4.69,4.69,4.6,4.6,2166,0
BCS,D,20260807,000000,4.6,4.8,4.6,4.79,6831,0
BCS,D,20260810,000000,4.795,4.8,4.71,4.79,2786,0
BCS,D,20260811,000000,4.8,5.28,4.8,4.87,21887,0
BCS,D,20260812,000000,4.945,4.945,4.83,4.83,1888,0
BCS,D,20260813,000000,4.845,4.92,4.74,4.8,18161,0
BCS,D,20260814,000000,4.74,4.89,4.73,4.73,1244,0
BCS,D,20260817,000000,4.74,4.8,4.6,4.6,8987,0
BCS,D,20260818,000000,4.65,4.745,4.6,4.7,8969,0
