<TICKER>,<PER>,<DATE>,<TIME>,<OPEN>,<HIGH>,<LOW>,<CLOSE>,<VOL>,<OPENINT>
BCX,D,20211108,000000,35.8,37.94,33,35,45604,0
BCX,D,20211109,000000,35.7,39.9,35,36.6,21531,0
BCX,D,20211110,000000,36.6,36.695,33.6,35,3264,0
BCX,D,20211112,000000,35.89,35.9,34.1,34.15,2361,0
BCX,D,20211115,000000,34.15,34.15,32.1,32.3,1833,0
BCX,D,20211116,000000,31.9,31.9,30.1,31.25,1717,0
BCX,D,20211117,000000,31.4,35.9,31.4,35.9,1756,0
BCX,D,20211118,000000,35.88,35.9,33.5,34.5,858,0
BCX,D,20211119,000000,34.4,36.9,33.01,36.3,1435,0
BCX,D,20211122,000000,36.3,36.3,34.21,35.5,172,0
BCX,D,20211123,000000,35.5,36.3,33.49,36.3,996,0
BCX,D,20211124,000000,36.295,36.5,35.5,36,1673,0
BCX,D,20211125,000000,35.5,36.295,35,36.295,1619,0
BCX,D,20211126,000000,34.7,36.3,34.41,36.27,752,0
BCX,D,20211129,000000,35.83,35.83,35,35.83,219,0
BCX,D,20211130,000000,36,36.49,35,36.49,248,0
BCX,D,20211201,000000,35.31,37,35.31,37,3327,0
BCX,D,20211202,000000,37.2,37.95,37,37.94,642,0
BCX,D,20211203,000000,37.21,38,37.21,38,353,0
BCX,D,20211206,000000,37.735,38,37.7,37.7,354,0
BCX,D,20211207,000000,37.21,37.21,36.21,36.52,289,0
BCX,D,20211208,000000,37,37,36,36.88,1402,0
BCX,D,20211209,000000,36.88,36.88,36,36.6,353,0
BCX,D,20211210,000000,36.1,36.1,36.1,36.1,164,0
BCX,D,20211213,000000,36.5,36.8,35.9,36.7,229,0
BCX,D,20211214,000000,36,38,35.75,38,898,0
BCX,D,20211215,000000,37.995,42.8,37.9,42.795,5057,0
BCX,D,20211216,000000,42.825,49,42.825,46.885,4188,0
BCX,D,20211217,000000,46.6,46.6,45.31,46.2,324,0
BCX,D,20211220,000000,46,46.4,43.8,45.2,673,0
BCX,D,20211221,000000,43.01,44.9,43,44.63,190,0
BCX,D,20211222,000000,43.52,44,43.05,44,240,0
BCX,D,20211223,000000,44.62,45.99,44.4,45.895,1027,0
BCX,D,20211227,000000,45.895,45.895,44,45.87,499,0
BCX,D,20211228,000000,45.02,46,45.02,46,207,0
BCX,D,20211229,000000,46,50.99,45.11,50.99,3763,0
BCX,D,20211230,000000,50.8,53.48,50.5,52.2,2006,0
BCX,D,20220103,000000,52.3,55.9,52.3,55.9,1696,0
BCX,D,20220104,000000,58.54,69,58.1,66,5518,0
BCX,D,20220105,000000,66.5,66.5,60.31,64.6,1324,0
BCX,D,20220107,000000,64,64.1,62.8,64.1,573,0
BCX,D,20220110,000000,63.5,64.5,62,63.88,982,0
BCX,D,20220111,000000,61.12,63.74,61.1,63.65,497,0
BCX,D,20220112,000000,62,63.2,58.32,61.09,1634,0
BCX,D,20220113,000000,61.2,61.22,60,60.8,170,0
BCX,D,20220114,000000,60,60.99,59.6,60.99,209,0
BCX,D,20220117,000000,60.6,63.02,60.6,61.2,375,0
BCX,D,20220118,000000,61.3,62.8,61.2,62.8,80,0
BCX,D,20220119,000000,61.2,61.5,60.6,60.6,156,0
BCX,D,20220120,000000,61,62,60.22,61.99,220,0
BCX,D,20220121,000000,60.2,61.8,58.01,61.55,491,0
BCX,D,20220124,000000,59.11,59.11,56.6,59,1520,0
BCX,D,20220125,000000,56.6,61.5,56.58,61.47,624,0
BCX,D,20220126,000000,61.47,61.89,60,61.89,314,0
BCX,D,20220127,000000,61.98,62.5,61.97,62,311,0
BCX,D,20220128,000000,62,62,61,61,27,0
BCX,D,20220131,000000,61,61.1,60,60.95,172,0
BCX,D,20220201,000000,61,61,56.5,60.28,1438,0
BCX,D,20220202,000000,57.46,60.2,57,60.16,494,0
BCX,D,20220203,000000,60.2,62.4,50,54.71,7277,0
BCX,D,20220204,000000,55.1,56,48,49.98,13833,0
BCX,D,20220207,000000,50.05,53.4,49,50,1423,0
BCX,D,20220208,000000,47.2,47.2,42,44,8231,0
BCX,D,20220209,000000,44.4,52.4,44.1,47,5222,0
BCX,D,20220210,000000,48.78,48.78,45,45.7,1031,0
BCX,D,20220211,000000,45.7,45.7,43.6,44.99,3953,0
BCX,D,20220214,000000,43.81,43.81,41.05,42.88,2946,0
BCX,D,20220215,000000,42.88,44,39.41,42.8,3504,0
BCX,D,20220216,000000,42.8,43.9,39.4,41.495,2887,0
BCX,D,20220217,000000,40.1,41.45,39.23,40,879,0
BCX,D,20220218,000000,39.99,41,39.99,41,319,0
BCX,D,20220221,000000,41,41,39.3,41,101,0
BCX,D,20220222,000000,39.5,41.3,38.2,40.9,1831,0
BCX,D,20220223,000000,40.9,41.1,38.51,41.05,460,0
BCX,D,20220224,000000,38,39,34.5,37.88,5948,0
BCX,D,20220225,000000,36.06,40.99,36.06,40,1210,0
BCX,D,20220228,000000,40,40.8,38,40.8,644,0
BCX,D,20220301,000000,40,40.4,40,40.4,85,0
BCX,D,20220302,000000,38.51,39.9,33,39.9,4393,0
BCX,D,20220303,000000,37,39.2,36.68,39.2,640,0
BCX,D,20220304,000000,39.2,39.2,36.7,37.66,592,0
BCX,D,20220307,000000,36.7,38.9,35.2,38.9,1684,0
BCX,D,20220308,000000,38.9,39.9,38.9,39.8,721,0
BCX,D,20220309,000000,39,39.4,37,39.395,544,0
BCX,D,20220310,000000,40.5,42,39.8,42,853,0
BCX,D,20220311,000000,44.995,44.995,37.8,43,1065,0
BCX,D,20220314,000000,43,43.55,40.2,43.55,814,0
BCX,D,20220315,000000,41.7,42.7,34.9,36.6,12791,0
BCX,D,20220316,000000,37,38.49,37,38.3,537,0
BCX,D,20220317,000000,36.91,38,36,38,642,0
BCX,D,20220318,000000,36,37.995,36,37.5,1569,0
BCX,D,20220321,000000,37.4,37.49,36.2,37.49,470,0
BCX,D,20220322,000000,37.5,37.5,37.4,37.4,21,0
BCX,D,20220323,000000,37,37.495,36.4,37.495,651,0
BCX,D,20220324,000000,37.495,37.9,37.495,37.885,180,0
BCX,D,20220325,000000,37.5,37.8,37.5,37.8,316,0
BCX,D,20220328,000000,37.8,39.305,37.01,39.305,416,0
BCX,D,20220329,000000,39.45,40.485,39.445,40.485,243,0
BCX,D,20220330,000000,40.885,40.885,39,40.65,228,0
BCX,D,20220331,000000,40.65,41.5,39.5,41.4,324,0
BCX,D,20220401,000000,41.4,41.4,40,41.2,442,0
BCX,D,20220404,000000,41.1,41.1,38.4,40.995,1294,0
BCX,D,20220405,000000,40.2,40.485,40.2,40.485,53,0
BCX,D,20220407,000000,38.7,40,37.9,39.95,741,0
BCX,D,20220408,000000,39.55,39.6,39.55,39.6,55,0
BCX,D,20220411,000000,38.105,38.9,37,38.8,644,0
BCX,D,20220412,000000,38.8,39.49,35,38,2950,0
BCX,D,20220413,000000,37,38,37,38,92,0
BCX,D,20220414,000000,38,38,35.1,37.6,1983,0
BCX,D,20220419,000000,37.6,37.9,34.5,37,1330,0
BCX,D,20220420,000000,37,37.3,37,37.3,238,0
BCX,D,20220421,000000,37.2,38,33.2,37.8,2506,0
BCX,D,20220422,000000,37.8,37.8,37,37,65,0
BCX,D,20220425,000000,36.2,36.8,36.1,36.8,527,0
BCX,D,20220427,000000,36,37,34,37,1281,0
BCX,D,20220428,000000,35.1,36.7,35.1,36.7,65,0
BCX,D,20220429,000000,36.7,36.7,36.7,36.7,144,0
BCX,D,20220502,000000,35.8,36.7,35.6,36.7,177,0
BCX,D,20220505,000000,36.6,37.5,35.5,37.2,1568,0
BCX,D,20220506,000000,37.2,37.2,36.5,37,326,0
BCX,D,20220509,000000,36.1,37,35,35,713,0
BCX,D,20220510,000000,36.2,36.4,35,36.3,577,0
BCX,D,20220511,000000,35.2,36.2,35,36.2,175,0
BCX,D,20220512,000000,35.1,36,35,36,65,0
BCX,D,20220513,000000,36,37.3,35,37.3,268,0
BCX,D,20220516,000000,36.2,37.5,35.2,37.5,241,0
BCX,D,20220517,000000,37.4,37.4,37.4,37.4,15,0
BCX,D,20220518,000000,37.4,37.4,37.4,37.4,3,0
BCX,D,20220519,000000,35.8,36.9,35.8,36.9,20,0
BCX,D,20220520,000000,35.7,36.4,34,36.4,238,0
BCX,D,20220523,000000,36.4,36.4,34,36.2,278,0
BCX,D,20220525,000000,36,36.2,36,36.2,80,0
BCX,D,20220526,000000,36,36,34.6,35.5,59,0
BCX,D,20220527,000000,36,36.4,36,36.4,219,0
BCX,D,20220530,000000,36.4,36.4,36.4,36.4,7,0
BCX,D,20220531,000000,36.4,37,36.4,36.4,31118,0
BCX,D,20220601,000000,36.4,36.4,35.8,36,5765,0
BCX,D,20220602,000000,36,36,36,36,63,0
BCX,D,20220603,000000,36,36,34.7,35.5,463,0
BCX,D,20220606,000000,35.4,35.4,35,35,57,0
BCX,D,20220607,000000,35.1,39.4,34,39.4,1496,0
BCX,D,20220608,000000,39.6,39.6,35.6,37.8,680,0
BCX,D,20220609,000000,35.8,37.6,35.8,37.4,138,0
BCX,D,20220610,000000,37,37.3,37,37.3,205,0
BCX,D,20220613,000000,36.1,37.4,34.6,37.4,1034,0
BCX,D,20220615,000000,36.9,36.9,36,36,136,0
BCX,D,20220617,000000,35.7,35.9,35.6,35.6,145,0
BCX,D,20220620,000000,35.5,36.4,34.4,36.4,284,0
BCX,D,20220621,000000,34.6,35.4,34.5,35.4,68,0
BCX,D,20220622,000000,34.4,36.1,34,35.4,892,0
BCX,D,20220623,000000,34.1,34.1,34,34,456,0
BCX,D,20220624,000000,34,36.6,33,36.3,99225,0
BCX,D,20220627,000000,36.3,36.5,31.5,35,1820,0
BCX,D,20220628,000000,33.8,35.2,33.8,34.8,327,0
BCX,D,20220629,000000,34.8,35,32,34.5,527,0
BCX,D,20220630,000000,32,34.8,31.1,34.4,770,0
BCX,D,20220701,000000,34,34.8,31.9,34.8,492,0
BCX,D,20220704,000000,34.2,35,33,35,620,0
BCX,D,20220705,000000,34.5,34.5,33.2,34.5,45724,0
BCX,D,20220706,000000,33.1,34.8,32.4,34.8,745,0
BCX,D,20220707,000000,34.4,35,33,33.7,17688,0
BCX,D,20220708,000000,34,34.3,32.8,33.6,2202,0
BCX,D,20220711,000000,33.6,35.7,31,35.5,6636,0
BCX,D,20220712,000000,33.7,34.9,33,33.2,1576,0
BCX,D,20220713,000000,33.5,33.5,32.3,33.2,110,0
BCX,D,20220714,000000,32.4,33.1,30.9,30.9,32815,0
BCX,D,20220715,000000,31,31.6,30.1,30.9,1508,0
BCX,D,20220718,000000,31.5,31.9,30.5,31.9,207,0
BCX,D,20220719,000000,30.5,31.8,30.4,31.8,220,0
BCX,D,20220720,000000,30.9,31.9,30.8,31.9,125,0
BCX,D,20220721,000000,30.9,31.5,30.6,31.5,470,0
BCX,D,20220722,000000,31.6,31.6,31.6,31.6,7,0
BCX,D,20220725,000000,31.7,31.7,31.7,31.7,1,0
BCX,D,20220726,000000,31.7,31.7,31,31.4,104,0
BCX,D,20220727,000000,31,31,29.9,30.8,1392,0
BCX,D,20220728,000000,30,30.7,29,30.7,4959,0
BCX,D,20220729,000000,30.8,31.5,30,31.3,775,0
BCX,D,20220801,000000,31.5,32.3,31.5,32.3,188,0
BCX,D,20220802,000000,32.2,32.9,31.2,32.8,232,0
BCX,D,20220803,000000,32.8,35.3,32.8,35.3,977,0
BCX,D,20220804,000000,35.4,35.4,34.4,35.4,263,0
BCX,D,20220805,000000,35.4,36,34,36,889,0
BCX,D,20220808,000000,36.3,44.9,36.3,44.9,3386,0
BCX,D,20220809,000000,44.8,44.9,41.9,44.4,682,0
BCX,D,20220810,000000,44.3,46,44,46,2918,0
BCX,D,20220811,000000,47,47,44,46.8,1947,0
BCX,D,20220812,000000,47,52,46,52,1692,0
BCX,D,20220816,000000,53,53,48,48,573,0
BCX,D,20220817,000000,48.7,51.4,46.7,49.5,866,0
BCX,D,20220818,000000,49.5,51,49.5,51,605,0
BCX,D,20220819,000000,49.5,50,49.2,50,240,0
BCX,D,20220822,000000,50,50,47.4,49.7,214,0
BCX,D,20220823,000000,49.5,49.5,48,49.5,224,0
BCX,D,20220824,000000,49.6,49.6,48.5,48.5,166,0
BCX,D,20220825,000000,47.7,49,47,49,158,0
BCX,D,20220826,000000,49.5,50.8,49,50.6,569,0
BCX,D,20220829,000000,50.6,51,49,50,468,0
BCX,D,20220830,000000,50,55,50,54.6,4181,0
BCX,D,20220831,000000,52.4,54.6,52,54.2,284,0
BCX,D,20220901,000000,54.2,54.2,52,53.4,759,0
BCX,D,20220902,000000,53.4,53.4,51,52.8,1776,0
BCX,D,20220905,000000,52.8,56.6,52,52,1591,0
BCX,D,20220906,000000,53.2,53.2,43.5,51,2401,0
BCX,D,20220907,000000,50.2,51,47,51,335,0
BCX,D,20220908,000000,49.2,51,47,47.6,1634,0
BCX,D,20220909,000000,49.5,49.5,47.5,48.8,429,0
BCX,D,20220912,000000,47.9,48,44,46.7,2509,0
BCX,D,20220913,000000,46.6,46.6,42.4,43.5,1489,0
BCX,D,20220914,000000,43,44.8,43,44.1,469,0
BCX,D,20220915,000000,45.1,45.4,39.9,42.8,5148,0
BCX,D,20220916,000000,41.2,41.9,38.5,41.3,4592,0
BCX,D,20220919,000000,41.3,41.3,38.6,40.1,2838,0
BCX,D,20220920,000000,41,41.9,41,41.9,287,0
BCX,D,20220921,000000,41.6,41.6,38,38,3381,0
BCX,D,20220922,000000,37.7,39.3,34,36.6,6319,0
BCX,D,20220923,000000,36.5,36.5,35,36.2,1411,0
BCX,D,20220926,000000,36.2,36.2,33.6,34.8,3094,0
BCX,D,20220927,000000,34.7,38.7,34.7,38.7,1015,0
BCX,D,20220928,000000,38.7,39.8,37.3,38.6,768,0
BCX,D,20220929,000000,37.7,38,33.6,34.2,3463,0
BCX,D,20220930,000000,35,35.4,32,34,5185,0
BCX,D,20221003,000000,34.4,34.4,32.4,33,1191,0
BCX,D,20221004,000000,33.4,35.6,31,33.6,3579,0
BCX,D,20221005,000000,33.6,36.1,33.6,36,1900,0
BCX,D,20221006,000000,36.2,36.5,33,33.8,4273,0
BCX,D,20221007,000000,33.9,35.3,33,33,2750,0
BCX,D,20221010,000000,34.3,34.3,32,32.9,2256,0
BCX,D,20221011,000000,32,32.8,31.1,32.5,6945,0
BCX,D,20221012,000000,32.4,33.3,32,32.8,649,0
BCX,D,20221013,000000,32.1,32.9,32,32.1,2808,0
BCX,D,20221014,000000,32.8,33.6,31,33.1,2817,0
BCX,D,20221017,000000,33.5,33.5,32,32.2,4764,0
BCX,D,20221018,000000,32.3,34.4,31,31,7431,0
BCX,D,20221019,000000,31.5,31.7,30.6,31.5,3749,0
BCX,D,20221020,000000,31.1,32.4,30.8,32.4,1563,0
BCX,D,20221021,000000,32.4,32.4,30.9,30.9,3897,0
BCX,D,20221024,000000,31,31.8,30.9,31.5,2073,0
BCX,D,20221025,000000,31.5,32,31,31.1,3055,0
BCX,D,20221026,000000,32,33,31.4,31.5,2988,0
BCX,D,20221027,000000,31.6,32,31,31.8,6225,0
BCX,D,20221028,000000,31.6,31.7,30.8,31,8284,0
BCX,D,20221031,000000,31.1,31.2,30.9,31.1,5307,0
BCX,D,20221102,000000,31.5,32.3,30.4,30.7,4173,0
BCX,D,20221103,000000,30.7,31.4,29.9,30.9,8390,0
BCX,D,20221104,000000,30.4,30.6,29.8,30,3616,0
BCX,D,20221107,000000,30.2,30.4,29.4,29.7,8596,0
BCX,D,20221108,000000,29.7,31.6,28.7,30.8,28643,0
BCX,D,20221109,000000,31,31.4,29.6,31.4,10335,0
BCX,D,20221110,000000,31.5,31.5,30.8,31.3,1944,0
BCX,D,20221114,000000,31.8,31.8,30.7,31,5441,0
BCX,D,20221115,000000,31.5,31.5,30.9,31.3,4360,0
BCX,D,20221116,000000,31.2,32.2,31,31.8,9955,0
BCX,D,20221117,000000,32.1,34,32.1,32.9,12043,0
BCX,D,20221118,000000,33.1,33.3,32,32.5,3150,0
BCX,D,20221121,000000,32.5,32.5,31.2,31.2,2557,0
BCX,D,20221122,000000,31.6,32.2,31,32,6810,0
BCX,D,20221123,000000,32.1,32.3,31,31,18051,0
BCX,D,20221124,000000,31.5,34.9,31.2,34.2,13346,0
BCX,D,20221125,000000,34.6,41.8,34.6,41.2,13539,0
BCX,D,20221128,000000,42,43.7,36,36.6,13761,0
BCX,D,20221129,000000,36.7,38.6,35.8,36.7,3546,0
BCX,D,20221130,000000,37.6,38.7,37.1,37.5,1554,0
BCX,D,20221201,000000,38.2,39.8,37.6,39.5,1635,0
BCX,D,20221202,000000,39.6,39.7,38.8,39.7,326,0
BCX,D,20221205,000000,39.1,39.9,38.5,38.5,1489,0
BCX,D,20221206,000000,38.6,39,38.4,39,3552,0
BCX,D,20221207,000000,39,39,38.5,38.9,515,0
BCX,D,20221208,000000,38.7,39.7,38.5,38.5,1863,0
BCX,D,20221209,000000,38.8,38.8,38.1,38.2,506,0
BCX,D,20221212,000000,38.4,39.8,38.3,38.5,285,0
BCX,D,20221213,000000,38.3,38.7,38.2,38.6,1743,0
BCX,D,20221214,000000,38.5,39.6,38.5,39.5,2930,0
BCX,D,20221215,000000,38.4,39.5,38.2,39.4,2555,0
BCX,D,20221216,000000,39.4,39.4,38.6,39.4,1958,0
BCX,D,20221219,000000,39.4,39.4,38.6,39.4,222,0
BCX,D,20221220,000000,39.2,39.5,39,39.5,2575,0
BCX,D,20221221,000000,38.9,39.4,38.2,38.2,2283,0
BCX,D,20221222,000000,38.1,38.8,36.3,37.9,3347,0
BCX,D,20221223,000000,37.8,37.8,37.2,37.5,1639,0
BCX,D,20221227,000000,38,39,36.8,37.9,3985,0
BCX,D,20221228,000000,37.9,38.5,37.8,38.4,15356,0
BCX,D,20221229,000000,39.2,41,39,39.7,6655,0
BCX,D,20221230,000000,39.7,40.4,38.8,38.8,4431,0
BCX,D,20230102,000000,39.3,43.2,39.3,43.2,11593,0
BCX,D,20230103,000000,43.5,49,43.5,45,17623,0
BCX,D,20230104,000000,46.3,48.5,46,47.7,6610,0
BCX,D,20230105,000000,47.7,49.2,46.1,47.5,5772,0
BCX,D,20230109,000000,47.8,48.2,46.4,48.1,3012,0
BCX,D,20230110,000000,48,48,47.5,47.9,3020,0
BCX,D,20230111,000000,47.9,48,47,47.1,3237,0
BCX,D,20230112,000000,47.1,50.8,47.1,48,6515,0
BCX,D,20230113,000000,49,49,48.2,48.3,2611,0
BCX,D,20230116,000000,52.2,52.2,48.6,48.9,3117,0
BCX,D,20230117,000000,49,49.3,47.2,47.4,4880,0
BCX,D,20230118,000000,47.5,49,47.4,49,1842,0
BCX,D,20230119,000000,49,49,47.2,47.2,3683,0
BCX,D,20230120,000000,47,48.5,47,48.5,4467,0
BCX,D,20230123,000000,48,48.4,47.6,48,1385,0
BCX,D,20230124,000000,47.5,47.5,46.7,47.1,2298,0
BCX,D,20230125,000000,47.2,47.2,46.1,46.1,1426,0
BCX,D,20230126,000000,46.3,48.4,46.3,48,6187,0
BCX,D,20230127,000000,48,48.3,47.6,47.6,1040,0
BCX,D,20230130,000000,47.1,48.5,47,48.2,902,0
BCX,D,20230131,000000,47.9,47.9,46.4,47.1,6083,0
BCX,D,20230201,000000,46.8,47.7,46.5,46.5,444,0
BCX,D,20230202,000000,46.9,46.9,45.4,45.6,2127,0
BCX,D,20230203,000000,45,45.3,43.5,44.3,2323,0
BCX,D,20230206,000000,44.1,44.7,43.9,44,794,0
BCX,D,20230207,000000,43.7,45.4,43.7,45.4,1087,0
BCX,D,20230208,000000,44.9,45,44.5,44.8,1583,0
BCX,D,20230209,000000,44.8,47.1,41.6,42.2,16704,0
BCX,D,20230210,000000,41.7,41.7,39.1,40.2,11154,0
BCX,D,20230213,000000,40.2,44.1,40.2,43.8,3336,0
BCX,D,20230214,000000,44,44.2,42.5,43.4,1120,0
BCX,D,20230215,000000,42.7,42.9,40,41.7,2176,0
BCX,D,20230216,000000,41,41.5,39,40.2,4282,0
BCX,D,20230217,000000,40.2,40.4,39.9,40.4,919,0
BCX,D,20230220,000000,43.8,43.8,41,42,3380,0
BCX,D,20230221,000000,42.1,43,41.3,42.5,1271,0
BCX,D,20230222,000000,44,44.3,42.3,43,4551,0
BCX,D,20230223,000000,43,43,42.6,42.9,527,0
BCX,D,20230224,000000,42.4,42.8,41.5,41.5,992,0
BCX,D,20230227,000000,40,41,37.8,38.8,10926,0
BCX,D,20230228,000000,38.8,39.3,38.3,39.3,1271,0
BCX,D,20230301,000000,39.3,43.2,39.3,42.9,9217,0
BCX,D,20230302,000000,41.6,42.8,40.9,42.2,1350,0
BCX,D,20230303,000000,42.3,42.8,42,42.7,3306,0
BCX,D,20230306,000000,42.7,42.7,39.4,42,3852,0
BCX,D,20230307,000000,41.5,41.6,40,41.2,4273,0
BCX,D,20230308,000000,41.2,41.2,40.5,40.5,4117,0
BCX,D,20230309,000000,41,41.3,40,41,3899,0
BCX,D,20230310,000000,40.9,41.1,40.2,41,1673,0
BCX,D,20230313,000000,40.9,40.9,39.4,39.7,4560,0
BCX,D,20230314,000000,39.4,40.7,39.4,40,5996,0
BCX,D,20230315,000000,40,40,39.3,39.7,4368,0
BCX,D,20230316,000000,40,42.4,39.9,42,5828,0
BCX,D,20230317,000000,41.9,42,41.3,41.7,3025,0
BCX,D,20230320,000000,41.7,43.5,40.9,43.5,15676,0
BCX,D,20230321,000000,43.7,44.7,43.4,44.7,7451,0
BCX,D,20230322,000000,44.9,48.7,44.5,45.5,9186,0
BCX,D,20230323,000000,46,49.3,45.8,48.4,6322,0
BCX,D,20230324,000000,49,49.8,46.8,47.5,3263,0
BCX,D,20230327,000000,48.8,52,45.7,47,10525,0
BCX,D,20230328,000000,47,47.9,45.8,46.6,1645,0
BCX,D,20230329,000000,46.6,47.9,46,47.6,5240,0
BCX,D,20230330,000000,46.6,48.6,43.7,48,10309,0
BCX,D,20230331,000000,48,52.8,47.8,52,25150,0
BCX,D,20230403,000000,52,56.2,49.6,52,20028,0
BCX,D,20230404,000000,52.6,53.8,51,53.6,4755,0
BCX,D,20230405,000000,53.6,56,53.6,55,4769,0
BCX,D,20230406,000000,55.2,55.8,53.6,55.8,2586,0
BCX,D,20230411,000000,55.6,57.6,52.4,56,7133,0
BCX,D,20230412,000000,56,57.6,55,56,5303,0
BCX,D,20230413,000000,56.4,56.4,55,56,4541,0
BCX,D,20230414,000000,56,56,55.4,55.8,3902,0
BCX,D,20230417,000000,55.8,56.4,55.8,56.4,2050,0
BCX,D,20230418,000000,56.4,56.6,55,56.4,3850,0
BCX,D,20230419,000000,56,56.2,53.6,54.8,5011,0
BCX,D,20230420,000000,54.8,57.4,54,57,6344,0
BCX,D,20230421,000000,57.2,57.2,55.2,56.8,5912,0
BCX,D,20230424,000000,57.2,59.4,56.8,59,6173,0
BCX,D,20230425,000000,59,61.8,58,61,6410,0
BCX,D,20230426,000000,60.8,64.6,60.8,63.6,3862,0
BCX,D,20230427,000000,63.6,65,63,64.6,2985,0
BCX,D,20230428,000000,65,65,63.8,64.8,2329,0
BCX,D,20230502,000000,64.8,68.4,64.8,68.4,4954,0
BCX,D,20230504,000000,68.4,71,61.6,71,18682,0
BCX,D,20230505,000000,71,72,67.4,68.4,6550,0
BCX,D,20230508,000000,68.4,72,68.4,72,5994,0
BCX,D,20230509,000000,72,80,72,78.8,8746,0
BCX,D,20230510,000000,77.4,78.6,75.4,75.6,2827,0
BCX,D,20230511,000000,75.6,78.8,75.6,78,1886,0
BCX,D,20230512,000000,78,78,74.4,75.8,1864,0
BCX,D,20230515,000000,75,75.6,69.8,70.8,7713,0
BCX,D,20230516,000000,71,71,65.6,65.6,9557,0
BCX,D,20230517,000000,68,70.8,67.4,68.8,7523,0
BCX,D,20230518,000000,69.2,70.8,66.8,69.2,2273,0
BCX,D,20230519,000000,69.8,71,68,68.2,3287,0
BCX,D,20230522,000000,69.6,69.6,66.6,69.4,1908,0
BCX,D,20230523,000000,69.4,69.4,67,68,2541,0
BCX,D,20230524,000000,71.6,72,68.4,70,6647,0
BCX,D,20230525,000000,70,70.4,64.6,69.8,25017,0
BCX,D,20230526,000000,69.8,70.8,68.6,70,9562,0
BCX,D,20230529,000000,70.6,73,70.2,71.8,8332,0
BCX,D,20230530,000000,71.8,71.8,70,70.2,3116,0
BCX,D,20230531,000000,70,70.2,65.8,68,3964,0
BCX,D,20230601,000000,67.6,68,64.8,66.2,9904,0
BCX,D,20230602,000000,66.2,67,65.4,65.8,15726,0
BCX,D,20230605,000000,65.6,65.8,64.6,64.8,6131,0
BCX,D,20230606,000000,65,65.2,63.8,64.4,5339,0
BCX,D,20230607,000000,64.2,65.6,62.4,64.8,4856,0
BCX,D,20230609,000000,64.8,65.8,64.2,65.8,2493,0
BCX,D,20230612,000000,66,66,63.6,64.4,7760,0
BCX,D,20230613,000000,64,65,63.2,63.8,2903,0
BCX,D,20230614,000000,63.8,63.8,62.6,63.6,3442,0
BCX,D,20230615,000000,63.6,66.6,63.6,66,1293,0
BCX,D,20230616,000000,66,66.2,65,66,2830,0
BCX,D,20230619,000000,65.6,66.4,64,65.4,2787,0
BCX,D,20230620,000000,64.8,64.8,62,63,11414,0
BCX,D,20230621,000000,63.2,63.2,60,62,10402,0
BCX,D,20230622,000000,61.8,63.8,60.6,60.8,8593,0
BCX,D,20230623,000000,61,65,60,61.6,15691,0
BCX,D,20230626,000000,61.4,64.8,59.4,64.8,4239,0
BCX,D,20230627,000000,64.8,65.4,63,65,1666,0
BCX,D,20230628,000000,65,66,65,66,3043,0
BCX,D,20230629,000000,66,70.6,66,70.4,2659,0
BCX,D,20230630,000000,70.4,70.4,68.2,68.2,3137,0
BCX,D,20230703,000000,69.6,74,69.4,72.8,5168,0
BCX,D,20230704,000000,73.8,73.8,70.4,71,1124,0
BCX,D,20230705,000000,71.8,71.8,67,68,3286,0
BCX,D,20230706,000000,68.2,69,64,65,6859,0
BCX,D,20230707,000000,65,66,62,65,3526,0
BCX,D,20230710,000000,65.6,69.8,65.6,69,2357,0
BCX,D,20230711,000000,69.2,69.2,66,69,1989,0
BCX,D,20230712,000000,69.4,71.4,68.4,71.2,2330,0
BCX,D,20230713,000000,74.8,75,71,74.8,6739,0
BCX,D,20230714,000000,74.8,77,74.8,75.4,3653,0
BCX,D,20230717,000000,75.4,75.8,74.6,75.8,485,0
BCX,D,20230718,000000,75.4,75.4,72.4,75,1609,0
BCX,D,20230719,000000,74.8,75,73.8,74.8,572,0
BCX,D,20230720,000000,74.8,74.8,72,74.2,1238,0
BCX,D,20230721,000000,74,74,71.2,74,734,0
BCX,D,20230724,000000,74,74,71,72.4,1041,0
BCX,D,20230725,000000,71,71,69.8,70.2,5708,0
BCX,D,20230726,000000,71,72.2,69.8,71,1080,0
BCX,D,20230727,000000,71.4,72,71.2,71.6,373,0
BCX,D,20230728,000000,71.8,72,71.2,72,324,0
BCX,D,20230731,000000,72.8,75,72.4,72.8,1012,0
BCX,D,20230801,000000,72,72,65.2,70,6118,0
BCX,D,20230802,000000,69.8,70,67.4,68.4,1172,0
BCX,D,20230803,000000,69.8,70.2,68,68,456,0
BCX,D,20230804,000000,68.4,69,68,68,1325,0
BCX,D,20230807,000000,68,68,66.8,67.2,1008,0
BCX,D,20230808,000000,66.8,69,66.8,66.8,2219,0
BCX,D,20230809,000000,67,67.4,66.8,67.4,1649,0
BCX,D,20230810,000000,67.6,69,67,68,2418,0
BCX,D,20230811,000000,68,72,68,71.2,1210,0
BCX,D,20230814,000000,70,73.6,70,73.4,1345,0
BCX,D,20230816,000000,72,72,68,71,1890,0
BCX,D,20230817,000000,71,71,69.6,69.6,1077,0
BCX,D,20230818,000000,69.2,70,67.4,67.8,1811,0
BCX,D,20230821,000000,68.4,71.8,67.8,69.2,2145,0
BCX,D,20230822,000000,68.4,72,67.6,68,3256,0
BCX,D,20230823,000000,68.4,70,68,68.2,2766,0
BCX,D,20230824,000000,71,71,68,68.4,1775,0
BCX,D,20230825,000000,69.8,70.8,68,69,4250,0
BCX,D,20230828,000000,69.2,69.6,68,68.8,1650,0
BCX,D,20230829,000000,68.8,69,68,68.6,755,0
BCX,D,20230830,000000,68.8,69.4,67.6,69.2,544,0
BCX,D,20230831,000000,69.2,69.2,67.4,67.8,1632,0
BCX,D,20230901,000000,67.4,69.6,67.2,69.2,3844,0
BCX,D,20230904,000000,69.2,70.4,67.8,68.8,8448,0
BCX,D,20230905,000000,68.8,72.8,67.4,72.4,3722,0
BCX,D,20230906,000000,71.2,73.6,68.6,70.4,6931,0
BCX,D,20230907,000000,70.4,77.4,70.4,77,12067,0
BCX,D,20230908,000000,77,83,77,82,9251,0
BCX,D,20230911,000000,88.2,88.2,80,83.8,7901,0
BCX,D,20230912,000000,83.8,83.8,80.2,80.8,1835,0
BCX,D,20230913,000000,80,83.8,79.4,80.8,4559,0
BCX,D,20230914,000000,82,83,80.4,83,1318,0
BCX,D,20230915,000000,82.8,82.8,81.4,81.6,862,0
BCX,D,20230918,000000,82.8,83,78.2,80,3487,0
BCX,D,20230919,000000,82.6,82.8,79,80,4593,0
BCX,D,20230920,000000,75,75,64,69.8,55820,0
BCX,D,20230921,000000,68.4,69.8,63.2,66,18996,0
BCX,D,20230922,000000,66,66.8,64.2,65.2,8019,0
BCX,D,20230925,000000,63.8,66,63,64.2,5533,0
BCX,D,20230926,000000,68,70.6,65.2,65.2,16146,0
BCX,D,20230927,000000,64.6,64.6,58.4,58.4,40318,0
BCX,D,20230928,000000,59,65,58.8,62.8,24182,0
BCX,D,20230929,000000,62,63.2,61.4,61.4,4249,0
BCX,D,20231002,000000,61.4,63,60.4,63,3707,0
BCX,D,20231003,000000,63,66.6,62.2,66,6143,0
BCX,D,20231004,000000,65,66,65,66,756,0
BCX,D,20231005,000000,66.4,68.4,66.4,67.4,3292,0
BCX,D,20231006,000000,67.4,67.4,66.2,66.6,550,0
BCX,D,20231009,000000,64.4,65.4,63,63,2211,0
BCX,D,20231010,000000,62.4,64,59.4,60.6,7643,0
BCX,D,20231011,000000,59.8,63.4,59.4,62.8,6606,0
BCX,D,20231012,000000,62.8,63,61.4,62.8,1333,0
BCX,D,20231013,000000,62,64,62,63.2,1149,0
BCX,D,20231016,000000,63.4,66.2,63,65.8,1656,0
BCX,D,20231017,000000,65.8,68,65.4,67.2,1466,0
BCX,D,20231018,000000,65.6,66.4,64.8,66.4,481,0
BCX,D,20231019,000000,65,67,65,66.8,1599,0
BCX,D,20231020,000000,67.6,68,64,66,1787,0
BCX,D,20231023,000000,66,66.8,65.2,66,2846,0
BCX,D,20231024,000000,66,67,65.2,66.2,3233,0
BCX,D,20231025,000000,66.8,66.8,62.8,63.4,3310,0
BCX,D,20231026,000000,62.6,62.6,60,61.6,6954,0
BCX,D,20231027,000000,60.6,63,60.6,63,2131,0
BCX,D,20231030,000000,63,65.8,63,65.4,2209,0
BCX,D,20231031,000000,65.8,65.8,64.2,65.4,909,0
BCX,D,20231102,000000,65.4,65.4,63.6,64.8,628,0
BCX,D,20231103,000000,64.6,64.8,60.6,61.4,6548,0
BCX,D,20231106,000000,62,62.8,61.6,61.6,719,0
BCX,D,20231107,000000,61.6,62.6,61.2,61.4,2634,0
BCX,D,20231108,000000,62,62,60.4,60.8,2746,0
BCX,D,20231109,000000,60.8,62,60.6,62,1020,0
BCX,D,20231110,000000,62,62,61,61.2,907,0
BCX,D,20231113,000000,61,64,61,63,946,0
BCX,D,20231114,000000,63,64,62,63.8,1247,0
BCX,D,20231115,000000,63.8,64.6,62.8,64.4,954,0
BCX,D,20231116,000000,64.8,66.6,64.6,64.8,2019,0
BCX,D,20231117,000000,64.6,64.8,63.8,64.8,390,0
BCX,D,20231120,000000,64.8,64.8,62.6,62.6,885,0
BCX,D,20231121,000000,63.4,63.4,62.8,63.2,142,0
BCX,D,20231122,000000,63,66.4,63,65.6,2155,0
BCX,D,20231123,000000,66,66.6,65.4,66,408,0
BCX,D,20231124,000000,67,67,66,66,659,0
BCX,D,20231127,000000,66.6,67,62.6,63.6,3603,0
BCX,D,20231128,000000,63.6,66.4,62.2,66.4,2861,0
BCX,D,20231129,000000,66,67.6,65,67,3558,0
BCX,D,20231130,000000,67,67,65.6,65.6,1481,0
BCX,D,20231201,000000,66.4,76.2,66.4,74.6,16295,0
BCX,D,20231204,000000,75,75.2,72,74.4,9285,0
BCX,D,20231205,000000,74.4,75,74.4,75,2090,0
BCX,D,20231206,000000,75,79.6,75,77.2,4836,0
BCX,D,20231207,000000,77,77.4,75.6,77.2,2093,0
BCX,D,20231208,000000,77.2,80,77.2,79.8,4068,0
BCX,D,20231211,000000,89,91.8,84.2,86,18520,0
BCX,D,20231212,000000,86.8,88,85,87.4,3228,0
BCX,D,20231213,000000,87.4,90.8,86,89.6,3402,0
BCX,D,20231214,000000,90,94.4,90,94,7038,0
BCX,D,20231215,000000,94.4,97.2,93.2,95.2,8874,0
BCX,D,20231218,000000,94,94,90,92.2,4463,0
BCX,D,20231219,000000,91,91,88.2,90,5010,0
BCX,D,20231220,000000,90.8,91.8,89.8,90.8,3100,0
BCX,D,20231221,000000,90.8,91,85.6,89,7824,0
BCX,D,20231222,000000,88.8,90.6,87,87.8,7663,0
BCX,D,20231227,000000,87.6,91.6,87.4,91.6,9269,0
BCX,D,20231228,000000,91.6,93.4,89,90.8,10022,0
BCX,D,20231229,000000,89.4,91.4,89.4,90,3670,0
BCX,D,20240102,000000,90,92.8,90,91,2886,0
BCX,D,20240103,000000,91.6,92.6,90.6,92.6,3502,0
BCX,D,20240104,000000,92.6,94.6,92.2,94.2,2793,0
BCX,D,20240105,000000,94.4,94.4,91.6,93.6,2906,0
BCX,D,20240108,000000,94.2,94.8,93,94.6,5045,0
BCX,D,20240109,000000,95,98,95,95.6,6855,0
BCX,D,20240110,000000,95.6,96,94,94.4,4224,0
BCX,D,20240111,000000,94.6,95.8,91.8,95,3184,0
BCX,D,20240112,000000,95,95,91.2,92.6,1815,0
BCX,D,20240115,000000,92.6,92.6,88,89.2,5369,0
BCX,D,20240116,000000,89,89.2,88,88.4,3118,0
BCX,D,20240117,000000,87.2,88.4,85.6,86.2,1604,0
BCX,D,20240118,000000,85,85.8,83.6,83.6,3244,0
BCX,D,20240119,000000,83.6,88,83.6,88,3771,0
BCX,D,20240122,000000,90,90,86,86.6,1859,0
BCX,D,20240123,000000,86.8,88.8,86.2,86.6,820,0
BCX,D,20240124,000000,86.6,88.6,85.6,88.6,1348,0
BCX,D,20240125,000000,88.4,88.6,86.8,87.6,988,0
BCX,D,20240126,000000,87.2,90.4,87,90.4,1352,0
BCX,D,20240129,000000,90.4,92.2,90,91,1544,0
BCX,D,20240130,000000,91.4,92.8,91.4,92.6,612,0
BCX,D,20240131,000000,92.6,92.6,89.2,90.4,3580,0
BCX,D,20240201,000000,89.6,90.2,88.4,89.2,1155,0
BCX,D,20240202,000000,89,91,89,89.8,1035,0
BCX,D,20240205,000000,89,92,88,91.8,2529,0
BCX,D,20240206,000000,91,91,89.8,91,1317,0
BCX,D,20240207,000000,91,91,87,89.2,2648,0
BCX,D,20240208,000000,89,90.4,88.4,89.6,1028,0
BCX,D,20240209,000000,90,91,88.6,89.2,712,0
BCX,D,20240212,000000,90,90,89,89.8,823,0
BCX,D,20240213,000000,89.8,89.8,86.6,87,5014,0
BCX,D,20240214,000000,86.8,87.8,86,87.8,1350,0
BCX,D,20240215,000000,86.2,87.6,86,87,1025,0
BCX,D,20240216,000000,86.8,86.8,84.6,84.8,2016,0
BCX,D,20240219,000000,84.8,85.6,84,85,1697,0
BCX,D,20240220,000000,84.8,86,84.4,86,1452,0
BCX,D,20240221,000000,86,87,82.4,85.4,1790,0
BCX,D,20240222,000000,85.4,91.2,85.2,88,1490,0
BCX,D,20240223,000000,89,90,85,89,4862,0
BCX,D,20240226,000000,89.4,91,88.2,90,999,0
BCX,D,20240227,000000,90,90.2,88.2,89.6,873,0
BCX,D,20240228,000000,89.4,89.6,88.4,89,395,0
BCX,D,20240229,000000,89,90,88.2,90,696,0
BCX,D,20240301,000000,90,90,88,89.4,1370,0
BCX,D,20240304,000000,90,90,86,88,3155,0
BCX,D,20240305,000000,88,88.4,87.2,88,793,0
BCX,D,20240306,000000,88,90.6,87.2,90.4,2781,0
BCX,D,20240307,000000,89.8,91,89,91,3571,0
BCX,D,20240308,000000,91,91,89.4,90.6,1994,0
BCX,D,20240311,000000,90.8,91,88.6,89.8,2209,0
BCX,D,20240312,000000,89.6,90.8,88.2,90.8,2229,0
BCX,D,20240313,000000,90.8,90.8,88.4,90.6,2698,0
BCX,D,20240314,000000,88.6,90,88.4,90,1871,0
BCX,D,20240315,000000,90,90.2,88.4,89,3342,0
BCX,D,20240318,000000,88,89,86.6,88.4,1916,0
BCX,D,20240319,000000,88.2,88.2,83,83.8,11658,0
BCX,D,20240320,000000,83.8,85,81.8,83.2,6851,0
BCX,D,20240321,000000,82.8,85,81.6,85,5754,0
BCX,D,20240322,000000,85,87,83,86,2792,0
BCX,D,20240325,000000,86,86.4,82.2,84,2521,0
BCX,D,20240326,000000,84,84,80,81,5214,0
BCX,D,20240327,000000,81,83,79.6,82.6,3694,0
BCX,D,20240328,000000,82.8,84,81,82,1678,0
BCX,D,20240402,000000,81.8,81.8,77.1,78.7,8108,0
BCX,D,20240403,000000,78.9,78.9,77.2,77.6,2524,0
BCX,D,20240404,000000,77.8,78,74.5,75.9,9991,0
BCX,D,20240405,000000,75,75.8,69.5,71.5,18144,0
BCX,D,20240408,000000,71,71.5,68.4,69.6,10123,0
BCX,D,20240409,000000,69.5,74.3,69.5,73,4327,0
BCX,D,20240410,000000,73,74.1,71,74,1983,0
BCX,D,20240411,000000,74.1,74.5,71,71.7,3981,0
BCX,D,20240412,000000,71.7,72.3,70,71.7,2129,0
BCX,D,20240415,000000,72,73.7,70.7,71.6,2229,0
BCX,D,20240416,000000,71,71.8,69,69.6,2926,0
BCX,D,20240417,000000,69.7,69.7,67.3,67.7,3480,0
BCX,D,20240418,000000,67.4,71.1,67.4,71,3465,0
BCX,D,20240419,000000,71,71,70.5,70.9,1870,0
BCX,D,20240422,000000,70,70,68.4,69.3,3240,0
BCX,D,20240423,000000,69.7,69.9,66.2,67.8,3607,0
BCX,D,20240424,000000,67,68.4,66,67,4551,0
BCX,D,20240425,000000,67,67.1,65,66.1,2310,0
BCX,D,20240426,000000,65,67.9,65,67.5,1217,0
BCX,D,20240429,000000,67,68.3,67,67.1,1518,0
BCX,D,20240430,000000,68,68.2,66.5,67.2,264,0
BCX,D,20240502,000000,66.8,67.8,66.7,67,1454,0
BCX,D,20240506,000000,67.6,69.5,66.6,67,1731,0
BCX,D,20240507,000000,67,67,66.1,66.4,2748,0
BCX,D,20240508,000000,61,65,60.2,64,16328,0
BCX,D,20240509,000000,64,64,61.8,62.6,6065,0
BCX,D,20240510,000000,62.6,65.7,62,65.5,4673,0
BCX,D,20240513,000000,65.6,67.5,63.5,67.5,4074,0
BCX,D,20240514,000000,67.5,67.5,65.3,66.8,2257,0
BCX,D,20240515,000000,66.8,67.3,65.1,67,1466,0
BCX,D,20240516,000000,66.5,67,66.5,67,781,0
BCX,D,20240517,000000,67,68.4,66.3,68.4,2825,0
BCX,D,20240520,000000,68.5,68.9,66.3,68.9,1450,0
BCX,D,20240521,000000,68.8,68.9,68,68.8,897,0
BCX,D,20240522,000000,68.5,72.2,68.5,72,3118,0
BCX,D,20240523,000000,72.4,74,70,70,3129,0
BCX,D,20240524,000000,70.1,70.1,67.7,68.8,1394,0
BCX,D,20240527,000000,68.2,68.2,67,67.8,662,0
BCX,D,20240528,000000,67.8,67.8,64,66.7,1993,0
BCX,D,20240529,000000,65.1,66,63.5,64.9,1672,0
BCX,D,20240531,000000,63.1,67,63.1,66,946,0
BCX,D,20240603,000000,66.6,66.7,64.2,65.4,2104,0
BCX,D,20240604,000000,65,66,63.4,64.3,3823,0
BCX,D,20240605,000000,64.3,64.3,63,63.8,2777,0
BCX,D,20240606,000000,63.3,63.8,62.6,63,2187,0
BCX,D,20240607,000000,63,63,60.8,60.9,7554,0
BCX,D,20240610,000000,62.7,62.7,60,60.4,62296,0
BCX,D,20240611,000000,60.4,60.5,58.9,60.5,18630,0
BCX,D,20240612,000000,60.5,60.5,60,60.5,31908,0
BCX,D,20240613,000000,64,68,62.6,66.5,17690,0
BCX,D,20240614,000000,67.5,70,66.6,67.1,3336,0
BCX,D,20240617,000000,67.8,67.9,62,62,11955,0
BCX,D,20240618,000000,62.9,62.9,60,61.6,12678,0
BCX,D,20240619,000000,62,65,62,65,1896,0
BCX,D,20240620,000000,65.3,66.3,64,66.1,9709,0
BCX,D,20240621,000000,66,66,62,65.8,24793,0
BCX,D,20240624,000000,65,65.4,63.2,64.9,2365,0
BCX,D,20240625,000000,64.3,65.6,64.3,65.5,7551,0
BCX,D,20240626,000000,65,65.6,63,64,7753,0
BCX,D,20240627,000000,63.7,63.8,61.6,62.8,9189,0
BCX,D,20240628,000000,62.7,63.9,62,63.8,1932,0
BCX,D,20240701,000000,63.8,63.8,62.1,62.5,1674,0
BCX,D,20240702,000000,62.6,64,62.6,63.6,4982,0
BCX,D,20240703,000000,63.3,63.5,62.4,62.5,2339,0
BCX,D,20240704,000000,62.8,63.9,62.8,63.8,892,0
BCX,D,20240705,000000,63.8,63.8,62.9,63.5,1029,0
BCX,D,20240708,000000,63.5,63.6,62.7,63,1545,0
BCX,D,20240709,000000,63.1,66.1,63,63.9,5129,0
BCX,D,20240710,000000,63.9,64.8,63.6,64.7,4548,0
BCX,D,20240711,000000,66.1,67.3,65,65,10117,0
BCX,D,20240712,000000,65.5,68.1,65.5,66.7,8302,0
BCX,D,20240715,000000,66.8,67.1,62.2,62.8,23924,0
BCX,D,20240716,000000,63.2,64.7,62,63.8,9557,0
BCX,D,20240717,000000,62.5,63.5,61.8,62.4,12453,0
BCX,D,20240718,000000,62.5,63.7,62.4,63.7,1646,0
BCX,D,20240719,000000,63.3,63.8,62.7,63.2,2273,0
BCX,D,20240722,000000,63,64.3,62.6,64,5754,0
BCX,D,20240723,000000,64,65.7,64,64.8,4354,0
BCX,D,20240724,000000,64.3,64.8,62.5,63.7,9637,0
BCX,D,20240725,000000,62.8,64.2,62.8,64.2,2054,0
BCX,D,20240726,000000,64.6,64.6,62.2,63,6797,0
BCX,D,20240729,000000,63.1,64.9,63,64.9,2697,0
BCX,D,20240730,000000,64.9,67,64.9,67,3127,0
BCX,D,20240731,000000,66.9,68.5,63,67.5,6300,0
BCX,D,20240801,000000,68,70.9,68,70,3181,0
BCX,D,20240802,000000,69.2,70,67.6,68,2353,0
BCX,D,20240805,000000,65.9,66,63,64.2,6430,0
BCX,D,20240806,000000,63.4,73.8,63.4,72.4,24256,0
BCX,D,20240807,000000,72,77,72,74.6,27830,0
BCX,D,20240808,000000,74.8,75,70.4,73.7,16289,0
BCX,D,20240809,000000,74,75.7,72,72.7,15750,0
BCX,D,20240812,000000,73.5,74,71,71.9,6904,0
BCX,D,20240813,000000,72,73.1,71,73.1,5262,0
BCX,D,20240814,000000,74,74,72.5,73,6817,0
BCX,D,20240816,000000,73,73.2,72,72.8,4955,0
BCX,D,20240819,000000,73.8,79.1,73,78.4,19295,0
BCX,D,20240820,000000,79.5,82.5,79.3,82,20066,0
BCX,D,20240821,000000,82,84.2,78.5,79.7,14728,0
BCX,D,20240822,000000,79.7,80.5,78.5,79,9070,0
BCX,D,20240823,000000,80,80,76.2,77.4,3915,0
BCX,D,20240826,000000,77.4,77.8,73.9,74.9,9361,0
BCX,D,20240827,000000,74.9,76.4,74.3,75.8,4769,0
BCX,D,20240828,000000,75.8,79.2,75.8,77.5,5875,0
BCX,D,20240829,000000,77.2,77.5,76.6,77.5,1129,0
BCX,D,20240830,000000,77.5,77.5,76,76.8,3172,0
BCX,D,20240902,000000,76,76.7,74.8,75.4,2864,0
BCX,D,20240903,000000,75.2,75.5,71.3,72.9,5652,0
BCX,D,20240904,000000,72,72.5,70,71.4,7013,0
BCX,D,20240905,000000,71,77.1,70.6,75.7,12414,0
BCX,D,20240906,000000,76.6,77.3,74.5,75.4,4747,0
BCX,D,20240909,000000,76.3,76.3,74.5,75.9,2015,0
BCX,D,20240910,000000,74.5,75.7,74.5,75.2,2498,0
BCX,D,20240911,000000,75.1,75.1,73.1,74.7,2386,0
BCX,D,20240912,000000,74.7,74.7,73.3,73.8,1426,0
BCX,D,20240913,000000,74,74,72.2,73.3,2340,0
BCX,D,20240916,000000,73.3,74.4,72.7,73.6,2693,0
BCX,D,20240917,000000,73.6,73.7,72.8,73.3,1059,0
BCX,D,20240918,000000,73.1,73.5,72.5,73,1698,0
BCX,D,20240919,000000,72.6,73,67.2,72.1,11491,0
BCX,D,20240920,000000,71.4,73.4,69.6,71.6,8442,0
BCX,D,20240923,000000,72.4,72.4,68.8,69.6,4910,0
BCX,D,20240924,000000,69.4,71,69,69.9,4774,0
BCX,D,20240925,000000,70.6,70.7,69,70,2442,0
BCX,D,20240926,000000,70.3,70.3,69.3,69.9,3532,0
BCX,D,20240927,000000,69.4,70.4,68.8,69.5,2209,0
BCX,D,20240930,000000,68.9,69.4,66.1,67.6,7560,0
BCX,D,20241001,000000,67.9,68.2,66,68,2631,0
BCX,D,20241002,000000,68,68,66.5,67.7,1773,0
BCX,D,20241003,000000,67,71.7,66.1,71,5787,0
BCX,D,20241004,000000,70.9,72.3,70,72.2,4833,0
BCX,D,20241007,000000,72.5,74.8,72,72,4998,0
BCX,D,20241008,000000,72.1,74,70.2,72.3,3842,0
BCX,D,20241009,000000,73.1,75,73.1,74,3380,0
BCX,D,20241010,000000,74.8,75,72.4,74,4448,0
BCX,D,20241011,000000,73.3,73.9,72,72.9,3485,0
BCX,D,20241014,000000,72.9,73.3,71,72.2,4492,0
BCX,D,20241015,000000,72.5,72.7,72,72.5,2680,0
BCX,D,20241016,000000,72.5,72.5,71,72.1,4951,0
BCX,D,20241017,000000,72,72.5,71,72.5,2098,0
BCX,D,20241018,000000,72.5,72.5,71,72,2496,0
BCX,D,20241021,000000,72,73.5,72,73.4,6158,0
BCX,D,20241022,000000,73.2,75,72.5,74.4,4355,0
BCX,D,20241023,000000,74.4,77,74,77,7157,0
BCX,D,20241024,000000,77,77,75,75.8,2431,0
BCX,D,20241025,000000,75.8,76.6,74.4,75.2,2685,0
BCX,D,20241028,000000,75.2,76,74.7,75.7,1341,0
BCX,D,20241029,000000,75,76,75,75.9,1106,0
BCX,D,20241030,000000,75.8,77,75,75.7,1320,0
BCX,D,20241031,000000,75.9,76.1,75.2,75.8,1339,0
BCX,D,20241104,000000,75.9,76.9,75,75.9,2323,0
BCX,D,20241105,000000,76.2,76.5,75.7,76.4,1503,0
BCX,D,20241106,000000,76.3,76.9,75.3,76.4,2134,0
BCX,D,20241107,000000,76.5,76.6,75.7,76.5,1698,0
BCX,D,20241108,000000,76.5,80.4,76,79.7,15318,0
BCX,D,20241112,000000,81.1,81.5,79.7,80,4486,0
BCX,D,20241113,000000,80.6,80.7,77.3,78,4767,0
BCX,D,20241114,000000,78,78,75.1,76.6,2761,0
BCX,D,20241115,000000,76.6,76.8,72.5,73.4,7843,0
BCX,D,20241118,000000,73,73.5,71.5,72.1,4620,0
BCX,D,20241119,000000,73,74,71.5,74,5123,0
BCX,D,20241120,000000,74,74.8,73.5,74.2,567,0
BCX,D,20241121,000000,74,74.2,73,73.8,1563,0
BCX,D,20241122,000000,73.8,74.3,72.4,74,1456,0
BCX,D,20241125,000000,74.8,78,74.1,76.5,3223,0
BCX,D,20241126,000000,78.8,79.3,77.8,78.6,2763,0
BCX,D,20241127,000000,77.8,78.5,74.7,77.6,1800,0
BCX,D,20241128,000000,77.6,77.6,75.5,77,807,0
BCX,D,20241129,000000,77,78.5,76.2,77.8,1342,0
BCX,D,20241202,000000,79.4,79.4,76.5,78.9,2991,0
BCX,D,20241203,000000,79,79.7,76.1,77.2,2369,0
BCX,D,20241204,000000,78.2,79,77.3,78,2866,0
BCX,D,20241205,000000,78,78,76.7,77,2251,0
BCX,D,20241206,000000,76.9,79,76,78.5,5468,0
BCX,D,20241209,000000,79,79.3,75.4,77.7,2533,0
BCX,D,20241210,000000,77.7,78,76.7,77.5,3453,0
BCX,D,20241211,000000,77.3,77.5,75.4,76.4,2126,0
BCX,D,20241212,000000,76.4,77.2,75.1,77,27079,0
BCX,D,20241213,000000,75.6,80,75.4,77.9,12267,0
BCX,D,20241216,000000,77.9,78,76.7,77.3,2893,0
BCX,D,20241217,000000,77.3,77.4,76.4,76.7,2635,0
BCX,D,20241218,000000,77,79.8,77,79.8,8459,0
BCX,D,20241219,000000,80,82.9,79.1,82.2,11605,0
BCX,D,20241220,000000,82.2,83.8,82.2,83.5,9394,0
BCX,D,20241223,000000,84.7,88.4,84,85.8,12753,0
BCX,D,20241227,000000,87.1,91.4,86.5,88,17440,0
BCX,D,20241230,000000,88.2,90.6,86,87.6,19719,0
BCX,D,20250102,000000,89,91.5,88.8,90.5,10888,0
BCX,D,20250103,000000,91.4,91.5,85.3,87.6,18985,0
BCX,D,20250107,000000,87.6,88.9,85.6,86.1,6238,0
BCX,D,20250108,000000,86.5,88.4,86.5,87,4578,0
BCX,D,20250109,000000,87.5,88.5,86.7,87.3,2691,0
BCX,D,20250110,000000,86.8,87.4,85,86,4124,0
BCX,D,20250113,000000,86.6,87,85.6,86,3506,0
BCX,D,20250114,000000,85.8,85.8,83.3,84.3,10961,0
BCX,D,20250115,000000,84.9,85.5,83.9,85.5,3075,0
BCX,D,20250116,000000,84.8,86,83.9,84.2,5568,0
BCX,D,20250117,000000,84.2,84.2,82.5,82.9,4208,0
BCX,D,20250120,000000,82.9,83,80.6,81.2,18452,0
BCX,D,20250121,000000,81.2,84,78.2,83.7,17059,0
BCX,D,20250122,000000,82.6,84.2,82.1,84,10819,0
BCX,D,20250123,000000,84.1,85,83.5,84,3515,0
BCX,D,20250124,000000,83.5,83.5,80.5,82.7,8852,0
BCX,D,20250127,000000,82.4,82.6,80,80.9,5072,0
BCX,D,20250128,000000,80.7,81.4,80,81.4,3240,0
BCX,D,20250129,000000,81.5,82.3,80.2,80.6,3676,0
BCX,D,20250130,000000,81,81.3,80.4,80.8,1738,0
BCX,D,20250131,000000,80.6,84.3,79,83,13835,0
BCX,D,20250203,000000,82.5,89,82,86.6,9774,0
BCX,D,20250204,000000,86.6,89.1,86.3,86.7,8742,0
BCX,D,20250205,000000,86.5,87.2,85.1,86.3,3527,0
BCX,D,20250206,000000,86.4,88.3,86.3,88.2,4431,0
BCX,D,20250207,000000,88.2,89.4,86.6,89.4,4489,0
BCX,D,20250210,000000,89.4,93,88.5,91.2,15764,0
BCX,D,20250211,000000,91.2,92.9,91.2,92.3,5366,0
BCX,D,20250212,000000,92.3,95,91.7,92.3,6195,0
BCX,D,20250213,000000,92,92.1,91.1,91.8,4844,0
BCX,D,20250214,000000,91.7,91.7,89,90.7,6571,0
BCX,D,20250217,000000,91.3,91.6,88,91.6,7829,0
BCX,D,20250218,000000,90.7,93,90.3,90.8,5193,0
BCX,D,20250219,000000,90.8,93.6,90.8,92,10351,0
BCX,D,20250220,000000,91.4,97.6,91.3,92.4,12596,0
BCX,D,20250221,000000,92.4,95.3,92.4,95,5938,0
BCX,D,20250224,000000,94,94.9,92.6,93.7,4877,0
BCX,D,20250225,000000,93,94,92.5,92.8,4748,0
BCX,D,20250226,000000,92.8,94.5,92.8,94.5,2504,0
BCX,D,20250227,000000,94.5,98.9,94.4,98.6,15175,0
BCX,D,20250228,000000,98.6,102.8,96.2,101.6,21200,0
BCX,D,20250303,000000,100,102.4,99,99.9,13256,0
BCX,D,20250304,000000,99.7,105.6,99.2,102.8,17035,0
BCX,D,20250305,000000,104,106,102,105.6,7428,0
BCX,D,20250306,000000,105.8,105.8,103.6,105.2,8363,0
BCX,D,20250307,000000,105,105,99.3,103,11842,0
BCX,D,20250310,000000,102,102,98.1,98.7,6213,0
BCX,D,20250311,000000,98.7,100,98.5,99.2,3847,0
BCX,D,20250312,000000,99,99,96.7,98,7467,0
BCX,D,20250313,000000,98,99.4,92.6,99.2,9263,0
BCX,D,20250314,000000,99.6,102,99.4,101.8,8085,0
BCX,D,20250317,000000,101.8,103.6,99.7,99.9,8477,0
BCX,D,20250318,000000,101.2,101.4,99.3,99.6,2432,0
BCX,D,20250319,000000,99.2,102.8,99,102.4,5255,0
BCX,D,20250320,000000,101.4,101.8,99.5,100.4,3811,0
BCX,D,20250321,000000,99.6,100,98.9,99.8,4077,0
BCX,D,20250324,000000,99.9,101.8,99.8,101.4,6453,0
BCX,D,20250325,000000,101,101.4,99.6,99.9,3642,0
BCX,D,20250326,000000,99.6,99.8,97.8,99,3309,0
BCX,D,20250327,000000,98.6,102,98.5,100.2,2395,0
BCX,D,20250328,000000,100.2,100.8,98.8,99.4,4409,0
BCX,D,20250331,000000,99.4,99.5,97,98.4,7393,0
BCX,D,20250401,000000,97.4,102,97.4,99.6,7318,0
BCX,D,20250402,000000,99.8,101.4,99.7,101.4,3848,0
BCX,D,20250403,000000,100.4,103.4,99.6,100.4,6210,0
BCX,D,20250404,000000,100,100.8,94.8,98.9,10978,0
BCX,D,20250407,000000,95,97.6,90.8,95.8,21692,0
BCX,D,20250408,000000,97.3,100.4,97.3,99.9,9385,0
BCX,D,20250409,000000,98.5,100.8,96.4,100.4,12801,0
BCX,D,20250410,000000,103,113.2,101.4,110,30454,0
BCX,D,20250411,000000,108.6,115,108.6,114,15813,0
BCX,D,20250414,000000,115,115.8,112.6,113.4,5132,0
BCX,D,20250415,000000,112.8,115.8,112.2,115,4946,0
BCX,D,20250416,000000,114,116.6,113.2,116,4979,0
BCX,D,20250417,000000,116,123,115.8,119,22974,0
BCX,D,20250422,000000,106,109.8,98.2,107,42277,0
BCX,D,20250423,000000,110,116.8,109,116.4,31868,0
BCX,D,20250424,000000,116.8,116.8,111.2,115,13393,0
BCX,D,20250425,000000,114,118,114,115.2,9167,0
BCX,D,20250428,000000,116,117.8,114.6,116,9511,0
BCX,D,20250429,000000,116.4,121.4,115,120.8,10348,0
BCX,D,20250430,000000,122,129,121.8,124,22130,0
BCX,D,20250502,000000,124,128.2,122.4,126.8,9230,0
BCX,D,20250505,000000,125.6,126.4,122.2,124,12526,0
BCX,D,20250506,000000,123,123.8,118.2,119,14896,0
BCX,D,20250507,000000,119.8,120.6,118.4,120,20227,0
BCX,D,20250508,000000,120,123,118.6,120,11795,0
BCX,D,20250509,000000,120,121.4,118.8,121.4,5537,0
BCX,D,20250512,000000,122,122,116,118.8,16062,0
BCX,D,20250513,000000,119,119.4,116,118.6,9384,0
BCX,D,20250514,000000,119,120.4,118.6,119,8673,0
BCX,D,20250515,000000,119,119.6,117.4,117.8,4286,0
BCX,D,20250516,000000,118.4,118.4,115.8,116.2,4077,0
BCX,D,20250519,000000,115,117.4,112.8,115.8,7787,0
BCX,D,20250520,000000,115.8,115.8,112.8,113.8,9404,0
BCX,D,20250521,000000,113.8,115.2,113,115,4296,0
BCX,D,20250522,000000,114.8,115,110.2,111,8773,0
BCX,D,20250523,000000,111.2,111.8,106.2,107,9760,0
BCX,D,20250526,000000,107,114.8,107,112.8,5966,0
BCX,D,20250527,000000,112.8,115,110.6,115,4208,0
BCX,D,20250528,000000,115,115,111.4,111.8,4450,0
BCX,D,20250529,000000,111.2,112.6,106.6,108.2,8135,0
BCX,D,20250530,000000,109.2,109.2,102.8,103.8,12335,0
BCX,D,20250602,000000,102.2,104.6,100.4,104.4,13355,0
BCX,D,20250603,000000,105,105,101.4,101.6,4722,0
BCX,D,20250604,000000,101.6,107.8,99.7,107.8,13251,0
BCX,D,20250605,000000,107.6,108,101.8,103,8997,0
BCX,D,20250606,000000,103,106.8,101.4,106.6,5896,0
BCX,D,20250609,000000,106.4,115.6,105.6,115,15308,0
BCX,D,20250610,000000,114,115,113.6,114,6320,0
BCX,D,20250611,000000,114,114.6,112.8,114.4,8360,0
BCX,D,20250612,000000,114.8,116.8,114,114,5090,0
BCX,D,20250613,000000,112.8,114.4,110.2,111.2,4575,0
BCX,D,20250616,000000,111.2,113.6,109.2,113.6,7309,0
BCX,D,20250617,000000,112,112.2,107.8,111.2,13866,0
BCX,D,20250618,000000,111,111,106.4,107,7992,0
BCX,D,20250620,000000,107,107,103.2,106.4,6806,0
BCX,D,20250623,000000,105,110,102,106.6,5541,0
BCX,D,20250624,000000,106.2,107.4,102,103,5908,0
BCX,D,20250625,000000,103,106,101.4,104.8,4208,0
BCX,D,20250626,000000,105,105.8,103,104.4,5724,0
BCX,D,20250627,000000,104.6,105.4,102.4,103.4,7671,0
BCX,D,20250630,000000,103,104.2,101,104,7671,0
BCX,D,20250701,000000,102.2,106.2,101.2,105.6,9507,0
BCX,D,20250702,000000,106.2,106.8,102.2,102.2,7903,0
BCX,D,20250703,000000,102.8,103,100,101.4,7682,0
BCX,D,20250704,000000,101.4,102.6,100,102.4,4720,0
BCX,D,20250707,000000,102.6,102.6,100,100.4,5669,0
BCX,D,20250708,000000,100.4,101,99.6,100.4,5209,0
BCX,D,20250709,000000,100.4,102.6,99.7,102.4,7137,0
BCX,D,20250710,000000,102.6,104.4,101.2,102,1053,0
BCX,D,20250711,000000,101.4,104,100.2,103.6,4018,0
BCX,D,20250714,000000,103.6,103.6,100.6,100.6,1342,0
BCX,D,20250715,000000,100.6,102.8,100,101.2,5104,0
BCX,D,20250716,000000,101.2,101.2,100,101,1594,0
BCX,D,20250717,000000,101.2,102.6,99.8,102.6,8523,0
BCX,D,20250718,000000,102.6,105,100.6,105,6101,0
BCX,D,20250721,000000,105,109,102.8,109,8223,0
BCX,D,20250722,000000,109.4,109.8,106.6,106.8,2315,0
BCX,D,20250723,000000,107.2,108,105.2,106,2679,0
BCX,D,20250724,000000,106,108,103.8,108,4002,0
BCX,D,20250725,000000,106.4,110,106.4,110,4856,0
BCX,D,20250728,000000,111,111,107.2,108.8,2929,0
BCX,D,20250729,000000,108.4,108.8,105.6,106,2095,0
BCX,D,20250730,000000,106,107.2,104.4,107,2129,0
BCX,D,20250731,000000,107,109,104.6,105.8,3578,0
BCX,D,20250801,000000,105.8,105.8,100.4,102.8,4333,0
BCX,D,20250804,000000,101.6,104.6,99.8,101.8,4095,0
BCX,D,20250805,000000,101.8,102.8,100,101.8,3184,0
BCX,D,20250806,000000,100.6,106.8,100.4,105.2,3500,0
BCX,D,20250807,000000,104.8,105,102.2,102.2,1535,0
BCX,D,20250808,000000,102.6,103.4,101.2,101.6,2315,0
BCX,D,20250811,000000,101.8,102.8,101,102.4,2583,0
BCX,D,20250812,000000,102,102,100.6,100.8,2514,0
BCX,D,20250813,000000,105,107.4,103,105,5151,0
BCX,D,20250814,000000,104.6,105,103.2,105,2134,0
BCX,D,20250818,000000,105,105,103.2,104,1358,0
BCX,D,20250819,000000,104,105,103.6,104.8,1230,0
BCX,D,20250820,000000,105,105.2,104,104.8,1284,0
BCX,D,20250821,000000,104.8,105,103.4,103.8,1943,0
BCX,D,20250822,000000,103.2,106,103.2,105,2445,0
BCX,D,20250825,000000,105,106,103,106,1414,0
BCX,D,20250826,000000,103.6,106,103.6,104,1895,0
BCX,D,20250827,000000,104,104,101.2,101.2,4112,0
BCX,D,20250828,000000,101.6,103.8,101,101.6,5906,0
BCX,D,20250829,000000,102.8,106.8,101.2,105,3403,0
BCX,D,20250901,000000,104.6,105.6,101.4,102,2435,0
BCX,D,20250902,000000,102,103.8,101.2,103.8,663,0
BCX,D,20250903,000000,102.6,103,98.6,99.2,9434,0
BCX,D,20250904,000000,100,100,94,96,30468,0
BCX,D,20250905,000000,95,95,93.8,94,7867,0
BCX,D,20250908,000000,94,94,89.5,91.7,31014,0
BCX,D,20250909,000000,92.5,93.4,91.7,92,5706,0
BCX,D,20250910,000000,92,92,85.9,88.8,19341,0
BCX,D,20250911,000000,89,95,89,93.4,10018,0
BCX,D,20250912,000000,94.7,96.4,93.8,96,14071,0
BCX,D,20250915,000000,95.2,99.6,95.1,99.6,10597,0
BCX,D,20250916,000000,99.6,101.4,96,98.4,11435,0
BCX,D,20250917,000000,98.4,98.4,94.3,96.5,11012,0
BCX,D,20250918,000000,97,97.3,95.8,97.3,1137,0
BCX,D,20250919,000000,97.3,104,97.1,104,5932,0
BCX,D,20250922,000000,103.4,105,98.1,103.8,7225,0
BCX,D,20250923,000000,104,107.2,102.6,104.8,18759,0
BCX,D,20250924,000000,107,108,104,107.2,7481,0
BCX,D,20250925,000000,107.2,107.2,103.2,103.4,12606,0
BCX,D,20250926,000000,103,103.6,101.4,102.8,3913,0
BCX,D,20250929,000000,102.8,102.8,99.8,101.2,6612,0
BCX,D,20250930,000000,101.6,101.6,100,101.4,5078,0
BCX,D,20251001,000000,100.8,104.6,100.8,104,2204,0
BCX,D,20251002,000000,103.8,103.8,100.8,102.2,4411,0
BCX,D,20251003,000000,102.2,102.2,99.4,100.8,8008,0
BCX,D,20251006,000000,100.6,101.2,99.2,101.2,8922,0
BCX,D,20251007,000000,101.2,102.2,100.4,101.6,4076,0
BCX,D,20251008,000000,101.6,101.6,98.2,99.2,10866,0
BCX,D,20251009,000000,100,100,98.1,99.3,2943,0
BCX,D,20251010,000000,99.3,99.3,97.2,97.8,1536,0
BCX,D,20251013,000000,97.8,98.4,94.6,95.4,9346,0
BCX,D,20251014,000000,94.8,95,91.9,93.5,12938,0
BCX,D,20251015,000000,92,94.8,90.8,92.4,25937,0
BCX,D,20251016,000000,93,99.2,92.4,96.4,13581,0
BCX,D,20251017,000000,97.3,97.4,93.7,96.3,11331,0
BCX,D,20251020,000000,96.9,102.4,96.8,100.2,6790,0
BCX,D,20251021,000000,100.6,100.8,96.2,98,3748,0
BCX,D,20251022,000000,97.9,97.9,96.7,97,3105,0
BCX,D,20251023,000000,96.7,100,96.3,99.8,5944,0
BCX,D,20251024,000000,99.7,100.4,98.8,99.9,5104,0
BCX,D,20251027,000000,99.7,100.8,97.4,98.4,5219,0
BCX,D,20251028,000000,98.4,99.4,97.7,98.5,3685,0
BCX,D,20251029,000000,98.5,99.2,96.5,97.1,3121,0
BCX,D,20251030,000000,98.6,102,97.9,99,6322,0
BCX,D,20251031,000000,99.4,99.4,96.5,97,5578,0
BCX,D,20251103,000000,97.6,97.6,93.8,96.7,5819,0
BCX,D,20251104,000000,96.7,96.7,95,96,3322,0
BCX,D,20251105,000000,96.9,96.9,96,96.5,3076,0
BCX,D,20251106,000000,96.9,97,95.6,96,1389,0
BCX,D,20251107,000000,96,97.2,95,96.9,3895,0
BCX,D,20251110,000000,96,99.5,96,96.4,3091,0
BCX,D,20251112,000000,96.4,97.4,96.3,96.5,1938,0
BCX,D,20251113,000000,96.9,97,96.1,96.1,2032,0
BCX,D,20251114,000000,96,96,93.5,93.9,8037,0
BCX,D,20251117,000000,94.4,94.5,92.4,94.2,4088,0
BCX,D,20251118,000000,93.6,93.9,86,90.5,7127,0
BCX,D,20251119,000000,90.5,92.7,89,92,3335,0
BCX,D,20251120,000000,93,93.5,91,91.7,614,0
BCX,D,20251121,000000,91.7,91.7,87.1,90.9,4221,0
BCX,D,20251124,000000,91.2,91.2,87.5,89.4,6760,0
BCX,D,20251125,000000,90,90.2,88,88.3,11715,0
BCX,D,20251126,000000,88.4,90,88.4,90,11456,0
BCX,D,20251127,000000,90,90.3,89,89.9,3436,0
BCX,D,20251128,000000,89.5,90.3,89,89.8,3831,0
BCX,D,20251201,000000,89.8,89.9,86.7,89.8,10410,0
BCX,D,20251202,000000,89.6,92.6,89.3,91.4,3066,0
BCX,D,20251203,000000,91.4,94.8,91.4,94,3007,0
BCX,D,20251204,000000,93.9,94.8,93.1,94.8,1236,0
BCX,D,20251205,000000,94.8,94.8,92,92.9,3078,0
BCX,D,20251208,000000,89,89,86.2,87.4,21487,0
BCX,D,20251209,000000,87.4,87.4,79.1,82.8,31977,0
BCX,D,20251210,000000,82.8,82.8,73.1,76,71991,0
BCX,D,20251211,000000,75.9,75.9,73.2,74.5,21502,0
BCX,D,20251212,000000,73.9,80.8,73,78.1,17836,0
BCX,D,20251215,000000,78.5,80.8,75,80,12327,0
BCX,D,20251216,000000,80.8,80.9,77.4,79.7,11758,0
BCX,D,20251217,000000,79.9,79.9,77.6,78.6,4833,0
BCX,D,20251218,000000,78.6,78.6,76.5,77.6,5052,0
BCX,D,20251219,000000,78,83.1,77,83,7986,0
BCX,D,20251222,000000,82.8,83,81,81.3,5736,0
BCX,D,20251223,000000,82,82,79.6,80,16623,0
BCX,D,20251229,000000,83.4,83.9,80.3,82.5,5634,0
BCX,D,20251230,000000,83,83,77.6,77.6,24383,0
BCX,D,20260102,000000,79,81.6,78.2,80.5,10526,0
BCX,D,20260105,000000,80.5,81.2,79.8,80.2,4871,0
BCX,D,20260107,000000,80.2,80.9,78.3,79,8989,0
BCX,D,20260108,000000,79.6,79.6,77,77.8,8480,0
BCX,D,20260109,000000,78.3,81.5,77.7,81.2,5559,0
BCX,D,20260112,000000,81.1,82,80.3,82,5738,0
BCX,D,20260113,000000,82.2,84.7,82,82.6,4603,0
BCX,D,20260114,000000,83,83.4,81,83.4,2541,0
BCX,D,20260115,000000,84.1,84.1,82.7,82.7,3029,0
BCX,D,20260116,000000,82.7,82.7,81,82,4832,0
BCX,D,20260119,000000,82.3,82.3,79.6,80.5,3677,0
BCX,D,20260120,000000,79.7,80,78,79.4,5851,0
BCX,D,20260121,000000,79.8,79.8,77.5,77.7,5014,0
BCX,D,20260122,000000,77.8,79.5,77.7,78.7,3967,0
BCX,D,20260123,000000,79.2,79.2,77.6,78.9,6006,0
BCX,D,20260126,000000,79,79.5,78,78.3,1732,0
BCX,D,20260127,000000,78.3,80.5,78.1,80,4169,0
BCX,D,20260128,000000,80.5,80.5,78.5,78.5,5510,0
BCX,D,20260129,000000,79,81,78,81,7082,0
BCX,D,20260130,000000,81.5,84.3,81,83.2,11470,0
BCX,D,20260202,000000,83,83.9,80.1,83.4,7357,0
BCX,D,20260203,000000,83.9,88.5,83.9,87.5,12517,0
BCX,D,20260204,000000,88,88.4,85,87.4,5993,0
BCX,D,20260205,000000,87.9,87.9,83.6,84.2,4945,0
BCX,D,20260206,000000,84.2,84.2,82.4,83.6,4043,0
BCX,D,20260209,000000,83.6,84.4,81.4,82.4,3676,0
BCX,D,20260210,000000,82.5,84.2,82.4,83.5,2054,0
BCX,D,20260211,000000,83.4,84.4,83,84.4,4302,0
BCX,D,20260212,000000,84.4,84.4,83.1,83.8,1131,0
BCX,D,20260213,000000,83.8,84.3,82.7,84.3,1763,0
BCX,D,20260216,000000,85,86,84.4,85.8,1903,0
BCX,D,20260217,000000,85.2,87.8,85,87.1,3909,0
BCX,D,20260218,000000,87.5,87.5,84.4,86.7,5997,0
BCX,D,20260219,000000,86.7,86.7,83.4,84.2,5524,0
BCX,D,20260220,000000,84,84,81.5,82.8,6083,0
BCX,D,20260223,000000,82.8,82.8,81.4,82.5,4621,0
BCX,D,20260224,000000,82.5,82.5,80.6,80.7,6238,0
BCX,D,20260225,000000,80.5,81.1,80.3,80.5,3382,0
BCX,D,20260226,000000,80.5,81.7,80.5,81.6,816,0
BCX,D,20260227,000000,81.6,81.6,80.4,81,1785,0
BCX,D,20260302,000000,80.3,80.6,79.1,79.1,2925,0
BCX,D,20260303,000000,79.8,79.8,75.4,78,4799,0
BCX,D,20260304,000000,76.6,80.8,76.6,78.9,3437,0
BCX,D,20260305,000000,78.1,79.4,77.8,78.9,2812,0
BCX,D,20260306,000000,78.9,79.9,77.4,77.6,2205,0
BCX,D,20260309,000000,77.6,78.8,76.5,78,2224,0
BCX,D,20260310,000000,76.6,80.7,76.6,79,4514,0
BCX,D,20260311,000000,80.4,80.4,78.4,79.8,1155,0
BCX,D,20260312,000000,79.8,79.9,78,78.8,1695,0
BCX,D,20260313,000000,78,79.4,77.6,79.4,3036,0
BCX,D,20260316,000000,79,79,76.5,77,6083,0
BCX,D,20260317,000000,76.8,77.5,76,77.4,2034,0
BCX,D,20260318,000000,76.7,77.7,76.7,77.4,1116,0
BCX,D,20260319,000000,77.5,77.5,73.7,75.8,4411,0
BCX,D,20260320,000000,75.8,76.9,74,74.8,2516,0
BCX,D,20260323,000000,73.3,74.6,70,72.9,8302,0
BCX,D,20260324,000000,72.8,74.5,71,73.8,5037,0
BCX,D,20260325,000000,73.9,74.8,72.5,74.7,3246,0
BCX,D,20260326,000000,74.2,74.2,72.5,73,2262,0
BCX,D,20260327,000000,73,73,70.5,71.2,4074,0
BCX,D,20260330,000000,71.2,72.4,70.8,71,1669,0
BCX,D,20260331,000000,70.2,76.4,70.2,76.4,3451,0
BCX,D,20260401,000000,76.4,77.9,74.1,77.9,3591,0
BCX,D,20260402,000000,78.9,83,78.9,82.6,15646,0
BCX,D,20260407,000000,82.8,86.8,82.4,85.5,12128,0
BCX,D,20260408,000000,85.5,86,82.7,83,13617,0
BCX,D,20260409,000000,83,83,80.8,80.8,2222,0
BCX,D,20260410,000000,81.7,82.6,78,81.4,4104,0
BCX,D,20260413,000000,81.4,81.4,79.8,81,2416,0
BCX,D,20260414,000000,82,82.7,81,81.5,5077,0
BCX,D,20260415,000000,81.5,82,81,81.8,5124,0
BCX,D,20260416,000000,81.8,82.5,81,82,10157,0
BCX,D,20260417,000000,82,83,81.5,82.4,6539,0
BCX,D,20260420,000000,82,82,81.4,82,8266,0
BCX,D,20260421,000000,82,82.4,81.3,82.1,5261,0
BCX,D,20260422,000000,83,86.6,82.5,85.6,14793,0
BCX,D,20260423,000000,86.5,86.6,83.2,85.7,4714,0
BCX,D,20260424,000000,85.7,85.9,82.6,82.9,3797,0
BCX,D,20260427,000000,83.5,86.8,82.8,86.8,5394,0
BCX,D,20260428,000000,87,91,87,88.6,15976,0
BCX,D,20260429,000000,88.9,88.9,84.4,87.6,4515,0
BCX,D,20260430,000000,87,88.2,86.5,88,2246,0
BCX,D,20260504,000000,88,92.4,85.9,87,10634,0
BCX,D,20260505,000000,88,88.9,85,85,4984,0
BCX,D,20260506,000000,86,86,84,86,2670,0
BCX,D,20260507,000000,86.3,86.3,82.7,83.9,5015,0
BCX,D,20260508,000000,83.8,84.3,81.5,84.2,2515,0
BCX,D,20260511,000000,84.7,84.7,81.4,82.7,3608,0
BCX,D,20260512,000000,82.7,82.7,80,81.7,2202,0
BCX,D,20260513,000000,81.7,83.8,81.3,83.7,2888,0
BCX,D,20260514,000000,83.7,90.5,83.1,89.9,13060,0
BCX,D,20260515,000000,89.9,90,85.8,88,5866,0
BCX,D,20260518,000000,87.2,88,82.9,84.7,7426,0
BCX,D,20260519,000000,84.6,84.6,82.3,83.3,3361,0
BCX,D,20260520,000000,82.1,83.3,81,81.9,2256,0
BCX,D,20260521,000000,81.9,82,81,81.5,2799,0
BCX,D,20260522,000000,81.5,81.9,81.1,81.9,2980,0
BCX,D,20260525,000000,81.8,81.8,79,80.6,10725,0
BCX,D,20260526,000000,80.2,82.7,79.8,82.6,2160,0
BCX,D,20260527,000000,82.4,82.7,80.1,81.8,2884,0
BCX,D,20260528,000000,80.8,81,80.3,80.8,1657,0
BCX,D,20260529,000000,80.8,83.4,80.1,82.1,4119,0
BCX,D,20260601,000000,82,86.5,81.7,85,7363,0
BCX,D,20260602,000000,85,89,85,88.2,4234,0
BCX,D,20260603,000000,88.2,93.1,86,89.5,16728,0
BCX,D,20260605,000000,89.5,91.9,85.8,87.3,9922,0
BCX,D,20260608,000000,86.5,87.5,85.4,86.8,3518,0
BCX,D,20260609,000000,86.8,88.6,86.8,88,7118,0
BCX,D,20260610,000000,88,89.2,87,87.9,5175,0
BCX,D,20260611,000000,87.8,88.5,87,87.9,9980,0
BCX,D,20260612,000000,87.5,94.5,87.5,89.5,16367,0
BCX,D,20260615,000000,89.9,92.5,89.9,91,6744,0
BCX,D,20260616,000000,91.6,91.6,87.9,88,5382,0
BCX,D,20260617,000000,89.2,90.6,88.2,89,3581,0
BCX,D,20260618,000000,88.3,89.6,88.2,88.5,1721,0
BCX,D,20260619,000000,88.2,90.6,88,90.6,11552,0
BCX,D,20260622,000000,90,91.5,88.1,89.6,10269,0
BCX,D,20260623,000000,89.8,90.2,86.1,87.7,4071,0
BCX,D,20260624,000000,86.9,88.3,85.8,87.8,4005,0
BCX,D,20260625,000000,88.2,88.3,86.2,87.4,2599,0
BCX,D,20260626,000000,87.4,90.4,86.2,90,4176,0
BCX,D,20260629,000000,89.5,90.6,87.3,90.6,10358,0
BCX,D,20260630,000000,89.3,90.9,88.4,90.8,7169,0
BCX,D,20260701,000000,89.1,91,89.1,90.4,3570,0
BCX,D,20260702,000000,90.4,91.2,89.6,90.4,2902,0
BCX,D,20260703,000000,90.7,91.8,89.6,89.7,6031,0
BCX,D,20260706,000000,90.7,91,89.5,90,1919,0
BCX,D,20260707,000000,90,90,88.5,89.6,4332,0
BCX,D,20260708,000000,90,90,86.5,88.6,4735,0
BCX,D,20260709,000000,88.5,89.6,87,88.8,2842,0
BCX,D,20260710,000000,88.5,91,88,90.8,6333,0
BCX,D,20260713,000000,90,94,90,92.8,11512,0
BCX,D,20260714,000000,93.9,94,92,92,5956,0
BCX,D,20260715,000000,92.5,93,90.4,92,5695,0
BCX,D,20260716,000000,92,93.5,90.8,93.5,2506,0
BCX,D,20260717,000000,93.8,94,91.3,92.6,3678,0
BCX,D,20260720,000000,93,93.4,91.2,92,3788,0
BCX,D,20260721,000000,92,92.4,91.5,92.3,6708,0
BCX,D,20260722,000000,92.3,92.3,91,92,2287,0
BCX,D,20260723,000000,92.2,94.8,92,94.5,4998,0
BCX,D,20260724,000000,95,98,95,98,11446,0
BCX,D,20260727,000000,99,99,96.3,97,6881,0
BCX,D,20260728,000000,97.5,98.3,96.5,97,2323,0
BCX,D,20260729,000000,96.4,97.2,96.3,97,4578,0
BCX,D,20260730,000000,97,98,96.8,97.6,4308,0
BCX,D,20260731,000000,90,90,78.2,80.3,98472,0
BCX,D,20260803,000000,79.2,80.3,77,80,18742,0
BCX,D,20260804,000000,80.9,83.3,77.8,82,24184,0
BCX,D,20260805,000000,82.3,83.2,79.9,80.4,24024,0
BCX,D,20260806,000000,80.8,81.6,80,80.7,4504,0
BCX,D,20260807,000000,80.8,81,80,80.6,6898,0
BCX,D,20260810,000000,80.7,83.8,80,83.8,14991,0
BCX,D,20260811,000000,83.3,83.9,82.7,83.4,5452,0
BCX,D,20260812,000000,83.2,83.2,81.1,81.8,4454,0
BCX,D,20260813,000000,82.2,82.2,80.4,80.6,5643,0
BCX,D,20260814,000000,80.6,80.6,79.8,80,13962,0
BCX,D,20260817,000000,80,80,78.1,79.1,7144,0
BCX,D,20260818,000000,79,80.8,78.7,80.4,4285,0
