<TICKER>,<PER>,<DATE>,<TIME>,<OPEN>,<HIGH>,<LOW>,<CLOSE>,<VOL>,<OPENINT>
CAP,D,20170717,000000,18.88,18.88,18.4,18.56,783313,0
CAP,D,20170718,000000,18.7,19.05,18.55,18.95,459512,0
CAP,D,20170719,000000,19.15,19.55,18.75,19.3,261554,0
CAP,D,20170720,000000,19.32,19.45,19.05,19.17,298467,0
CAP,D,20170721,000000,19.21,19.4,19.11,19.36,105893,0
CAP,D,20170724,000000,19.45,19.53,19.11,19.18,25629,0
CAP,D,20170725,000000,19.3,19.3,19.05,19.2,159728,0
CAP,D,20170726,000000,19.27,19.27,18.93,18.98,69835,0
CAP,D,20170727,000000,18.98,19.13,18.44,19,115029,0
CAP,D,20170728,000000,19,19,18.69,18.9,18038,0
CAP,D,20170731,000000,19,19,18.32,18.55,12305,0
CAP,D,20170801,000000,18.46,18.7,18.46,18.47,20250,0
CAP,D,20170802,000000,18.47,18.5,18.44,18.45,18708,0
CAP,D,20170803,000000,18.48,19,18.45,18.76,164260,0
CAP,D,20170804,000000,18.76,18.8,18.51,18.7,43894,0
CAP,D,20170807,000000,18.62,18.7,18.62,18.7,1266,0
CAP,D,20170808,000000,18.7,19,18.6,18.65,281601,0
CAP,D,20170809,000000,18.7,18.93,18.55,18.8,88358,0
CAP,D,20170810,000000,18.76,18.78,18.5,18.75,575,0
CAP,D,20170811,000000,18.64,18.9,18.64,18.89,8843,0
CAP,D,20170814,000000,18.89,19.21,18.89,19.09,9712,0
CAP,D,20170816,000000,19.1,19.3,19.1,19.18,8750,0
CAP,D,20170817,000000,19.27,19.47,19.21,19.3,2905,0
CAP,D,20170818,000000,19.5,19.59,19.11,19.56,22331,0
CAP,D,20170821,000000,19.6,22,19.6,20.7,30093,0
CAP,D,20170822,000000,22,22,21.2,21.7,55304,0
CAP,D,20170823,000000,21.78,22.83,21.7,22.49,30835,0
CAP,D,20170824,000000,22.8,22.84,21.37,21.8,36492,0
CAP,D,20170825,000000,22.36,22.6,22.3,22.49,12713,0
CAP,D,20170828,000000,22.55,22.85,22.49,22.5,35591,0
CAP,D,20170829,000000,22.51,22.83,22.5,22.57,30178,0
CAP,D,20170830,000000,22.87,22.87,22.5,22.7,90562,0
CAP,D,20170831,000000,22.85,23.7,22.75,23.4,272438,0
CAP,D,20170901,000000,23.64,25.23,23.46,24.2,96943,0
CAP,D,20170904,000000,24.99,25.89,24.2,25.7,87597,0
CAP,D,20170905,000000,26,28.6,26,27.1,185582,0
CAP,D,20170906,000000,27.59,27.7,25.51,26.21,93392,0
CAP,D,20170907,000000,26,26.8,24.8,25.3,109134,0
CAP,D,20170908,000000,25.15,26.3,25,25.6,58717,0
CAP,D,20170911,000000,27.05,27.05,25.9,26,93600,0
CAP,D,20170912,000000,26.2,26.2,25.6,25.62,83169,0
CAP,D,20170913,000000,25.7,26.06,25.5,25.5,69020,0
CAP,D,20170914,000000,25.95,25.95,25.2,25.54,30197,0
CAP,D,20170915,000000,25.79,26,25.4,25.6,38844,0
CAP,D,20170918,000000,26,26.59,26,26.2,51045,0
CAP,D,20170919,000000,26.3,26.3,25.22,26.1,160268,0
CAP,D,20170920,000000,26,26,25,26,109164,0
CAP,D,20170921,000000,26,26,25.35,25.55,29579,0
CAP,D,20170922,000000,25.26,25.6,25,25.5,29528,0
CAP,D,20170925,000000,25.5,25.98,25.5,25.53,11533,0
CAP,D,20170926,000000,25.55,25.8,25.5,25.63,40331,0
CAP,D,20170927,000000,25.51,25.79,25.45,25.45,12386,0
CAP,D,20170928,000000,25.41,25.41,24.22,25.32,25044,0
CAP,D,20170929,000000,25.5,25.75,24.92,25.75,16571,0
CAP,D,20171002,000000,25.99,27.1,25.99,26.96,608693,0
CAP,D,20171003,000000,27.05,27.75,26.81,27.7,260844,0
CAP,D,20171004,000000,28,28.55,27.7,27.85,114509,0
CAP,D,20171005,000000,27.89,27.95,27.02,27.45,34779,0
CAP,D,20171006,000000,27.58,27.8,26.35,27.5,32657,0
CAP,D,20171009,000000,27.55,27.55,26.89,26.9,24670,0
CAP,D,20171010,000000,26.6,26.64,26.01,26.4,35413,0
CAP,D,20171011,000000,26.15,27.3,25.64,26.61,79534,0
CAP,D,20171012,000000,26.55,26.98,26.16,26.43,52766,0
CAP,D,20171013,000000,26.3,26.6,25.8,26.01,20700,0
CAP,D,20171016,000000,26.5,26.5,25.63,25.8,34068,0
CAP,D,20171017,000000,26.29,26.29,25.5,25.55,22742,0
CAP,D,20171018,000000,25.5,25.97,25.45,25.63,7579,0
CAP,D,20171019,000000,25.79,25.88,23.5,24.6,88429,0
CAP,D,20171020,000000,24.85,25.19,23.5,24,139611,0
CAP,D,20171023,000000,24.94,24.94,22.85,23.1,128055,0
CAP,D,20171024,000000,23,23,20.7,21.88,162970,0
CAP,D,20171025,000000,21.91,23.26,21.91,22.5,63383,0
CAP,D,20171026,000000,22.99,23.1,22.5,22.78,33510,0
CAP,D,20171027,000000,23.3,23.3,22.75,22.9,23635,0
CAP,D,20171030,000000,23.33,24,23.33,23.75,123300,0
CAP,D,20171031,000000,23.8,24.1,23.61,24,121907,0
CAP,D,20171102,000000,24.74,24.74,24.2,24.2,154203,0
CAP,D,20171103,000000,24.5,24.55,24.21,24.43,41318,0
CAP,D,20171106,000000,24.65,25.09,24.54,24.95,249918,0
CAP,D,20171107,000000,25.1,25.29,24.89,24.99,568835,0
CAP,D,20171108,000000,24.99,24.99,24.26,24.75,125096,0
CAP,D,20171109,000000,24.97,25,24.69,24.75,58655,0
CAP,D,20171110,000000,24.41,24.72,24,24.3,370899,0
CAP,D,20171113,000000,24,24,23.23,23.6,116129,0
CAP,D,20171114,000000,23.6,23.6,23.12,23.6,62718,0
CAP,D,20171115,000000,23.38,23.6,23.03,23.37,48402,0
CAP,D,20171116,000000,23.5,24.09,23.15,23.7,140860,0
CAP,D,20171117,000000,24.28,24.28,23.71,23.9,25524,0
CAP,D,20171120,000000,23.97,23.97,23.55,23.8,41975,0
CAP,D,20171121,000000,23.75,23.9,23.28,23.52,47023,0
CAP,D,20171122,000000,23.88,23.88,23.05,23.4,52927,0
CAP,D,20171123,000000,23.49,23.49,23.24,23.35,57596,0
CAP,D,20171124,000000,23.3,23.3,23.02,23.2,62184,0
CAP,D,20171127,000000,23.2,23.3,22.75,22.99,49983,0
CAP,D,20171128,000000,22.98,23.1,22.51,22.7,250387,0
CAP,D,20171129,000000,22.94,23.49,22.86,23,237513,0
CAP,D,20171130,000000,23.05,23.7,22.7,23.3,616941,0
CAP,D,20171201,000000,23.4,23.41,22.77,23,82865,0
CAP,D,20171204,000000,22.9,23,22.75,22.95,383099,0
CAP,D,20171205,000000,22.8,22.88,22.6,22.69,103448,0
CAP,D,20171206,000000,22.75,22.75,21.15,22.5,150856,0
CAP,D,20171207,000000,22.69,23,22.69,22.85,99716,0
CAP,D,20171208,000000,22.9,22.9,22.71,22.75,36486,0
CAP,D,20171211,000000,22.88,22.9,22.3,22.74,44036,0
CAP,D,20171212,000000,22.9,22.9,22.2,22.5,78811,0
CAP,D,20171213,000000,22.73,22.73,21.92,21.92,143662,0
CAP,D,20171214,000000,21.7,22.24,21.61,21.69,93369,0
CAP,D,20171215,000000,21.99,21.99,20.03,20.32,773894,0
CAP,D,20171218,000000,20.8,20.8,19.23,19.61,879103,0
CAP,D,20171219,000000,19.7,19.87,18.73,18.8,504880,0
CAP,D,20171220,000000,19,19,18.02,18.5,703442,0
CAP,D,20171221,000000,18.29,19.7,18.06,18.68,379372,0
CAP,D,20171222,000000,18.79,19.18,18.71,18.99,205383,0
CAP,D,20171227,000000,19,19.38,18.45,18.7,288639,0
CAP,D,20171228,000000,18.7,18.96,18.5,18.53,125387,0
CAP,D,20171229,000000,18.88,18.88,18.39,18.39,113463,0
CAP,D,20180103,000000,18.88,18.9,18.4,18.5,182769,0
CAP,D,20180104,000000,18.8,18.88,18.6,18.74,177081,0
CAP,D,20180105,000000,18.82,19.9,18.82,19.54,188429,0
CAP,D,20180108,000000,19.88,20.5,19.8,20.05,327281,0
CAP,D,20180109,000000,20.35,20.35,19.18,19.28,312126,0
CAP,D,20180110,000000,19.3,19.3,18.68,18.7,321181,0
CAP,D,20180111,000000,19,19.12,17.7,18,569094,0
CAP,D,20180112,000000,18,18.48,17.82,18.28,195429,0
CAP,D,20180115,000000,18.5,19.14,18.42,18.98,146131,0
CAP,D,20180116,000000,19.54,20.1,19.1,19.2,306927,0
CAP,D,20180117,000000,19.48,19.48,18.86,19.24,170710,0
CAP,D,20180118,000000,19.24,19.4,19.04,19.36,132293,0
CAP,D,20180119,000000,19.4,19.4,19.02,19.1,209813,0
CAP,D,20180122,000000,19.12,19.34,18.66,19.02,180945,0
CAP,D,20180123,000000,19,19,18.6,18.74,379889,0
CAP,D,20180124,000000,18.74,19.38,18.7,19.1,183117,0
CAP,D,20180125,000000,19.3,19.38,19,19,67838,0
CAP,D,20180126,000000,19.22,19.22,18.8,19,66711,0
CAP,D,20180129,000000,19.06,19.08,18.76,18.86,64058,0
CAP,D,20180130,000000,18.8,18.8,18.5,18.5,107812,0
CAP,D,20180131,000000,18.36,18.46,18.26,18.4,53395,0
CAP,D,20180201,000000,18.5,18.5,18,18.08,97642,0
CAP,D,20180202,000000,18.1,18.3,17.96,18.1,42645,0
CAP,D,20180205,000000,17.92,17.92,17.2,17.5,100300,0
CAP,D,20180206,000000,16.7,17,15.14,17,350577,0
CAP,D,20180207,000000,17.48,17.48,16.72,17.1,158719,0
CAP,D,20180208,000000,17.1,17.34,15.78,15.78,169722,0
CAP,D,20180209,000000,15.4,15.76,15.12,15.6,344953,0
CAP,D,20180212,000000,15.9,17.42,15.88,17.42,405645,0
CAP,D,20180213,000000,17.5,18.28,17.02,17.38,578550,0
CAP,D,20180214,000000,17.22,17.66,16.56,16.84,190243,0
CAP,D,20180215,000000,16.9,16.9,16.42,16.42,139321,0
CAP,D,20180216,000000,16.7,16.78,16.38,16.5,130470,0
CAP,D,20180219,000000,16.5,16.86,16.08,16.6,143044,0
CAP,D,20180220,000000,16.78,16.78,16.18,16.38,80300,0
CAP,D,20180221,000000,16.32,16.32,15.4,15.96,244357,0
CAP,D,20180222,000000,15.8,15.8,15.46,15.7,89724,0
CAP,D,20180223,000000,15.94,16.4,15.5,16.2,182073,0
CAP,D,20180226,000000,16.4,16.74,15.62,15.74,131390,0
CAP,D,20180227,000000,15.74,16.14,15.56,16,592354,0
CAP,D,20180228,000000,15.86,15.98,15.52,15.52,162614,0
CAP,D,20180301,000000,15.6,16.28,15.46,16.28,233630,0
CAP,D,20180302,000000,14.8,15.1,12.9,12.96,1177673,0
CAP,D,20180305,000000,12.8,12.98,11.12,11.8,914166,0
CAP,D,20180306,000000,11.96,12.4,11.5,11.74,708385,0
CAP,D,20180307,000000,11.96,12.3,11.5,11.76,451601,0
CAP,D,20180308,000000,11.8,11.8,11.24,11.38,293365,0
CAP,D,20180309,000000,11.26,11.32,10.7,11.16,350903,0
CAP,D,20180312,000000,11.3,11.48,10.8,10.9,268218,0
CAP,D,20180313,000000,11.48,11.58,10.54,10.62,502922,0
CAP,D,20180314,000000,10.8,11.38,10.1,11,769727,0
CAP,D,20180315,000000,11,11.12,10.36,10.48,439611,0
CAP,D,20180316,000000,10.4,10.48,10,10,1193325,0
CAP,D,20180319,000000,10.2,10.2,9.43,9.43,472305,0
CAP,D,20180320,000000,9.4,9.43,8.84,8.9,535789,0
CAP,D,20180321,000000,9.05,9.05,8.75,8.9,682196,0
CAP,D,20180322,000000,9.1,10,8.7,8.8,1320784,0
CAP,D,20180323,000000,8.7,9.9,8.51,9.9,838090,0
CAP,D,20180326,000000,10.12,10.74,10,10.04,828795,0
CAP,D,20180327,000000,10.16,10.36,8.7,9.38,1123738,0
CAP,D,20180328,000000,9.38,9.38,7.3,7.41,1580527,0
CAP,D,20180329,000000,7.47,8.49,6.12,7.3,3575759,0
CAP,D,20180403,000000,7.17,7.42,5.83,5.85,1655174,0
CAP,D,20180404,000000,5.77,6.9,5.22,6.05,5783171,0
CAP,D,20180405,000000,6.4,6.57,5.77,6.3,3099620,0
CAP,D,20180406,000000,6.26,6.4,5.67,5.92,1583403,0
CAP,D,20180409,000000,5.82,6.15,5.62,5.67,846336,0
CAP,D,20180410,000000,5.7,6.49,5.67,6.02,1672826,0
CAP,D,20180411,000000,6.1,6.27,5.76,5.76,1117370,0
CAP,D,20180412,000000,5.7,5.85,5.17,5.3,1756850,0
CAP,D,20180413,000000,5.38,5.48,4.41,4.52,3991339,0
CAP,D,20180416,000000,4.16,4.3,3.75,3.75,508713,0
CAP,D,20231002,000000,0.79,0.79,0.71,0.71,709423,0
CAP,D,20231003,000000,0.51,0.51,0.51,0.51,1853129,0
CAP,D,20231004,000000,0.498,0.498,0.498,0.498,881167,0
CAP,D,20231005,000000,0.498,0.57,0.498,0.57,1758035,0
CAP,D,20231006,000000,0.8,0.8,0.8,0.8,1065429,0
CAP,D,20231009,000000,0.98,0.98,0.98,0.98,1837217,0
CAP,D,20231010,000000,0.83,0.88,0.83,0.88,587769,0
CAP,D,20231011,000000,0.815,0.88,0.815,0.88,341890,0
CAP,D,20231012,000000,0.88,0.88,0.88,0.88,490256,0
CAP,D,20231013,000000,0.845,0.845,0.8,0.8,294343,0
CAP,D,20231016,000000,0.735,0.735,0.72,0.72,286899,0
CAP,D,20231017,000000,0.68,0.68,0.68,0.68,459206,0
CAP,D,20231018,000000,0.655,0.655,0.615,0.615,774116,0
CAP,D,20231019,000000,0.58,0.58,0.545,0.545,574967,0
CAP,D,20231020,000000,0.565,0.58,0.565,0.58,718011,0
CAP,D,20231023,000000,0.58,0.58,0.525,0.525,565438,0
CAP,D,20231024,000000,0.535,0.55,0.535,0.55,529805,0
CAP,D,20231025,000000,0.55,0.55,0.51,0.51,308595,0
CAP,D,20231026,000000,0.53,0.55,0.53,0.55,411044,0
CAP,D,20231027,000000,0.56,0.57,0.56,0.57,362257,0
CAP,D,20231030,000000,0.585,0.585,0.56,0.56,612606,0
CAP,D,20231031,000000,0.56,0.56,0.56,0.56,85724,0
CAP,D,20231102,000000,0.55,0.55,0.55,0.55,198977,0
CAP,D,20231103,000000,0.56,0.56,0.54,0.54,149884,0
CAP,D,20231106,000000,0.525,0.525,0.525,0.525,181241,0
CAP,D,20231107,000000,0.535,0.55,0.535,0.55,141117,0
CAP,D,20231108,000000,0.56,0.58,0.56,0.58,126180,0
CAP,D,20231109,000000,0.585,0.585,0.575,0.575,113391,0
CAP,D,20231110,000000,0.56,0.56,0.55,0.55,87349,0
CAP,D,20231113,000000,0.525,0.525,0.52,0.52,234020,0
CAP,D,20231114,000000,0.5,0.515,0.5,0.515,175175,0
CAP,D,20231115,000000,0.52,0.52,0.52,0.52,89968,0
CAP,D,20231116,000000,0.53,0.53,0.53,0.53,88821,0
CAP,D,20231117,000000,0.51,0.515,0.51,0.515,166821,0
CAP,D,20231120,000000,0.505,0.505,0.505,0.505,234123,0
CAP,D,20231121,000000,0.5,0.5,0.498,0.498,244326,0
CAP,D,20231122,000000,0.5,0.5,0.5,0.5,160240,0
CAP,D,20231123,000000,0.5,0.5,0.5,0.5,55698,0
CAP,D,20231124,000000,0.5,0.5,0.496,0.496,76967,0
CAP,D,20231127,000000,0.496,0.496,0.496,0.496,62771,0
CAP,D,20231128,000000,0.494,0.496,0.494,0.496,88471,0
CAP,D,20231129,000000,0.49,0.49,0.49,0.49,279351,0
CAP,D,20231130,000000,0.49,0.49,0.49,0.49,282424,0
CAP,D,20231201,000000,0.482,0.488,0.482,0.488,79674,0
CAP,D,20231204,000000,0.48,0.48,0.48,0.48,240895,0
CAP,D,20231205,000000,0.48,0.48,0.478,0.478,111778,0
CAP,D,20231206,000000,0.48,0.48,0.48,0.48,173984,0
CAP,D,20231207,000000,0.48,0.48,0.478,0.478,115911,0
CAP,D,20231208,000000,0.47,0.47,0.47,0.47,149707,0
CAP,D,20231211,000000,0.458,0.458,0.446,0.446,251903,0
CAP,D,20231212,000000,0.44,0.44,0.434,0.434,348539,0
CAP,D,20231213,000000,0.434,0.45,0.434,0.45,404183,0
CAP,D,20231214,000000,0.46,0.46,0.46,0.46,488914,0
CAP,D,20231215,000000,0.46,0.46,0.46,0.46,578828,0
CAP,D,20231218,000000,0.46,0.46,0.454,0.454,363520,0
CAP,D,20231219,000000,0.446,0.458,0.446,0.458,161435,0
CAP,D,20231220,000000,0.458,0.458,0.446,0.446,219921,0
CAP,D,20231221,000000,0.454,0.462,0.454,0.462,773782,0
CAP,D,20231222,000000,0.52,0.535,0.52,0.535,584268,0
CAP,D,20231227,000000,0.67,0.67,0.66,0.66,910700,0
CAP,D,20231228,000000,0.72,0.77,0.72,0.77,779676,0
CAP,D,20231229,000000,0.8,0.8,0.8,0.8,529004,0
CAP,D,20240102,000000,0.79,0.8,0.725,0.755,896841,0
CAP,D,20240103,000000,0.735,0.75,0.665,0.695,921303,0
CAP,D,20240104,000000,0.71,0.725,0.665,0.725,186232,0
CAP,D,20240105,000000,0.725,0.725,0.685,0.705,165101,0
CAP,D,20240108,000000,0.71,0.74,0.68,0.73,166506,0
CAP,D,20240109,000000,0.73,0.74,0.7,0.715,165228,0
CAP,D,20240110,000000,0.7,0.7,0.675,0.685,282713,0
CAP,D,20240111,000000,0.7,0.74,0.675,0.735,456436,0
CAP,D,20240112,000000,0.73,0.735,0.69,0.7,169882,0
CAP,D,20240115,000000,0.69,0.7,0.645,0.645,289721,0
CAP,D,20240116,000000,0.64,0.645,0.625,0.645,70645,0
CAP,D,20240117,000000,0.63,0.65,0.615,0.63,177549,0
CAP,D,20240118,000000,0.62,0.635,0.6,0.62,288578,0
CAP,D,20240119,000000,0.615,0.63,0.575,0.59,365566,0
CAP,D,20240122,000000,0.6,0.61,0.58,0.6,145332,0
CAP,D,20240123,000000,0.59,0.61,0.59,0.605,64591,0
CAP,D,20240124,000000,0.6,0.61,0.58,0.585,130757,0
CAP,D,20240125,000000,0.6,0.63,0.57,0.615,115525,0
CAP,D,20240126,000000,0.6,0.635,0.6,0.63,81390,0
CAP,D,20240129,000000,0.615,0.63,0.6,0.63,61880,0
CAP,D,20240130,000000,0.63,0.635,0.61,0.635,47854,0
CAP,D,20240131,000000,0.62,0.67,0.62,0.66,178658,0
CAP,D,20240201,000000,0.66,0.665,0.64,0.65,102075,0
CAP,D,20240202,000000,0.64,0.655,0.62,0.635,131305,0
CAP,D,20240205,000000,0.645,0.645,0.6,0.61,228044,0
CAP,D,20240206,000000,0.6,0.61,0.59,0.605,152582,0
CAP,D,20240207,000000,0.61,0.615,0.595,0.61,65168,0
CAP,D,20240208,000000,0.6,0.6,0.58,0.595,91135,0
CAP,D,20240209,000000,0.595,0.595,0.565,0.57,461320,0
CAP,D,20240212,000000,0.57,0.58,0.55,0.56,390808,0
CAP,D,20240213,000000,0.55,0.635,0.54,0.615,842939,0
CAP,D,20240214,000000,0.62,0.62,0.565,0.58,305688,0
CAP,D,20240215,000000,0.57,0.59,0.56,0.58,194054,0
CAP,D,20240216,000000,0.57,0.585,0.57,0.585,74373,0
CAP,D,20240219,000000,0.58,0.58,0.56,0.57,175680,0
CAP,D,20240220,000000,0.58,0.605,0.57,0.59,146810,0
CAP,D,20240221,000000,0.6,0.6,0.58,0.58,79831,0
CAP,D,20240222,000000,0.595,0.64,0.58,0.615,975243,0
CAP,D,20240223,000000,0.605,0.63,0.6,0.62,247045,0
CAP,D,20240226,000000,0.63,0.63,0.605,0.615,188376,0
CAP,D,20240227,000000,0.615,0.615,0.6,0.615,216902,0
CAP,D,20240228,000000,0.615,0.615,0.605,0.61,76475,0
CAP,D,20240229,000000,0.605,0.61,0.585,0.6,194453,0
CAP,D,20240301,000000,0.59,0.605,0.58,0.595,137985,0
CAP,D,20240304,000000,0.575,0.59,0.555,0.565,400507,0
CAP,D,20240305,000000,0.565,0.575,0.555,0.57,257775,0
CAP,D,20240306,000000,0.57,0.57,0.555,0.57,76706,0
CAP,D,20240307,000000,0.555,0.57,0.555,0.57,76666,0
CAP,D,20240308,000000,0.57,0.57,0.55,0.56,84046,0
CAP,D,20240311,000000,0.56,0.565,0.54,0.555,118443,0
CAP,D,20240312,000000,0.555,0.64,0.55,0.64,994697,0
CAP,D,20240313,000000,0.64,0.85,0.62,0.82,4942958,0
CAP,D,20240314,000000,0.82,0.875,0.7,0.72,3938266,0
CAP,D,20240315,000000,0.715,0.75,0.68,0.71,888541,0
CAP,D,20240318,000000,0.705,0.73,0.685,0.695,390863,0
CAP,D,20240319,000000,0.695,0.7,0.655,0.665,474792,0
CAP,D,20240320,000000,0.665,0.7,0.655,0.68,451908,0
CAP,D,20240321,000000,0.68,0.69,0.66,0.69,142267,0
CAP,D,20240322,000000,0.675,0.705,0.66,0.68,431561,0
CAP,D,20240325,000000,0.68,0.68,0.65,0.67,137644,0
CAP,D,20240326,000000,0.67,0.7,0.665,0.68,407255,0
CAP,D,20240327,000000,0.665,0.68,0.66,0.665,225194,0
CAP,D,20240328,000000,0.665,0.71,0.665,0.7,748120,0
CAP,D,20240402,000000,0.7,0.718,0.68,0.69,260441,0
CAP,D,20240403,000000,0.696,0.698,0.632,0.65,688670,0
CAP,D,20240404,000000,0.65,0.652,0.63,0.644,658174,0
CAP,D,20240405,000000,0.644,0.644,0.628,0.64,180372,0
CAP,D,20240408,000000,0.642,0.646,0.628,0.64,147987,0
CAP,D,20240409,000000,0.642,0.642,0.63,0.64,76973,0
CAP,D,20240410,000000,0.64,0.64,0.62,0.62,299442,0
CAP,D,20240411,000000,0.62,0.63,0.58,0.61,359382,0
CAP,D,20240412,000000,0.61,0.618,0.598,0.6,149787,0
CAP,D,20240415,000000,0.598,0.618,0.59,0.6,216324,0
CAP,D,20240416,000000,0.592,0.598,0.578,0.58,308049,0
CAP,D,20240417,000000,0.562,0.594,0.562,0.58,332733,0
CAP,D,20240418,000000,0.58,0.602,0.578,0.59,465721,0
CAP,D,20240419,000000,0.59,0.59,0.57,0.584,286670,0
CAP,D,20240422,000000,0.58,0.586,0.572,0.58,327479,0
CAP,D,20240423,000000,0.578,0.598,0.576,0.58,260302,0
CAP,D,20240424,000000,0.582,0.588,0.574,0.58,176583,0
CAP,D,20240425,000000,0.586,0.586,0.572,0.576,94589,0
CAP,D,20240426,000000,0.578,0.578,0.568,0.568,194068,0
CAP,D,20240429,000000,0.57,0.586,0.57,0.586,148761,0
CAP,D,20240430,000000,0.586,0.586,0.568,0.576,263225,0
CAP,D,20240502,000000,0.58,0.582,0.568,0.57,498100,0
CAP,D,20240506,000000,0.57,0.57,0.56,0.57,435029,0
CAP,D,20240507,000000,0.566,0.57,0.564,0.57,131158,0
CAP,D,20240508,000000,0.564,0.57,0.548,0.55,616018,0
CAP,D,20240509,000000,0.55,0.558,0.546,0.548,293652,0
CAP,D,20240510,000000,0.548,0.554,0.544,0.55,240352,0
CAP,D,20240513,000000,0.55,0.55,0.542,0.55,173701,0
CAP,D,20240514,000000,0.544,0.55,0.544,0.544,219211,0
CAP,D,20240515,000000,0.55,0.55,0.542,0.548,98704,0
CAP,D,20240516,000000,0.548,0.56,0.544,0.55,1136239,0
CAP,D,20240517,000000,0.548,0.556,0.548,0.55,434472,0
CAP,D,20240520,000000,0.552,0.556,0.546,0.55,70742,0
CAP,D,20240521,000000,0.55,0.556,0.548,0.55,49085,0
CAP,D,20240522,000000,0.546,0.554,0.546,0.55,72060,0
CAP,D,20240523,000000,0.548,0.552,0.544,0.552,74590,0
CAP,D,20240524,000000,0.55,0.594,0.55,0.592,308542,0
CAP,D,20240527,000000,0.596,0.63,0.588,0.618,746715,0
CAP,D,20240528,000000,0.608,0.608,0.57,0.584,457849,0
CAP,D,20240529,000000,0.578,0.578,0.562,0.574,36984,0
CAP,D,20240531,000000,0.568,0.574,0.556,0.566,142530,0
CAP,D,20240603,000000,0.568,0.574,0.554,0.566,140488,0
CAP,D,20240604,000000,0.57,0.57,0.556,0.564,94548,0
CAP,D,20240605,000000,0.566,0.57,0.562,0.564,90005,0
CAP,D,20240606,000000,0.566,0.568,0.55,0.56,337047,0
CAP,D,20240607,000000,0.546,0.56,0.536,0.536,225886,0
CAP,D,20240610,000000,0.536,0.544,0.522,0.534,75913,0
CAP,D,20240611,000000,0.534,0.54,0.524,0.54,112426,0
CAP,D,20240612,000000,0.54,0.54,0.526,0.536,127706,0
CAP,D,20240613,000000,0.53,0.534,0.524,0.528,221123,0
CAP,D,20240614,000000,0.528,0.538,0.52,0.53,79877,0
CAP,D,20240617,000000,0.528,0.528,0.5,0.52,339412,0
CAP,D,20240618,000000,0.52,0.528,0.512,0.522,92400,0
CAP,D,20240619,000000,0.522,0.522,0.504,0.52,103531,0
CAP,D,20240620,000000,0.522,0.526,0.51,0.526,40906,0
CAP,D,20240621,000000,0.52,0.526,0.514,0.526,52065,0
CAP,D,20240624,000000,0.532,0.548,0.514,0.548,209047,0
CAP,D,20240625,000000,0.548,0.584,0.548,0.564,783109,0
CAP,D,20240626,000000,0.566,0.568,0.54,0.548,92676,0
CAP,D,20240627,000000,0.55,0.552,0.52,0.53,79647,0
CAP,D,20240628,000000,0.542,0.55,0.524,0.548,68032,0
CAP,D,20240701,000000,0.546,0.546,0.524,0.538,92638,0
CAP,D,20240702,000000,0.538,0.54,0.52,0.53,188129,0
CAP,D,20240703,000000,0.526,0.548,0.52,0.54,149507,0
CAP,D,20240704,000000,0.54,0.546,0.53,0.542,168380,0
CAP,D,20240705,000000,0.536,0.558,0.53,0.558,267992,0
CAP,D,20240708,000000,0.558,0.562,0.538,0.546,210706,0
CAP,D,20240709,000000,0.548,0.548,0.536,0.54,43788,0
CAP,D,20240710,000000,0.532,0.55,0.532,0.546,59630,0
CAP,D,20240711,000000,0.54,0.55,0.52,0.53,175912,0
CAP,D,20240712,000000,0.53,0.538,0.52,0.53,130979,0
CAP,D,20240715,000000,0.53,0.538,0.514,0.524,258239,0
CAP,D,20240716,000000,0.524,0.526,0.5,0.504,300762,0
CAP,D,20240717,000000,0.504,0.51,0.494,0.5,104121,0
CAP,D,20240718,000000,0.51,0.514,0.496,0.506,163614,0
CAP,D,20240719,000000,0.506,0.508,0.5,0.508,59230,0
CAP,D,20240722,000000,0.514,0.514,0.49,0.506,106776,0
CAP,D,20240723,000000,0.496,0.504,0.496,0.504,27366,0
CAP,D,20240724,000000,0.504,0.504,0.494,0.502,133144,0
CAP,D,20240725,000000,0.5,0.502,0.494,0.502,53760,0
CAP,D,20240726,000000,0.5,0.502,0.492,0.497,45206,0
CAP,D,20240729,000000,0.497,0.522,0.492,0.512,205093,0
CAP,D,20240730,000000,0.514,0.518,0.494,0.506,113256,0
CAP,D,20240731,000000,0.5,0.51,0.49,0.504,123030,0
CAP,D,20240801,000000,0.5,0.508,0.496,0.506,40811,0
CAP,D,20240802,000000,0.497,0.506,0.496,0.504,13967,0
CAP,D,20240805,000000,0.49,0.498,0.461,0.473,524482,0
CAP,D,20240806,000000,0.492,0.492,0.472,0.475,60270,0
CAP,D,20240807,000000,0.48,0.48,0.47,0.47,114565,0
CAP,D,20240808,000000,0.482,0.482,0.45,0.47,151649,0
CAP,D,20240809,000000,0.47,0.478,0.451,0.466,152831,0
CAP,D,20240812,000000,0.463,0.463,0.456,0.458,159515,0
CAP,D,20240813,000000,0.458,0.466,0.445,0.45,316741,0
CAP,D,20240814,000000,0.459,0.459,0.444,0.448,115442,0
CAP,D,20240816,000000,0.448,0.457,0.446,0.446,119913,0
CAP,D,20240819,000000,0.45,0.459,0.445,0.45,73240,0
CAP,D,20240820,000000,0.446,0.459,0.446,0.457,66682,0
CAP,D,20240821,000000,0.457,0.458,0.448,0.45,191859,0
CAP,D,20240822,000000,0.451,0.451,0.442,0.45,96406,0
CAP,D,20240823,000000,0.451,0.457,0.446,0.457,125505,0
CAP,D,20240826,000000,0.452,0.458,0.447,0.45,164885,0
CAP,D,20240827,000000,0.456,0.456,0.445,0.455,40083,0
CAP,D,20240828,000000,0.455,0.486,0.452,0.47,205348,0
CAP,D,20240829,000000,0.477,0.49,0.472,0.49,205287,0
CAP,D,20240830,000000,0.499,0.546,0.499,0.538,658881,0
CAP,D,20240902,000000,0.538,0.54,0.504,0.54,301329,0
CAP,D,20240903,000000,0.532,0.538,0.516,0.528,184448,0
CAP,D,20240904,000000,0.52,0.53,0.5,0.52,183109,0
CAP,D,20240905,000000,0.52,0.53,0.506,0.52,482129,0
CAP,D,20240906,000000,0.52,0.524,0.504,0.524,94109,0
CAP,D,20240909,000000,0.518,0.524,0.482,0.51,162094,0
CAP,D,20240910,000000,0.5,0.51,0.492,0.506,34861,0
CAP,D,20240911,000000,0.506,0.508,0.49,0.498,55500,0
CAP,D,20240912,000000,0.498,0.512,0.49,0.512,91833,0
CAP,D,20240913,000000,0.514,0.514,0.5,0.514,74141,0
CAP,D,20240916,000000,0.512,0.518,0.502,0.516,17638,0
CAP,D,20240917,000000,0.518,0.518,0.493,0.514,123941,0
CAP,D,20240918,000000,0.504,0.512,0.495,0.5,94796,0
CAP,D,20240919,000000,0.5,0.506,0.487,0.494,53858,0
CAP,D,20240920,000000,0.495,0.5,0.494,0.5,37550,0
CAP,D,20240923,000000,0.494,0.5,0.494,0.5,20730,0
CAP,D,20240924,000000,0.5,0.506,0.464,0.47,241918,0
CAP,D,20240925,000000,0.485,0.488,0.476,0.486,93057,0
CAP,D,20240926,000000,0.486,0.486,0.46,0.477,146162,0
CAP,D,20240927,000000,0.465,0.484,0.463,0.479,230135,0
CAP,D,20240930,000000,0.479,0.483,0.47,0.478,95698,0
CAP,D,20241001,000000,0.478,0.479,0.471,0.479,44130,0
CAP,D,20241002,000000,0.468,0.48,0.468,0.478,43940,0
CAP,D,20241003,000000,0.48,0.48,0.47,0.479,67985,0
CAP,D,20241004,000000,0.472,0.48,0.47,0.479,32380,0
CAP,D,20241007,000000,0.467,0.479,0.464,0.47,75640,0
CAP,D,20241008,000000,0.47,0.48,0.463,0.477,85881,0
CAP,D,20241009,000000,0.464,0.479,0.462,0.479,40557,0
CAP,D,20241010,000000,0.478,0.478,0.46,0.46,172985,0
CAP,D,20241011,000000,0.459,0.46,0.45,0.46,118463,0
CAP,D,20241014,000000,0.46,0.467,0.453,0.46,61383,0
CAP,D,20241015,000000,0.46,0.5,0.459,0.499,1351389,0
CAP,D,20241016,000000,0.495,0.5,0.46,0.47,479890,0
CAP,D,20241017,000000,0.461,0.469,0.45,0.46,351791,0
CAP,D,20241018,000000,0.465,0.468,0.454,0.468,96016,0
CAP,D,20241021,000000,0.46,0.469,0.46,0.466,59143,0
CAP,D,20241022,000000,0.466,0.47,0.46,0.469,87919,0
CAP,D,20241023,000000,0.47,0.47,0.455,0.467,85815,0
CAP,D,20241024,000000,0.466,0.47,0.46,0.464,88312,0
CAP,D,20241025,000000,0.464,0.466,0.456,0.465,20914,0
CAP,D,20241028,000000,0.465,0.466,0.457,0.457,74151,0
CAP,D,20241029,000000,0.457,0.467,0.455,0.46,110831,0
CAP,D,20241030,000000,0.46,0.46,0.456,0.457,85812,0
CAP,D,20241031,000000,0.456,0.459,0.453,0.457,31382,0
CAP,D,20241104,000000,0.46,0.46,0.45,0.457,33672,0
CAP,D,20241105,000000,0.457,0.46,0.45,0.459,74557,0
CAP,D,20241106,000000,0.46,0.46,0.452,0.452,36100,0
CAP,D,20241107,000000,0.452,0.46,0.45,0.458,80218,0
CAP,D,20241108,000000,0.45,0.458,0.446,0.458,92566,0
CAP,D,20241112,000000,0.452,0.458,0.447,0.457,82375,0
CAP,D,20241113,000000,0.449,0.46,0.449,0.459,251236,0
CAP,D,20241114,000000,0.459,0.459,0.447,0.456,162211,0
CAP,D,20241115,000000,0.457,0.46,0.45,0.459,111564,0
CAP,D,20241118,000000,0.459,0.459,0.446,0.454,75257,0
CAP,D,20241119,000000,0.447,0.455,0.442,0.45,91386,0
CAP,D,20241120,000000,0.448,0.457,0.438,0.449,510091,0
CAP,D,20241121,000000,0.441,0.454,0.441,0.454,76650,0
CAP,D,20241122,000000,0.45,0.454,0.441,0.453,95016,0
CAP,D,20241125,000000,0.45,0.466,0.45,0.465,450120,0
CAP,D,20241126,000000,0.458,0.464,0.451,0.463,90144,0
CAP,D,20241127,000000,0.455,0.475,0.452,0.47,664703,0
CAP,D,20241128,000000,0.475,0.49,0.45,0.462,1473685,0
CAP,D,20241129,000000,0.456,0.469,0.456,0.468,91908,0
CAP,D,20241202,000000,0.467,0.467,0.45,0.46,213719,0
CAP,D,20241203,000000,0.461,0.463,0.42,0.438,314141,0
CAP,D,20241204,000000,0.438,0.442,0.425,0.442,134959,0
CAP,D,20241205,000000,0.442,0.442,0.43,0.432,29898,0
CAP,D,20241206,000000,0.432,0.439,0.415,0.428,148795,0
CAP,D,20241209,000000,0.424,0.448,0.4,0.44,324507,0
CAP,D,20241210,000000,0.44,0.44,0.412,0.428,182700,0
CAP,D,20241211,000000,0.424,0.428,0.41,0.422,139295,0
CAP,D,20241212,000000,0.42,0.422,0.404,0.418,122871,0
CAP,D,20241213,000000,0.4,0.417,0.394,0.413,289163,0
CAP,D,20241216,000000,0.413,0.42,0.401,0.409,67352,0
CAP,D,20241217,000000,0.402,0.416,0.394,0.4,157117,0
CAP,D,20241218,000000,0.4,0.412,0.381,0.408,260708,0
CAP,D,20241219,000000,0.4,0.4,0.383,0.398,143803,0
CAP,D,20241220,000000,0.391,0.41,0.39,0.395,153206,0
CAP,D,20241223,000000,0.394,0.41,0.39,0.405,287780,0
CAP,D,20241227,000000,0.404,0.419,0.395,0.417,65642,0
CAP,D,20241230,000000,0.408,0.434,0.408,0.43,159146,0
CAP,D,20250102,000000,0.43,0.432,0.411,0.432,79643,0
CAP,D,20250103,000000,0.43,0.439,0.429,0.437,61638,0
CAP,D,20250107,000000,0.439,0.446,0.43,0.443,63428,0
CAP,D,20250108,000000,0.436,0.442,0.429,0.43,107135,0
CAP,D,20250109,000000,0.43,0.439,0.428,0.436,92583,0
CAP,D,20250110,000000,0.43,0.436,0.428,0.436,6724,0
CAP,D,20250113,000000,0.436,0.436,0.425,0.436,31410,0
CAP,D,20250114,000000,0.435,0.435,0.42,0.434,18859,0
CAP,D,20250115,000000,0.432,0.441,0.422,0.441,59371,0
CAP,D,20250116,000000,0.429,0.442,0.42,0.435,102746,0
CAP,D,20250117,000000,0.435,0.442,0.428,0.441,115449,0
CAP,D,20250120,000000,0.446,0.45,0.436,0.449,221741,0
CAP,D,20250121,000000,0.449,0.449,0.436,0.439,116424,0
CAP,D,20250122,000000,0.44,0.44,0.428,0.435,38922,0
CAP,D,20250123,000000,0.428,0.43,0.424,0.43,65649,0
CAP,D,20250124,000000,0.425,0.448,0.42,0.434,147938,0
CAP,D,20250127,000000,0.424,0.446,0.424,0.442,96899,0
CAP,D,20250128,000000,0.441,0.441,0.435,0.435,78526,0
CAP,D,20250129,000000,0.433,0.442,0.43,0.44,211782,0
CAP,D,20250130,000000,0.435,0.44,0.435,0.44,29860,0
CAP,D,20250131,000000,0.44,0.442,0.437,0.437,59461,0
CAP,D,20250203,000000,0.437,0.442,0.436,0.44,34530,0
CAP,D,20250204,000000,0.44,0.44,0.428,0.44,104599,0
CAP,D,20250205,000000,0.435,0.439,0.43,0.439,54725,0
CAP,D,20250206,000000,0.439,0.454,0.435,0.446,144694,0
CAP,D,20250207,000000,0.448,0.45,0.44,0.45,88696,0
CAP,D,20250210,000000,0.45,0.459,0.444,0.457,659105,0
CAP,D,20250211,000000,0.459,0.459,0.45,0.459,177652,0
CAP,D,20250212,000000,0.459,0.459,0.45,0.458,126878,0
CAP,D,20250213,000000,0.451,0.457,0.438,0.45,235585,0
CAP,D,20250214,000000,0.45,0.463,0.44,0.462,288366,0
CAP,D,20250217,000000,0.463,0.467,0.461,0.467,201407,0
CAP,D,20250218,000000,0.467,0.475,0.462,0.472,310482,0
CAP,D,20250219,000000,0.47,0.472,0.435,0.438,232588,0
CAP,D,20250220,000000,0.437,0.447,0.43,0.442,147410,0
CAP,D,20250221,000000,0.433,0.456,0.432,0.454,148734,0
CAP,D,20250224,000000,0.445,0.451,0.44,0.45,63138,0
CAP,D,20250225,000000,0.449,0.462,0.445,0.462,118648,0
CAP,D,20250226,000000,0.452,0.464,0.451,0.464,56838,0
CAP,D,20250227,000000,0.457,0.475,0.457,0.463,82249,0
CAP,D,20250228,000000,0.46,0.475,0.459,0.475,81348,0
CAP,D,20250303,000000,0.475,0.475,0.463,0.474,46902,0
CAP,D,20250304,000000,0.474,0.474,0.457,0.47,54619,0
CAP,D,20250305,000000,0.457,0.47,0.453,0.466,37162,0
CAP,D,20250306,000000,0.466,0.466,0.45,0.45,17256,0
CAP,D,20250307,000000,0.466,0.475,0.44,0.472,68004,0
CAP,D,20250310,000000,0.472,0.474,0.45,0.454,233113,0
CAP,D,20250311,000000,0.454,0.462,0.444,0.459,123440,0
CAP,D,20250312,000000,0.447,0.462,0.445,0.462,42094,0
CAP,D,20250313,000000,0.462,0.462,0.451,0.46,9574,0
CAP,D,20250314,000000,0.46,0.461,0.452,0.461,28717,0
CAP,D,20250317,000000,0.46,0.46,0.453,0.46,13407,0
CAP,D,20250318,000000,0.459,0.463,0.45,0.462,79714,0
CAP,D,20250319,000000,0.463,0.463,0.45,0.45,48669,0
CAP,D,20250320,000000,0.458,0.461,0.45,0.457,112901,0
CAP,D,20250321,000000,0.457,0.46,0.45,0.456,27935,0
CAP,D,20250324,000000,0.456,0.461,0.45,0.461,42980,0
CAP,D,20250325,000000,0.463,0.463,0.45,0.458,58381,0
CAP,D,20250326,000000,0.457,0.458,0.45,0.457,27581,0
CAP,D,20250327,000000,0.457,0.457,0.45,0.457,61767,0
CAP,D,20250328,000000,0.451,0.46,0.45,0.458,30138,0
CAP,D,20250331,000000,0.458,0.458,0.452,0.458,79274,0
CAP,D,20250401,000000,0.458,0.466,0.452,0.461,48469,0
CAP,D,20250402,000000,0.46,0.461,0.45,0.457,57326,0
CAP,D,20250403,000000,0.457,0.457,0.445,0.455,204346,0
CAP,D,20250404,000000,0.454,0.454,0.423,0.447,94779,0
CAP,D,20250407,000000,0.438,0.439,0.395,0.439,159764,0
CAP,D,20250408,000000,0.439,0.448,0.432,0.448,83896,0
CAP,D,20250409,000000,0.436,0.454,0.4355,0.445,62594,0
CAP,D,20250410,000000,0.448,0.454,0.444,0.452,22975,0
CAP,D,20250411,000000,0.4515,0.4525,0.437,0.447,48040,0
CAP,D,20250414,000000,0.447,0.456,0.44,0.456,150123,0
CAP,D,20250415,000000,0.452,0.456,0.439,0.444,138614,0
CAP,D,20250416,000000,0.45,0.4615,0.45,0.459,92685,0
CAP,D,20250417,000000,0.4515,0.458,0.444,0.4525,38237,0
CAP,D,20250422,000000,0.4525,0.4525,0.44,0.4485,85226,0
CAP,D,20250423,000000,0.448,0.448,0.4355,0.444,96625,0
CAP,D,20250424,000000,0.4365,0.445,0.4365,0.4445,49105,0
CAP,D,20250425,000000,0.444,0.4445,0.4325,0.441,85698,0
CAP,D,20250428,000000,0.441,0.442,0.432,0.434,30349,0
CAP,D,20250429,000000,0.441,0.4435,0.4355,0.4435,37195,0
CAP,D,20250430,000000,0.4405,0.454,0.4405,0.454,71154,0
CAP,D,20250502,000000,0.4535,0.454,0.44,0.453,44423,0
CAP,D,20250505,000000,0.453,0.453,0.4435,0.452,37748,0
CAP,D,20250506,000000,0.45,0.453,0.444,0.4495,22243,0
CAP,D,20250507,000000,0.4495,0.458,0.4445,0.4575,129588,0
CAP,D,20250508,000000,0.451,0.458,0.4485,0.457,69372,0
CAP,D,20250509,000000,0.4565,0.4575,0.45,0.457,40555,0
CAP,D,20250512,000000,0.4565,0.4565,0.4475,0.454,59084,0
CAP,D,20250513,000000,0.455,0.455,0.449,0.455,42977,0
CAP,D,20250514,000000,0.4555,0.66,0.4555,0.66,4952051,0
CAP,D,20250515,000000,0.67,0.67,0.56,0.569,3199105,0
CAP,D,20250516,000000,0.555,0.573,0.512,0.531,1741083,0
CAP,D,20250519,000000,0.53,0.53,0.483,0.499,1743625,0
CAP,D,20250520,000000,0.51,0.522,0.488,0.5,350399,0
CAP,D,20250521,000000,0.52,0.529,0.483,0.492,740339,0
CAP,D,20250522,000000,0.483,0.4985,0.48,0.498,127937,0
CAP,D,20250523,000000,0.4985,0.4985,0.48,0.485,230395,0
CAP,D,20250526,000000,0.4805,0.4805,0.46,0.475,486049,0
CAP,D,20250527,000000,0.475,0.487,0.466,0.48,85547,0
CAP,D,20250528,000000,0.4795,0.49,0.47,0.486,149881,0
CAP,D,20250529,000000,0.487,0.4885,0.461,0.478,128805,0
CAP,D,20250530,000000,0.4685,0.487,0.465,0.487,62778,0
CAP,D,20250602,000000,0.4865,0.49,0.461,0.48,171553,0
CAP,D,20250603,000000,0.486,0.4985,0.4835,0.4835,151281,0
CAP,D,20250604,000000,0.492,0.4945,0.4745,0.483,93578,0
CAP,D,20250605,000000,0.4945,0.4945,0.467,0.48,79034,0
CAP,D,20250606,000000,0.4805,0.489,0.4665,0.482,92216,0
CAP,D,20250609,000000,0.4815,0.4815,0.4685,0.4775,71029,0
CAP,D,20250610,000000,0.47,0.4845,0.47,0.473,107692,0
CAP,D,20250611,000000,0.47,0.47,0.462,0.4695,79144,0
CAP,D,20250612,000000,0.4695,0.47,0.462,0.469,61332,0
CAP,D,20250613,000000,0.463,0.4725,0.4625,0.4725,59671,0
CAP,D,20250616,000000,0.464,0.4835,0.464,0.4825,89579,0
CAP,D,20250617,000000,0.482,0.484,0.475,0.4825,105705,0
CAP,D,20250618,000000,0.475,0.483,0.47,0.4815,53881,0
CAP,D,20250620,000000,0.4715,0.481,0.4705,0.4795,76709,0
CAP,D,20250623,000000,0.479,0.487,0.472,0.4835,81243,0
CAP,D,20250624,000000,0.476,0.4835,0.47,0.4805,81928,0
CAP,D,20250625,000000,0.474,0.4795,0.4725,0.479,16005,0
CAP,D,20250626,000000,0.474,0.478,0.4625,0.472,101535,0
CAP,D,20250627,000000,0.472,0.472,0.463,0.4645,27546,0
CAP,D,20250630,000000,0.47,0.4715,0.459,0.4665,170190,0
CAP,D,20250701,000000,0.4665,0.4675,0.456,0.466,120182,0
CAP,D,20250702,000000,0.461,0.4665,0.454,0.4665,68525,0
CAP,D,20250703,000000,0.458,0.467,0.457,0.467,52807,0
CAP,D,20250704,000000,0.467,0.477,0.467,0.475,91310,0
CAP,D,20250707,000000,0.475,0.477,0.471,0.477,32983,0
CAP,D,20250708,000000,0.467,0.48,0.467,0.4785,127793,0
CAP,D,20250709,000000,0.4785,0.4795,0.4685,0.4765,133812,0
CAP,D,20250710,000000,0.4765,0.4775,0.469,0.475,121910,0
CAP,D,20250711,000000,0.47,0.476,0.4645,0.474,75997,0
CAP,D,20250714,000000,0.4705,0.475,0.4655,0.475,90168,0
CAP,D,20250715,000000,0.467,0.474,0.46,0.469,155675,0
CAP,D,20250716,000000,0.461,0.473,0.46,0.4685,90135,0
CAP,D,20250717,000000,0.469,0.4745,0.46,0.46,459073,0
CAP,D,20250718,000000,0.4675,0.4675,0.45,0.464,143191,0
CAP,D,20250721,000000,0.464,0.466,0.454,0.463,94904,0
CAP,D,20250722,000000,0.4625,0.467,0.459,0.464,80740,0
CAP,D,20250723,000000,0.46,0.46,0.453,0.46,120583,0
CAP,D,20250724,000000,0.4545,0.46,0.441,0.457,203847,0
CAP,D,20250725,000000,0.455,0.4595,0.444,0.4595,113173,0
CAP,D,20250728,000000,0.4545,0.4595,0.449,0.4545,43591,0
CAP,D,20250729,000000,0.456,0.457,0.4505,0.457,20152,0
CAP,D,20250730,000000,0.45,0.454,0.448,0.454,84276,0
CAP,D,20250731,000000,0.448,0.4515,0.438,0.45,126534,0
CAP,D,20250801,000000,0.45,0.45,0.445,0.4495,20112,0
CAP,D,20250804,000000,0.4495,0.453,0.4455,0.452,15605,0
CAP,D,20250805,000000,0.446,0.453,0.438,0.4475,72178,0
CAP,D,20250806,000000,0.448,0.4495,0.432,0.448,64722,0
CAP,D,20250807,000000,0.44,0.452,0.438,0.4495,97202,0
CAP,D,20250808,000000,0.4495,0.451,0.4435,0.45,46986,0
CAP,D,20250811,000000,0.451,0.451,0.439,0.449,84067,0
CAP,D,20250812,000000,0.444,0.449,0.44,0.4485,15866,0
CAP,D,20250813,000000,0.448,0.4505,0.4475,0.4505,16857,0
CAP,D,20250814,000000,0.442,0.451,0.44,0.45,18540,0
CAP,D,20250818,000000,0.45,0.451,0.446,0.45,27766,0
CAP,D,20250819,000000,0.445,0.4525,0.441,0.45,35045,0
CAP,D,20250820,000000,0.45,0.4515,0.444,0.4515,27556,0
CAP,D,20250821,000000,0.445,0.452,0.444,0.45,26437,0
CAP,D,20250822,000000,0.445,0.452,0.43,0.45,214452,0
CAP,D,20250825,000000,0.433,0.4495,0.433,0.4495,43850,0
CAP,D,20250826,000000,0.4405,0.4405,0.429,0.432,367517,0
CAP,D,20250827,000000,0.4395,0.4425,0.43,0.439,122988,0
CAP,D,20250828,000000,0.4385,0.4415,0.4295,0.4395,80645,0
CAP,D,20250829,000000,0.439,0.447,0.434,0.439,135844,0
CAP,D,20250901,000000,0.4395,0.44,0.423,0.439,181402,0
CAP,D,20250902,000000,0.439,0.44,0.4355,0.44,28896,0
CAP,D,20250903,000000,0.4395,0.44,0.43,0.438,120297,0
CAP,D,20250904,000000,0.434,0.439,0.43,0.435,173822,0
CAP,D,20250905,000000,0.437,0.4415,0.4305,0.4415,192490,0
CAP,D,20250908,000000,0.4315,0.44,0.431,0.439,100242,0
CAP,D,20250909,000000,0.431,0.439,0.405,0.43,364078,0
CAP,D,20250910,000000,0.425,0.436,0.421,0.436,85621,0
CAP,D,20250911,000000,0.4305,0.4385,0.4265,0.43,68952,0
CAP,D,20250912,000000,0.436,0.44,0.431,0.438,68394,0
CAP,D,20250915,000000,0.438,0.438,0.42,0.436,63010,0
CAP,D,20250916,000000,0.43,0.4355,0.422,0.4335,122839,0
CAP,D,20250917,000000,0.431,0.431,0.4205,0.429,230149,0
CAP,D,20250918,000000,0.4225,0.43,0.42,0.4275,212528,0
CAP,D,20250919,000000,0.428,0.428,0.42,0.428,128210,0
CAP,D,20250922,000000,0.428,0.431,0.4215,0.429,21406,0
CAP,D,20250923,000000,0.4215,0.43,0.4195,0.4195,127692,0
CAP,D,20250924,000000,0.4205,0.428,0.42,0.425,68017,0
CAP,D,20250925,000000,0.421,0.427,0.421,0.427,65556,0
CAP,D,20250926,000000,0.425,0.426,0.418,0.426,33114,0
CAP,D,20250929,000000,0.4255,0.4255,0.416,0.423,39266,0
CAP,D,20250930,000000,0.416,0.419,0.402,0.416,195956,0
CAP,D,20251001,000000,0.4075,0.416,0.4065,0.4135,30277,0
CAP,D,20251002,000000,0.4135,0.42,0.411,0.4185,37027,0
CAP,D,20251003,000000,0.4185,0.419,0.4185,0.419,9750,0
CAP,D,20251006,000000,0.415,0.419,0.415,0.418,22600,0
CAP,D,20251007,000000,0.415,0.419,0.411,0.418,35638,0
CAP,D,20251008,000000,0.41,0.4165,0.4065,0.414,34519,0
CAP,D,20251009,000000,0.414,0.414,0.407,0.4125,65250,0
CAP,D,20251010,000000,0.412,0.413,0.408,0.412,55756,0
CAP,D,20251013,000000,0.406,0.4125,0.406,0.412,96124,0
CAP,D,20251014,000000,0.412,0.412,0.4045,0.4055,94095,0
CAP,D,20251015,000000,0.404,0.4115,0.404,0.4115,6170,0
CAP,D,20251016,000000,0.4105,0.411,0.4075,0.41,12517,0
CAP,D,20251017,000000,0.4105,0.4105,0.402,0.4095,28103,0
CAP,D,20251020,000000,0.41,0.41,0.4055,0.409,21329,0
CAP,D,20251021,000000,0.4055,0.4095,0.4,0.406,169051,0
CAP,D,20251022,000000,0.402,0.406,0.396,0.401,223897,0
CAP,D,20251023,000000,0.401,0.406,0.3995,0.4055,56186,0
CAP,D,20251024,000000,0.4055,0.4065,0.3965,0.3985,87385,0
CAP,D,20251027,000000,0.3985,0.4035,0.396,0.4,24435,0
CAP,D,20251028,000000,0.4,0.4,0.3925,0.3985,86143,0
CAP,D,20251029,000000,0.3925,0.3985,0.39,0.398,104162,0
CAP,D,20251030,000000,0.387,0.4235,0.387,0.4235,423626,0
CAP,D,20251031,000000,0.412,0.43,0.4115,0.4245,144669,0
CAP,D,20251103,000000,0.4245,0.43,0.4125,0.429,97874,0
CAP,D,20251104,000000,0.4285,0.43,0.416,0.4275,45250,0
CAP,D,20251105,000000,0.427,0.429,0.416,0.425,57075,0
CAP,D,20251106,000000,0.425,0.4295,0.4215,0.429,81400,0
CAP,D,20251107,000000,0.429,0.429,0.401,0.42,92954,0
CAP,D,20251110,000000,0.42,0.425,0.41,0.4195,67616,0
CAP,D,20251112,000000,0.42,0.42,0.38,0.4095,402198,0
CAP,D,20251113,000000,0.409,0.4095,0.38,0.385,824868,0
CAP,D,20251114,000000,0.39,0.399,0.38,0.393,265765,0
CAP,D,20251117,000000,0.391,0.393,0.383,0.393,46880,0
CAP,D,20251118,000000,0.395,0.396,0.382,0.3865,99396,0
CAP,D,20251119,000000,0.391,0.391,0.379,0.386,132034,0
CAP,D,20251120,000000,0.386,0.3895,0.3765,0.3895,51063,0
CAP,D,20251121,000000,0.3895,0.3895,0.378,0.385,120602,0
CAP,D,20251124,000000,0.3865,0.3865,0.377,0.3855,78859,0
CAP,D,20251125,000000,0.386,0.386,0.377,0.384,66236,0
CAP,D,20251126,000000,0.3845,0.3845,0.37,0.38,245076,0
CAP,D,20251127,000000,0.38,0.388,0.371,0.38,100368,0
CAP,D,20251128,000000,0.377,0.378,0.363,0.371,182224,0
CAP,D,20251201,000000,0.372,0.375,0.361,0.361,112453,0
CAP,D,20251202,000000,0.364,0.3735,0.36,0.3685,88857,0
CAP,D,20251203,000000,0.3695,0.3725,0.3635,0.37,81078,0
CAP,D,20251204,000000,0.372,0.3735,0.3615,0.371,70487,0
CAP,D,20251205,000000,0.3705,0.3705,0.3615,0.3705,10450,0
CAP,D,20251208,000000,0.3705,0.3705,0.36,0.369,120193,0
CAP,D,20251209,000000,0.3675,0.3675,0.36,0.3675,57995,0
CAP,D,20251210,000000,0.367,0.367,0.358,0.358,133430,0
CAP,D,20251211,000000,0.3615,0.3645,0.356,0.36,213279,0
CAP,D,20251212,000000,0.36,0.3605,0.3565,0.3565,126174,0
CAP,D,20251215,000000,0.36,0.3615,0.355,0.359,297350,0
CAP,D,20251216,000000,0.358,0.358,0.351,0.354,164060,0
CAP,D,20251217,000000,0.331,0.35,0.331,0.341,341428,0
CAP,D,20251218,000000,0.341,0.349,0.34,0.348,149315,0
CAP,D,20251219,000000,0.3485,0.349,0.34,0.348,199214,0
CAP,D,20251222,000000,0.3475,0.351,0.3405,0.3485,433800,0
CAP,D,20251223,000000,0.341,0.3485,0.338,0.338,327912,0
CAP,D,20251229,000000,0.34,0.3445,0.338,0.338,74552,0
CAP,D,20251230,000000,0.34,0.344,0.3215,0.3215,829024,0
CAP,D,20260102,000000,0.318,0.3355,0.318,0.326,245411,0
CAP,D,20260105,000000,0.33,0.3335,0.3185,0.322,139772,0
CAP,D,20260107,000000,0.3225,0.3255,0.315,0.316,445980,0
CAP,D,20260108,000000,0.317,0.322,0.312,0.322,131962,0
CAP,D,20260109,000000,0.3215,0.3215,0.315,0.319,167851,0
CAP,D,20260112,000000,0.3195,0.325,0.316,0.324,126924,0
CAP,D,20260113,000000,0.3275,0.3385,0.32,0.329,652451,0
CAP,D,20260114,000000,0.325,0.327,0.317,0.327,233680,0
CAP,D,20260115,000000,0.329,0.335,0.3235,0.333,238709,0
CAP,D,20260116,000000,0.33,0.332,0.326,0.332,128587,0
CAP,D,20260119,000000,0.3315,0.3315,0.3,0.3055,1101223,0
CAP,D,20260120,000000,0.307,0.32,0.3005,0.307,511948,0
CAP,D,20260121,000000,0.314,0.314,0.3035,0.308,113721,0
CAP,D,20260122,000000,0.309,0.314,0.307,0.314,126268,0
CAP,D,20260123,000000,0.315,0.323,0.315,0.319,189875,0
CAP,D,20260126,000000,0.315,0.332,0.3125,0.329,367902,0
CAP,D,20260127,000000,0.33,0.33,0.317,0.329,103642,0
CAP,D,20260128,000000,0.3275,0.3275,0.3165,0.325,109252,0
CAP,D,20260129,000000,0.325,0.325,0.31,0.318,75809,0
CAP,D,20260130,000000,0.3175,0.3175,0.309,0.315,57622,0
CAP,D,20260202,000000,0.316,0.316,0.309,0.3155,19829,0
CAP,D,20260203,000000,0.316,0.3285,0.316,0.32,147265,0
CAP,D,20260204,000000,0.32,0.3245,0.3125,0.3215,38327,0
CAP,D,20260205,000000,0.322,0.322,0.312,0.3125,53509,0
CAP,D,20260206,000000,0.312,0.3185,0.3095,0.3095,41154,0
CAP,D,20260209,000000,0.309,0.315,0.309,0.314,80810,0
CAP,D,20260210,000000,0.3145,0.3145,0.309,0.314,76562,0
CAP,D,20260211,000000,0.314,0.319,0.3105,0.3145,22430,0
CAP,D,20260212,000000,0.3185,0.326,0.3185,0.326,136238,0
CAP,D,20260213,000000,0.322,0.334,0.322,0.334,138842,0
CAP,D,20260216,000000,0.321,0.335,0.32,0.333,78312,0
CAP,D,20260217,000000,0.332,0.347,0.327,0.343,317930,0
CAP,D,20260218,000000,0.34,0.452,0.34,0.452,2626668,0
CAP,D,20260219,000000,0.4335,0.517,0.3995,0.4765,4599580,0
CAP,D,20260220,000000,0.478,0.4935,0.443,0.45,2121120,0
CAP,D,20260223,000000,0.46,0.467,0.444,0.462,1059313,0
CAP,D,20260224,000000,0.462,0.4635,0.43,0.431,1083237,0
CAP,D,20260225,000000,0.439,0.439,0.422,0.424,316082,0
CAP,D,20260226,000000,0.4285,0.436,0.4105,0.414,628695,0
CAP,D,20260227,000000,0.423,0.423,0.4,0.4135,400481,0
CAP,D,20260302,000000,0.41,0.429,0.3905,0.4235,768333,0
CAP,D,20260303,000000,0.429,0.429,0.403,0.415,260607,0
CAP,D,20260304,000000,0.415,0.419,0.411,0.417,61784,0
CAP,D,20260305,000000,0.414,0.419,0.4045,0.406,253346,0
CAP,D,20260306,000000,0.413,0.413,0.3965,0.4,91736,0
CAP,D,20260309,000000,0.393,0.407,0.3925,0.4,214450,0
CAP,D,20260310,000000,0.404,0.41,0.3955,0.41,100797,0
CAP,D,20260311,000000,0.41,0.417,0.405,0.415,76371,0
CAP,D,20260312,000000,0.415,0.415,0.3905,0.398,406618,0
CAP,D,20260313,000000,0.392,0.4075,0.392,0.405,130724,0
CAP,D,20260316,000000,0.429,0.521,0.429,0.521,5415101,0
CAP,D,20260317,000000,0.523,0.604,0.505,0.525,7598097,0
CAP,D,20260318,000000,0.52,0.532,0.5,0.52,670113,0
CAP,D,20260319,000000,0.52,0.589,0.505,0.576,2437281,0
CAP,D,20260320,000000,0.58,0.633,0.553,0.572,3137568,0
CAP,D,20260323,000000,0.56,0.599,0.551,0.584,1809636,0
CAP,D,20260324,000000,0.578,0.62,0.572,0.609,736859,0
CAP,D,20260325,000000,0.58,0.749,0.575,0.672,4977638,0
CAP,D,20260326,000000,0.69,0.78,0.66,0.72,3613107,0
CAP,D,20260327,000000,0.72,0.73,0.67,0.687,800472,0
CAP,D,20260330,000000,0.689,0.84,0.689,0.84,2849165,0
CAP,D,20260331,000000,0.83,0.913,0.762,0.854,3351298,0
CAP,D,20260401,000000,0.886,0.968,0.734,0.758,3820807,0
CAP,D,20260402,000000,0.74,0.806,0.67,0.7,2878654,0
CAP,D,20260407,000000,0.674,0.71,0.58,0.63,3806716,0
CAP,D,20260408,000000,0.6,0.624,0.578,0.578,1316217,0
CAP,D,20260409,000000,0.58,0.628,0.564,0.596,980522,0
CAP,D,20260410,000000,0.598,0.686,0.598,0.68,1474476,0
CAP,D,20260413,000000,0.656,0.71,0.652,0.71,1042287,0
CAP,D,20260414,000000,0.71,0.744,0.7,0.72,732864,0
CAP,D,20260415,000000,0.724,0.736,0.67,0.732,868678,0
CAP,D,20260416,000000,0.734,0.74,0.696,0.702,343057,0
CAP,D,20260417,000000,0.696,0.734,0.68,0.69,1099879,0
CAP,D,20260420,000000,0.686,0.698,0.618,0.622,1343931,0
CAP,D,20260421,000000,0.62,0.628,0.554,0.554,1342865,0
CAP,D,20260422,000000,0.554,0.568,0.516,0.526,1038652,0
CAP,D,20260423,000000,0.534,0.548,0.518,0.54,518516,0
CAP,D,20260424,000000,0.538,0.61,0.538,0.564,1339637,0
CAP,D,20260427,000000,0.576,0.588,0.554,0.568,317946,0
CAP,D,20260428,000000,0.558,0.566,0.524,0.524,396325,0
CAP,D,20260429,000000,0.52,0.54,0.518,0.528,178323,0
CAP,D,20260430,000000,0.526,0.56,0.506,0.552,302392,0
CAP,D,20260504,000000,0.546,0.568,0.52,0.528,302543,0
CAP,D,20260505,000000,0.528,0.536,0.512,0.536,163070,0
CAP,D,20260506,000000,0.522,0.53,0.518,0.528,133899,0
CAP,D,20260507,000000,0.518,0.538,0.518,0.528,160467,0
CAP,D,20260508,000000,0.528,0.564,0.52,0.564,279044,0
CAP,D,20260511,000000,0.572,0.574,0.548,0.562,54150,0
CAP,D,20260512,000000,0.55,0.55,0.495,0.495,1101929,0
CAP,D,20260513,000000,0.5,0.5,0.457,0.491,705903,0
CAP,D,20260514,000000,0.491,0.516,0.479,0.49,803378,0
CAP,D,20260515,000000,0.494,0.494,0.475,0.486,100489,0
CAP,D,20260518,000000,0.472,0.486,0.472,0.478,80560,0
CAP,D,20260519,000000,0.473,0.485,0.473,0.478,120074,0
CAP,D,20260520,000000,0.475,0.475,0.44,0.456,584844,0
CAP,D,20260521,000000,0.451,0.477,0.44,0.458,688593,0
CAP,D,20260522,000000,0.459,0.459,0.442,0.445,186888,0
CAP,D,20260525,000000,0.44,0.452,0.418,0.443,315834,0
CAP,D,20260526,000000,0.447,0.451,0.43,0.448,82197,0
CAP,D,20260527,000000,0.45,0.458,0.429,0.446,314161,0
CAP,D,20260528,000000,0.435,0.45,0.43,0.44,467863,0
CAP,D,20260529,000000,0.44,0.465,0.44,0.46,453280,0
CAP,D,20260601,000000,0.454,0.454,0.42,0.432,336825,0
CAP,D,20260602,000000,0.432,0.44,0.418,0.42,340530,0
CAP,D,20260603,000000,0.42,0.432,0.413,0.429,230252,0
CAP,D,20260605,000000,0.417,0.435,0.417,0.434,102811,0
CAP,D,20260608,000000,0.424,0.43,0.421,0.43,7680,0
CAP,D,20260609,000000,0.43,0.438,0.422,0.438,58591,0
CAP,D,20260610,000000,0.437,0.446,0.42,0.43,220877,0
CAP,D,20260611,000000,0.426,0.438,0.426,0.438,36800,0
CAP,D,20260612,000000,0.431,0.442,0.42,0.439,488419,0
CAP,D,20260615,000000,0.441,0.458,0.439,0.449,302564,0
CAP,D,20260616,000000,0.45,0.45,0.426,0.434,322110,0
CAP,D,20260617,000000,0.434,0.444,0.42,0.43,235862,0
CAP,D,20260618,000000,0.424,0.43,0.424,0.429,85118,0
CAP,D,20260619,000000,0.432,0.438,0.43,0.437,184885,0
CAP,D,20260622,000000,0.432,0.44,0.43,0.44,91194,0
CAP,D,20260623,000000,0.435,0.44,0.431,0.438,56891,0
CAP,D,20260624,000000,0.433,0.438,0.43,0.436,36637,0
CAP,D,20260625,000000,0.43,0.44,0.428,0.44,23438,0
CAP,D,20260626,000000,0.44,0.44,0.43,0.438,33348,0
CAP,D,20260629,000000,0.431,0.438,0.43,0.435,25391,0
CAP,D,20260630,000000,0.435,0.439,0.43,0.437,77342,0
CAP,D,20260701,000000,0.436,0.437,0.433,0.437,37198,0
CAP,D,20260702,000000,0.437,0.437,0.433,0.436,17740,0
CAP,D,20260703,000000,0.433,0.435,0.42,0.425,121055,0
CAP,D,20260706,000000,0.425,0.427,0.42,0.426,24399,0
CAP,D,20260707,000000,0.425,0.427,0.422,0.427,22367,0
CAP,D,20260708,000000,0.427,0.429,0.423,0.429,20820,0
CAP,D,20260709,000000,0.423,0.429,0.42,0.425,26906,0
CAP,D,20260710,000000,0.425,0.439,0.425,0.439,48501,0
CAP,D,20260713,000000,0.44,0.52,0.434,0.52,1382972,0
CAP,D,20260714,000000,0.53,0.55,0.479,0.489,826052,0
CAP,D,20260715,000000,0.489,0.5,0.47,0.481,480738,0
CAP,D,20260716,000000,0.481,0.481,0.45,0.46,391687,0
CAP,D,20260717,000000,0.466,0.466,0.44,0.445,265385,0
CAP,D,20260720,000000,0.45,0.475,0.45,0.462,276795,0
CAP,D,20260721,000000,0.45,0.467,0.45,0.465,85535,0
CAP,D,20260722,000000,0.464,0.464,0.434,0.449,297432,0
CAP,D,20260723,000000,0.448,0.448,0.434,0.448,77281,0
CAP,D,20260724,000000,0.437,0.448,0.43,0.439,361232,0
CAP,D,20260727,000000,0.43,0.438,0.43,0.432,20918,0
CAP,D,20260728,000000,0.432,0.438,0.43,0.438,54400,0
CAP,D,20260729,000000,0.438,0.455,0.438,0.452,112094,0
CAP,D,20260730,000000,0.452,0.457,0.44,0.457,56887,0
CAP,D,20260731,000000,0.457,0.458,0.445,0.454,29342,0
CAP,D,20260803,000000,0.454,0.456,0.443,0.45,22130,0
CAP,D,20260804,000000,0.45,0.45,0.43,0.443,123422,0
CAP,D,20260805,000000,0.443,0.448,0.434,0.44,44101,0
CAP,D,20260806,000000,0.44,0.447,0.437,0.443,23939,0
CAP,D,20260807,000000,0.443,0.454,0.43,0.431,437329,0
CAP,D,20260810,000000,0.439,0.446,0.43,0.439,417665,0
CAP,D,20260811,000000,0.439,0.449,0.435,0.447,167359,0
CAP,D,20260812,000000,0.449,0.454,0.442,0.45,115551,0
CAP,D,20260813,000000,0.453,0.453,0.444,0.453,129675,0
CAP,D,20260814,000000,0.446,0.464,0.441,0.46,273237,0
CAP,D,20260817,000000,0.468,0.489,0.45,0.45,640814,0
CAP,D,20260818,000000,0.463,0.463,0.45,0.459,200990,0
