<TICKER>,<PER>,<DATE>,<TIME>,<OPEN>,<HIGH>,<LOW>,<CLOSE>,<VOL>,<OPENINT>
CAV,D,20210723,000000,23.9,25.2,23.715,24.99,185139,0
CAV,D,20210726,000000,24.65,24.9,24.115,24.4,7562,0
CAV,D,20210727,000000,24.5,24.5,24.205,24.3,6226,0
CAV,D,20210728,000000,24.2,24.4,24.015,24.02,4125,0
CAV,D,20210729,000000,24,24,23.7,23.85,8863,0
CAV,D,20210730,000000,23.8,24.15,23.72,23.82,5994,0
CAV,D,20210802,000000,24.095,25,24.095,24.78,5075,0
CAV,D,20210803,000000,24.78,25.1,24.51,24.99,9179,0
CAV,D,20210804,000000,24.61,25,24.5,24.8,2883,0
CAV,D,20210805,000000,24.8,24.8,24.17,24.73,8658,0
CAV,D,20210806,000000,24.31,24.5,24.3,24.4,1335,0
CAV,D,20210809,000000,24.4,24.5,24.04,24.05,1870,0
CAV,D,20210810,000000,24.2,24.25,22.02,24,6772,0
CAV,D,20210811,000000,24.5,25.25,23.8,24.24,3140,0
CAV,D,20210812,000000,24.46,24.46,24.2,24.4,1035,0
CAV,D,20210813,000000,24.35,24.4,24,24.2,1025,0
CAV,D,20210816,000000,24.3,24.3,24,24.05,1463,0
CAV,D,20210817,000000,24,24.1,23.85,24.1,8866,0
CAV,D,20210818,000000,24.2,24.25,24,24.1,1814,0
CAV,D,20210819,000000,24.1,24.15,24,24.1,1139,0
CAV,D,20210820,000000,24.1,24.205,24.1,24.2,1336,0
CAV,D,20210823,000000,24.15,24.3,24,24,4865,0
CAV,D,20210824,000000,24,24.1,24,24,1061,0
CAV,D,20210825,000000,24.05,24.2,24,24,848,0
CAV,D,20210826,000000,24.2,24.3,24.1,24.3,580,0
CAV,D,20210827,000000,24.35,24.35,24.15,24.35,136,0
CAV,D,20210830,000000,24.45,24.45,24.15,24.15,1407,0
CAV,D,20210831,000000,24.15,24.62,24.15,24.59,7842,0
CAV,D,20210901,000000,24.59,24.69,24.25,24.25,753,0
CAV,D,20210902,000000,24.25,24.45,24.05,24.45,490,0
CAV,D,20210903,000000,24.15,24.45,24.15,24.15,163,0
CAV,D,20210906,000000,24.44,24.55,24.4,24.55,13788,0
CAV,D,20210907,000000,24.54,24.79,24.5,24.79,3788,0
CAV,D,20210908,000000,24.7,24.99,24.5,24.99,6009,0
CAV,D,20210909,000000,24.99,25,24.65,25,4509,0
CAV,D,20210910,000000,24.95,24.95,24.24,24.7,477,0
CAV,D,20210913,000000,24.54,24.6,24.4,24.6,509,0
CAV,D,20210914,000000,24.55,24.55,24.1,24.11,536,0
CAV,D,20210915,000000,24.12,24.5,24.105,24.105,1466,0
CAV,D,20210916,000000,24.105,24.44,24,24,804,0
CAV,D,20210917,000000,24.4,24.4,24,24.395,1403,0
CAV,D,20210920,000000,24,24.29,23.55,24.185,1168,0
CAV,D,20210921,000000,23.56,24.18,23.56,23.89,834,0
CAV,D,20210922,000000,23.6,24,23.6,23.7,3695,0
CAV,D,20210923,000000,23.96,24.01,23.95,24.01,1533,0
CAV,D,20210924,000000,24,24.25,23.7,24,655,0
CAV,D,20210927,000000,23.65,24.24,23.65,24.24,189,0
CAV,D,20210928,000000,23.65,24.24,23.65,24.24,1022,0
CAV,D,20210929,000000,23.55,24.2,23.55,24.2,136,0
CAV,D,20210930,000000,23.7,24.15,23.6,24,649,0
CAV,D,20211001,000000,23.85,23.85,23.6,23.6,902,0
CAV,D,20211004,000000,23.6,24,23.5,23.65,2201,0
CAV,D,20211005,000000,23.7,23.7,23.5,23.5,786,0
CAV,D,20211006,000000,23.5,23.5,23.1,23.5,2368,0
CAV,D,20211007,000000,23.45,24,23.1,24,3118,0
CAV,D,20211008,000000,23,24.2,23,24.2,3401,0
CAV,D,20211011,000000,24.245,24.3,23.65,24.1,2842,0
CAV,D,20211012,000000,24.2,24.7,24,24.7,13169,0
CAV,D,20211013,000000,24.8,25.55,24.75,25,56180,0
CAV,D,20211014,000000,25.19,25.19,24.5,25.1,6626,0
CAV,D,20211015,000000,25,25.17,24.6,24.95,1064,0
CAV,D,20211018,000000,24.95,25,24,25,4799,0
CAV,D,20211019,000000,24.8,24.8,24.2,24.2,789,0
CAV,D,20211020,000000,24.21,24.95,24.21,24.9,8,0
CAV,D,20211021,000000,24.9,24.9,24.2,24.2,575,0
CAV,D,20211022,000000,24.1,24.6,24,24.4,1427,0
CAV,D,20211025,000000,24.4,24.45,24,24,186,0
CAV,D,20211026,000000,24.11,25,24.11,24.7,3826,0
CAV,D,20211027,000000,24.71,24.71,24.7,24.7,300,0
CAV,D,20211028,000000,24.71,24.8,24.71,24.8,55,0
CAV,D,20211029,000000,24.31,25.1,24.31,25,12558,0
CAV,D,20211102,000000,25.1,25.15,24.52,25.13,4878,0
CAV,D,20211103,000000,24.52,25.095,24.52,25.05,797,0
CAV,D,20211104,000000,24.58,25.04,24.58,25,3522,0
CAV,D,20211105,000000,24.995,25.035,24.995,25,4953,0
CAV,D,20211108,000000,25,25,24.3,25,6163,0
CAV,D,20211109,000000,24.7,24.995,24.7,24.75,500,0
CAV,D,20211110,000000,25.02,25.02,24.9,24.9,16117,0
CAV,D,20211112,000000,24.56,24.6,24.56,24.56,205,0
CAV,D,20211115,000000,24.8,24.8,24.6,24.8,3124,0
CAV,D,20211116,000000,25,25,24.405,24.8,739,0
CAV,D,20211117,000000,24.8,24.8,24.4,24.795,3265,0
CAV,D,20211118,000000,24.785,24.8,24.4,24.66,30126,0
CAV,D,20211119,000000,24.6,24.6,23.54,24.5,2288,0
CAV,D,20211122,000000,24,24,23.55,23.96,10183,0
CAV,D,20211123,000000,23.6,23.9,23.6,23.9,191,0
CAV,D,20211124,000000,23.4,23.79,23.35,23.79,210,0
CAV,D,20211125,000000,23.79,23.84,22.205,23.4,3541,0
CAV,D,20211126,000000,22.6,24.1,22,24.1,5962,0
CAV,D,20211129,000000,22.7,24.8,22.7,24.8,3026,0
CAV,D,20211130,000000,24.8,24.8,23,23.28,9250,0
CAV,D,20211201,000000,24.18,24.8,23.27,24.8,5632,0
CAV,D,20211202,000000,23.585,24.79,23.31,24.3,3391,0
CAV,D,20211203,000000,24.25,24.25,24,24.24,91,0
CAV,D,20211206,000000,24.22,24.22,22.8,23.025,6454,0
CAV,D,20211207,000000,23.695,23.695,23.05,23.665,938,0
CAV,D,20211208,000000,23.015,23.4,23,23.395,2514,0
CAV,D,20211209,000000,23.295,23.295,22.6,23.165,619,0
CAV,D,20211210,000000,22.7,23.14,22.5,23.1,1063,0
CAV,D,20211213,000000,22.7,23.1,22.7,23.1,214,0
CAV,D,20211214,000000,23.1,23.1,22.365,22.97,160,0
CAV,D,20211215,000000,22.75,22.75,22,22.47,1885,0
CAV,D,20211216,000000,21.505,22.2,21.5,21.6,523,0
CAV,D,20211217,000000,21.6,22.195,21.51,21.98,3022,0
CAV,D,20211220,000000,22,22,21.565,21.565,514,0
CAV,D,20211221,000000,21.605,22,21.6,22,3490,0
CAV,D,20211222,000000,22,23,22,22.7,13165,0
CAV,D,20211223,000000,22.7,23.5,22.7,23,2349,0
CAV,D,20211227,000000,22.005,22.7,21.53,21.53,8057,0
CAV,D,20211228,000000,21.53,22.28,21.53,21.55,6933,0
CAV,D,20211229,000000,22.38,22.38,22.275,22.28,559,0
CAV,D,20211230,000000,22.26,22.26,22.18,22.18,1194,0
CAV,D,20220103,000000,21.555,22.18,21.555,22.09,285,0
CAV,D,20220104,000000,22.76,22.76,22.76,22.76,180,0
CAV,D,20220107,000000,21.68,22.5,21.68,22.48,154,0
CAV,D,20220110,000000,22.6,22.6,21.755,21.755,127,0
CAV,D,20220111,000000,22.475,22.475,21.75,22.2,191,0
CAV,D,20220112,000000,22.185,22.185,22.15,22.15,573,0
CAV,D,20220113,000000,22.16,22.2,22.16,22.2,1328,0
CAV,D,20220114,000000,21.755,25,21.755,24.6,22274,0
CAV,D,20220117,000000,23.84,24.395,23.84,24.2,556,0
CAV,D,20220118,000000,23.84,24.86,23.84,24.86,1526,0
CAV,D,20220119,000000,23.95,24.19,23.7,24.19,1220,0
CAV,D,20220120,000000,24.19,24.19,24.19,24.19,423,0
CAV,D,20220121,000000,24.01,24.01,23.5,23.5,948,0
CAV,D,20220124,000000,23.98,24.6,22.055,24,1813,0
CAV,D,20220125,000000,23.8,25,23.8,24.205,16576,0
CAV,D,20220126,000000,24.99,24.99,24.7,24.8,550,0
CAV,D,20220127,000000,24.96,24.96,24.1,24.67,112,0
CAV,D,20220128,000000,24.7,24.89,24.05,24.89,1309,0
CAV,D,20220131,000000,24.9,25.19,24.6,25.19,7633,0
CAV,D,20220201,000000,25,25,25,25,100,0
CAV,D,20220202,000000,24.68,25,24.67,24.99,253,0
CAV,D,20220203,000000,24.11,25.05,24.11,25.05,206,0
CAV,D,20220204,000000,24.95,25.1,24.21,25,273,0
CAV,D,20220207,000000,24.21,25,24.21,25,1793,0
CAV,D,20220209,000000,24.505,24.9,24.5,24.9,405,0
CAV,D,20220210,000000,24.5,25.07,24.5,25,8495,0
CAV,D,20220211,000000,25.005,25.05,25.005,25.005,800,0
CAV,D,20220214,000000,24.5,25.1,24.5,25.09,11206,0
CAV,D,20220215,000000,24.5,24.5,24.5,24.5,13,0
CAV,D,20220216,000000,25.09,25.09,25,25.09,115,0
CAV,D,20220217,000000,24.45,24.9,23.5,24.9,184,0
CAV,D,20220218,000000,23.22,24.9,23.22,24.77,30250,0
CAV,D,20220221,000000,24.9,24.9,23.2,23.4,883,0
CAV,D,20220222,000000,23.4,23.4,23.3,23.4,13428,0
CAV,D,20220223,000000,23.38,23.38,23.2,23.3,4990,0
CAV,D,20220224,000000,22.3,22.3,19.3,20,86032,0
CAV,D,20220225,000000,20,20.5,19.4,20,93507,0
CAV,D,20220228,000000,19.5,20.5,19.5,20.5,44611,0
CAV,D,20220301,000000,20.9,22,20.5,20.5,1625,0
CAV,D,20220302,000000,21.88,21.88,20,20,8269,0
CAV,D,20220303,000000,20,20,18.5,20,1831,0
CAV,D,20220304,000000,20,20,18.7,19.498,20348,0
CAV,D,20220307,000000,19,19,18.44,18.5,16147,0
CAV,D,20220308,000000,19,19,18.4,18.4,3004,0
CAV,D,20220309,000000,18.002,19,18.002,18.6,1942,0
CAV,D,20220310,000000,18.6,18.6,18.6,18.6,210,0
CAV,D,20220311,000000,18.5,19.5,18.5,19.2,3111,0
CAV,D,20220314,000000,19.02,19.95,18.32,18.99,1759,0
CAV,D,20220315,000000,18.496,19.4,18.21,19,8442,0
CAV,D,20220316,000000,18.8,19,18.8,19,2617,0
CAV,D,20220317,000000,19,19.3,19,19,8085,0
CAV,D,20220318,000000,19.5,19.788,19.4,19.788,3280,0
CAV,D,20220321,000000,19.98,20.46,19.98,20.19,236,0
CAV,D,20220322,000000,20,21,20,21,849,0
CAV,D,20220323,000000,21,21.845,21,21.4,3771,0
CAV,D,20220324,000000,20,21.495,20,21.35,349,0
CAV,D,20220325,000000,21,21.6,20.99,20.99,1394,0
CAV,D,20220328,000000,21,21.495,20.5,21,2908,0
CAV,D,20220329,000000,21,21,19.75,21,623,0
CAV,D,20220330,000000,20.995,21,20.995,21,799,0
CAV,D,20220331,000000,20.99,20.99,20.99,20.99,1055,0
CAV,D,20220401,000000,21.5,21.6,21.03,21.395,3547,0
CAV,D,20220404,000000,21.49,23.5,20.93,23.4,4318,0
CAV,D,20220405,000000,23.29,23.8,22.2,23.8,629,0
CAV,D,20220406,000000,22.25,23.99,22.25,23.8,1173,0
CAV,D,20220407,000000,23,23.85,22.5,23.79,1040,0
CAV,D,20220408,000000,23,23.55,22.5,23,461,0
CAV,D,20220411,000000,23,23.4,23,23,458,0
CAV,D,20220412,000000,21.73,23.14,21.73,23.14,99,0
CAV,D,20220413,000000,23.8,24.4,23,23,539,0
CAV,D,20220414,000000,22,22.8,21.5,22.1,3900,0
CAV,D,20220419,000000,22.3,22.3,22.3,22.3,162,0
CAV,D,20220420,000000,21.1,23,21.1,23,504,0
CAV,D,20220421,000000,21.1,22.9,21.1,22.8,673,0
CAV,D,20220425,000000,22,22,22,22,50,0
CAV,D,20220426,000000,22.1,22.5,21.5,22.5,543,0
CAV,D,20220427,000000,22.3,22.4,22.3,22.4,260,0
CAV,D,20220428,000000,20.9,22,20.9,22,408,0
CAV,D,20220429,000000,21.8,21.8,21.1,21.1,151,0
CAV,D,20220502,000000,20.9,21.6,20.9,20.9,574,0
CAV,D,20220504,000000,20.6,21.7,20.6,20.7,329,0
CAV,D,20220505,000000,20.6,21.7,20.6,21.6,1977,0
CAV,D,20220506,000000,22.6,22.6,21.9,21.9,61,0
CAV,D,20220509,000000,21.4,21.5,20.6,20.6,585,0
CAV,D,20220510,000000,21.2,21.2,20.7,20.7,650,0
CAV,D,20220511,000000,20.9,20.9,20.5,20.5,570,0
CAV,D,20220512,000000,20,20.9,19.3,20,1001,0
CAV,D,20220513,000000,20.9,20.9,20.4,20.7,1116,0
CAV,D,20220516,000000,19.75,21,19.75,20.5,1237,0
CAV,D,20220517,000000,19.8,21,19.8,20.7,1961,0
CAV,D,20220518,000000,20.1,20.9,20.1,20.9,308,0
CAV,D,20220519,000000,20,21.3,20,21.2,798,0
CAV,D,20220523,000000,20.6,20.6,20.5,20.5,244,0
CAV,D,20220525,000000,20,20.5,20,20.5,199,0
CAV,D,20220526,000000,19.8,20.8,19.8,20.8,188,0
CAV,D,20220527,000000,20,20.6,20,20.6,86,0
CAV,D,20220530,000000,19.8,20.6,19.8,20.2,451,0
CAV,D,20220531,000000,20.7,20.9,20.5,20.5,507,0
CAV,D,20220601,000000,20.9,20.9,20.9,20.9,8,0
CAV,D,20220602,000000,20.8,20.8,20.8,20.8,4,0
CAV,D,20220603,000000,20.4,20.9,20.4,20.9,19,0
CAV,D,20220607,000000,20.3,20.7,20.3,20.3,253,0
CAV,D,20220608,000000,20.4,20.9,20.4,20.9,324,0
CAV,D,20220609,000000,20.7,20.7,20.6,20.7,310,0
CAV,D,20220610,000000,20.7,20.7,20.7,20.7,244,0
CAV,D,20220613,000000,20.7,21.3,20.7,20.9,159,0
CAV,D,20220614,000000,20.5,21.2,20.5,21.1,2343,0
CAV,D,20220615,000000,21.1,21.1,21,21,112,0
CAV,D,20220617,000000,20,20,20,20,100,0
CAV,D,20220620,000000,20.8,20.8,20.8,20.8,20,0
CAV,D,20220624,000000,20.7,20.7,20.3,20.7,270,0
CAV,D,20220627,000000,20.7,21.3,20.7,21.3,910,0
CAV,D,20220628,000000,21,21.5,21,21.5,1008,0
CAV,D,20220629,000000,21.3,21.9,21.3,21.9,1989,0
CAV,D,20220630,000000,21.9,21.9,21.8,21.8,3153,0
CAV,D,20220701,000000,22.4,23.4,22.2,22.2,1185,0
CAV,D,20220704,000000,22.2,23.4,22.2,23.4,187,0
CAV,D,20220705,000000,22.8,22.8,22.8,22.8,80,0
CAV,D,20220706,000000,22.8,23.2,21.2,22.8,253,0
CAV,D,20220707,000000,22.8,23.2,21.9,21.9,158,0
CAV,D,20220708,000000,22.9,22.9,22.9,22.9,600,0
CAV,D,20220712,000000,21.5,22.5,21.5,22.5,132,0
CAV,D,20220713,000000,21.1,21.1,21.1,21.1,456,0
CAV,D,20220714,000000,22.2,22.2,20.3,21.5,215,0
CAV,D,20220715,000000,21.3,22.1,21.3,22.1,96,0
CAV,D,20220718,000000,21.9,22,20.3,22,158,0
CAV,D,20220719,000000,20.4,21.7,20.4,21.7,63,0
CAV,D,20220720,000000,21.7,21.7,20.5,21.3,825,0
CAV,D,20220721,000000,21.3,21.9,21.2,21.9,1306,0
CAV,D,20220722,000000,21.9,21.9,21.3,21.6,250,0
CAV,D,20220725,000000,21.3,21.8,21,21.7,1050,0
CAV,D,20220726,000000,21.6,21.6,21,21,377,0
CAV,D,20220727,000000,21.1,21.5,21.1,21.4,132,0
CAV,D,20220728,000000,21.3,21.3,21.3,21.3,35,0
CAV,D,20220729,000000,20.8,21.2,20.6,21.2,230,0
CAV,D,20220801,000000,21.2,21.2,21.2,21.2,200,0
CAV,D,20220802,000000,21.2,21.2,20.9,20.9,798,0
CAV,D,20220803,000000,21,21.5,21,21.5,1981,0
CAV,D,20220804,000000,21.7,21.9,21.5,21.8,3500,0
CAV,D,20220805,000000,21.5,21.9,21,21.9,1700,0
CAV,D,20220808,000000,21.9,21.9,21.9,21.9,65,0
CAV,D,20220809,000000,21.1,21.9,21.1,21.8,552,0
CAV,D,20220810,000000,21.9,21.9,20.9,21.5,339,0
CAV,D,20220811,000000,21.6,21.6,20.5,21.5,858,0
CAV,D,20220812,000000,21.4,21.8,21.4,21.8,1182,0
CAV,D,20220816,000000,21.8,21.9,20.6,21,3097,0
CAV,D,20220817,000000,20.9,21.5,20.6,21.5,845,0
CAV,D,20220818,000000,21.3,21.3,20.8,20.9,5306,0
CAV,D,20220819,000000,21.3,21.3,20.5,21,760,0
CAV,D,20220822,000000,20.9,20.9,20.8,20.9,16,0
CAV,D,20220823,000000,20.9,20.9,20.7,20.9,1150,0
CAV,D,20220824,000000,20.8,21.3,20.8,21,5137,0
CAV,D,20220825,000000,20.9,20.9,20.7,20.7,927,0
CAV,D,20220826,000000,20.7,21.7,20.5,21.7,3113,0
CAV,D,20220829,000000,20.9,21.3,20.7,20.9,1231,0
CAV,D,20220830,000000,21,21,20.4,20.7,2466,0
CAV,D,20220831,000000,20.7,20.7,20.3,20.7,1460,0
CAV,D,20220901,000000,20.6,20.7,20.2,20.3,631,0
CAV,D,20220902,000000,20.6,20.6,20.3,20.4,474,0
CAV,D,20220905,000000,20.3,21,20.3,21,146,0
CAV,D,20220906,000000,20.4,20.8,20.4,20.4,662,0
CAV,D,20220907,000000,20.3,20.7,20.1,20.7,426,0
CAV,D,20220908,000000,20.2,20.7,20,20.7,776,0
CAV,D,20220909,000000,20.2,20.7,20,20.7,1006,0
CAV,D,20220912,000000,20.8,20.8,20.8,20.8,51,0
CAV,D,20220913,000000,20.8,20.8,20.7,20.7,591,0
CAV,D,20220914,000000,20.1,20.9,20.1,20.8,154,0
CAV,D,20220916,000000,20.2,21.3,20.2,21.3,587,0
CAV,D,20220919,000000,20.9,20.9,20,20.7,430,0
CAV,D,20220920,000000,20.1,20.8,20.1,20.8,752,0
CAV,D,20220921,000000,20.5,20.7,20.5,20.7,71,0
CAV,D,20220922,000000,20.2,20.7,20,20,1180,0
CAV,D,20220923,000000,20,20,19.8,19.8,1961,0
CAV,D,20220926,000000,20.3,20.3,19.75,19.75,807,0
CAV,D,20220927,000000,19.35,19.75,19.25,19.4,1843,0
CAV,D,20220928,000000,19.05,19.05,18.15,18.9,4390,0
CAV,D,20220929,000000,18.3,20,17.4,20,4118,0
CAV,D,20220930,000000,20.1,20.9,19.5,19.5,1208,0
CAV,D,20221003,000000,19.6,20.6,18.65,20.4,1080,0
CAV,D,20221004,000000,19.5,20.5,19.5,20.4,432,0
CAV,D,20221005,000000,20,20,20,20,30,0
CAV,D,20221006,000000,20.3,20.3,20.2,20.2,68,0
CAV,D,20221007,000000,19.7,20.2,19.7,20.2,86,0
CAV,D,20221010,000000,19.7,19.7,19.6,19.6,72,0
CAV,D,20221011,000000,20,20.2,19.15,19.5,1454,0
CAV,D,20221012,000000,19.5,19.5,19,19.4,1499,0
CAV,D,20221013,000000,19.3,19.3,18.9,19.25,1217,0
CAV,D,20221014,000000,19.35,19.4,18.9,18.95,918,0
CAV,D,20221017,000000,19.1,19.1,19.1,19.1,1,0
CAV,D,20221018,000000,18.95,18.95,18.75,18.9,3220,0
CAV,D,20221019,000000,18.9,18.95,18.7,18.95,222,0
CAV,D,20221020,000000,18.65,18.85,18.5,18.85,2230,0
CAV,D,20221021,000000,18.8,18.8,18.6,18.75,124,0
CAV,D,20221024,000000,18.75,18.75,18.75,18.75,1,0
CAV,D,20221025,000000,18.4,18.5,18.2,18.2,1090,0
CAV,D,20221026,000000,18.6,18.6,18.6,18.6,70,0
CAV,D,20221027,000000,18.6,18.6,18.6,18.6,1,0
CAV,D,20221028,000000,18.6,19,18.2,18.2,1345,0
CAV,D,20221031,000000,18.85,18.9,18.75,18.75,40,0
CAV,D,20221102,000000,19.05,19.05,18.2,18.8,612,0
CAV,D,20221104,000000,18.85,19.1,18.85,19.1,1026,0
CAV,D,20221107,000000,19.1,19.25,19,19.25,678,0
CAV,D,20221108,000000,19.3,19.3,19.3,19.3,1,0
CAV,D,20221109,000000,18.55,19.45,18.55,19.45,225,0
CAV,D,20221110,000000,19.4,19.6,19.1,19.1,648,0
CAV,D,20221114,000000,19,19.8,19,19.75,738,0
CAV,D,20221115,000000,19.75,20.1,19.45,20,865,0
CAV,D,20221116,000000,19.45,20.1,19.45,20.1,74,0
CAV,D,20221117,000000,19.5,20.8,19.2,20.7,1525,0
CAV,D,20221118,000000,20,20.6,20,20.6,176,0
CAV,D,20221121,000000,20.6,20.6,20.6,20.6,8,0
CAV,D,20221122,000000,20.6,20.7,20.2,20.2,1102,0
CAV,D,20221123,000000,20.4,20.4,20.4,20.4,8,0
CAV,D,20221124,000000,20.4,20.4,20.4,20.4,126,0
CAV,D,20221125,000000,20.4,20.4,20.4,20.4,479,0
CAV,D,20221128,000000,20.7,20.7,20.7,20.7,2,0
CAV,D,20221129,000000,20.4,20.4,20.4,20.4,329,0
CAV,D,20221130,000000,20.5,20.6,20.5,20.6,3465,0
CAV,D,20221201,000000,20.6,20.6,20.5,20.5,660,0
CAV,D,20221202,000000,20.5,21.6,20.5,21.4,1684,0
CAV,D,20221205,000000,21,21.6,21,21.6,168,0
CAV,D,20221206,000000,21.5,21.5,21,21.4,1321,0
CAV,D,20221207,000000,21,21.6,21,21.6,18,0
CAV,D,20221208,000000,21,21.4,20.7,21.4,29,0
CAV,D,20221212,000000,21.5,21.5,21.5,21.5,49,0
CAV,D,20221213,000000,21.5,21.5,21.5,21.5,1,0
CAV,D,20221214,000000,20.7,21.6,20.7,21.6,275,0
CAV,D,20221215,000000,20.9,21.4,20.8,21.4,37,0
CAV,D,20221216,000000,20.6,21,20,21,1127,0
CAV,D,20221219,000000,21,21,21,21,1,0
CAV,D,20221220,000000,21,21,21,21,2,0
CAV,D,20221221,000000,21.2,21.5,21.2,21.2,97,0
CAV,D,20221222,000000,21.2,21.2,21.2,21.2,11,0
CAV,D,20221223,000000,21,21,20.9,20.9,35,0
CAV,D,20221227,000000,20.8,20.8,20,20.5,782,0
CAV,D,20221228,000000,19.9,19.9,19.7,19.7,215,0
CAV,D,20221229,000000,20.4,21,20.4,21,243,0
CAV,D,20221230,000000,21,21,20.1,20.1,1066,0
CAV,D,20230102,000000,20.9,21.3,20.8,20.8,29,0
CAV,D,20230103,000000,20.8,21.1,20,20.3,1414,0
CAV,D,20230104,000000,20.5,20.5,20.5,20.5,10,0
CAV,D,20230105,000000,20.5,20.5,20.5,20.5,20,0
CAV,D,20230109,000000,20.5,20.6,20.4,20.4,120,0
CAV,D,20230110,000000,20,20,19.4,19.65,2251,0
CAV,D,20230111,000000,19.65,19.65,19.4,19.5,1004,0
CAV,D,20230112,000000,19.7,19.7,19.5,19.5,125,0
CAV,D,20230113,000000,19.5,19.7,19.5,19.7,1056,0
CAV,D,20230116,000000,19.6,19.95,19.3,19.95,767,0
CAV,D,20230117,000000,19.8,20.6,19.8,20.6,202,0
CAV,D,20230119,000000,20.5,20.5,20.5,20.5,2,0
CAV,D,20230120,000000,20.5,20.5,19.8,20.5,9,0
CAV,D,20230123,000000,20.5,20.5,20,20,45,0
CAV,D,20230124,000000,19.4,20.4,19.4,20.2,630,0
CAV,D,20230125,000000,20.2,20.2,19.4,20.1,233,0
CAV,D,20230126,000000,19.4,20.1,19.4,20,761,0
CAV,D,20230127,000000,20.1,20.4,20,20.4,225,0
CAV,D,20230130,000000,20.4,20.4,19.6,20.4,168,0
CAV,D,20230131,000000,19.7,20.4,19.6,20.4,253,0
CAV,D,20230201,000000,20,20,19.8,19.9,240,0
CAV,D,20230202,000000,19.65,19.65,19.5,19.65,223,0
CAV,D,20230203,000000,19.9,20.3,19.9,20.3,83,0
CAV,D,20230206,000000,20.2,20.2,20.2,20.2,5,0
CAV,D,20230207,000000,20.3,20.3,20,20,99,0
CAV,D,20230208,000000,20.2,20.2,20,20.1,105,0
CAV,D,20230209,000000,20.1,20.1,19.5,20,116,0
CAV,D,20230210,000000,20,20,19.6,19.6,1505,0
CAV,D,20230213,000000,19.95,20,19.95,20,260,0
CAV,D,20230214,000000,19.9,20.1,19.9,20.1,25,0
CAV,D,20230215,000000,20,20,19.4,19.8,514,0
CAV,D,20230216,000000,19.8,19.8,19.3,19.3,1251,0
CAV,D,20230217,000000,19.55,20,19,19.75,943,0
CAV,D,20230220,000000,19.15,20,19.1,20,1145,0
CAV,D,20230221,000000,19.5,19.9,19.25,19.9,1097,0
CAV,D,20230222,000000,19.95,20,19.95,19.95,322,0
CAV,D,20230223,000000,19.95,19.95,19.95,19.95,8,0
CAV,D,20230224,000000,19.95,19.95,19.95,19.95,70,0
CAV,D,20230227,000000,19.95,19.95,19.35,19.5,178,0
CAV,D,20230228,000000,19.9,19.9,19.8,19.8,68,0
CAV,D,20230301,000000,19.8,19.8,19.3,19.8,499,0
CAV,D,20230302,000000,19.8,19.8,19.8,19.8,24,0
CAV,D,20230306,000000,19.8,20,19.8,20,619,0
CAV,D,20230307,000000,19.95,19.95,19.3,19.4,4012,0
CAV,D,20230308,000000,19.6,19.75,19.6,19.75,142,0
CAV,D,20230309,000000,19.8,19.8,19.8,19.8,13,0
CAV,D,20230310,000000,19.55,19.8,19.5,19.55,42,0
CAV,D,20230313,000000,19.75,19.85,19.35,19.35,1067,0
CAV,D,20230314,000000,19.45,19.8,19.4,19.45,1103,0
CAV,D,20230315,000000,19.45,19.55,19.25,19.4,423,0
CAV,D,20230316,000000,19.5,19.7,19.1,19.1,269,0
CAV,D,20230317,000000,19.45,19.7,18.9,19.35,6218,0
CAV,D,20230320,000000,19,19.5,18.8,19.25,884,0
CAV,D,20230321,000000,19.25,19.25,18.7,19.05,3427,0
CAV,D,20230322,000000,18.6,19.05,18.6,19,639,0
CAV,D,20230324,000000,19,19,19,19,64,0
CAV,D,20230327,000000,18.75,19.05,18.5,19,1168,0
CAV,D,20230328,000000,18.65,18.65,17,18.35,9026,0
CAV,D,20230329,000000,18,18.7,18,18.7,577,0
CAV,D,20230330,000000,18.75,18.75,18.75,18.75,163,0
CAV,D,20230331,000000,18.75,18.75,18.25,18.45,599,0
CAV,D,20230403,000000,18.45,18.45,17.95,17.95,685,0
CAV,D,20230404,000000,18.2,18.4,18.15,18.4,1100,0
CAV,D,20230405,000000,18.4,18.4,18.4,18.4,5,0
CAV,D,20230406,000000,18.4,18.4,18.4,18.4,108,0
CAV,D,20230411,000000,18.4,18.4,17.95,18.35,3616,0
CAV,D,20230412,000000,18.35,18.35,18.3,18.35,132,0
CAV,D,20230413,000000,18.35,18.35,18.35,18.35,5,0
CAV,D,20230414,000000,18.35,18.35,17.95,17.95,6496,0
CAV,D,20230417,000000,17.8,18,17.8,18,5570,0
CAV,D,20230418,000000,18.1,18.1,17.8,17.8,297,0
CAV,D,20230419,000000,17.8,18,17.6,17.6,2223,0
CAV,D,20230420,000000,17.6,17.95,17.55,17.95,167,0
CAV,D,20230421,000000,17.9,17.95,17.9,17.95,780,0
CAV,D,20230424,000000,17.95,17.95,17.4,17.4,2048,0
CAV,D,20230425,000000,17.4,17.55,17.3,17.3,1617,0
CAV,D,20230426,000000,17.3,17.3,17,17,12656,0
CAV,D,20230427,000000,17,17,16.6,16.6,13293,0
CAV,D,20230428,000000,16.65,17.65,16.6,17.45,1761,0
CAV,D,20230502,000000,17.5,17.65,17.25,17.65,336,0
CAV,D,20230504,000000,17.65,17.65,17.65,17.65,84,0
CAV,D,20230505,000000,17.35,17.35,17.35,17.35,20,0
CAV,D,20230508,000000,17.5,17.65,17.4,17.5,3270,0
CAV,D,20230509,000000,17.5,17.65,17.5,17.5,14243,0
CAV,D,20230510,000000,17.65,17.65,17.5,17.6,1677,0
CAV,D,20230511,000000,17.65,17.65,17.5,17.5,637,0
CAV,D,20230512,000000,17.5,17.75,17.5,17.75,403,0
CAV,D,20230515,000000,17.75,17.75,17.45,17.45,57409,0
CAV,D,20230516,000000,17.4,17.45,17.25,17.4,4200,0
CAV,D,20230517,000000,17.2,17.2,17.2,17.2,70,0
CAV,D,20230518,000000,17.3,17.3,17.15,17.2,2049,0
CAV,D,20230519,000000,17.2,17.2,16.5,16.9,10449,0
CAV,D,20230522,000000,16.9,17,16.9,17,3961,0
CAV,D,20230523,000000,17,17.5,17,17.4,397,0
CAV,D,20230524,000000,17.4,17.4,16.8,17.3,413,0
CAV,D,20230525,000000,17.3,17.35,16.5,17.3,693,0
CAV,D,20230526,000000,17.35,17.4,17.35,17.4,102,0
CAV,D,20230529,000000,17.45,17.45,17.45,17.45,36,0
CAV,D,20230530,000000,17.45,17.45,17.45,17.45,669,0
CAV,D,20230531,000000,17.45,17.45,17.45,17.45,20,0
CAV,D,20230601,000000,17.45,17.45,17.45,17.45,8,0
CAV,D,20230602,000000,17.4,17.4,16.5,16.7,4006,0
CAV,D,20230605,000000,16.95,17,16.8,16.8,103,0
CAV,D,20230606,000000,17,17,16.8,16.9,122,0
CAV,D,20230607,000000,16.7,17.35,16.7,17.1,7926,0
CAV,D,20230609,000000,17.35,17.45,17.35,17.45,763,0
CAV,D,20230612,000000,17.45,17.95,17.45,17.9,13586,0
CAV,D,20230613,000000,17.9,18.6,17.8,18,4750,0
CAV,D,20230614,000000,18.3,18.8,18.3,18.8,535,0
CAV,D,20230615,000000,18.75,18.75,18.6,18.7,924,0
CAV,D,20230616,000000,18.6,18.65,18.6,18.65,200,0
CAV,D,20230619,000000,18.6,18.6,18.6,18.6,100,0
CAV,D,20230620,000000,18.6,18.6,18.6,18.6,42,0
CAV,D,20230621,000000,18.6,18.6,18.6,18.6,50,0
CAV,D,20230622,000000,18.55,18.55,18.4,18.4,275,0
CAV,D,20230623,000000,18.4,18.4,18.2,18.3,203,0
CAV,D,20230626,000000,18.35,18.35,18.2,18.2,108,0
CAV,D,20230627,000000,18.15,18.3,18.15,18.3,24,0
CAV,D,20230628,000000,18.3,18.3,18.2,18.25,416,0
CAV,D,20230629,000000,18.25,18.25,18.2,18.2,93,0
CAV,D,20230630,000000,18.2,18.2,18.1,18.2,125,0
CAV,D,20230703,000000,18.2,18.3,18.1,18.15,1449,0
CAV,D,20230704,000000,18.3,18.3,18.15,18.15,125,0
CAV,D,20230705,000000,18.15,18.4,18.15,18.4,263,0
CAV,D,20230706,000000,18.35,18.4,18.25,18.4,1569,0
CAV,D,20230707,000000,18.25,18.4,18.2,18.4,216,0
CAV,D,20230710,000000,18.2,18.2,18.2,18.2,160,0
CAV,D,20230711,000000,18.2,18.2,18.2,18.2,138,0
CAV,D,20230712,000000,18.2,18.2,18.1,18.2,540,0
CAV,D,20230713,000000,18.1,18.1,18,18,14100,0
CAV,D,20230714,000000,18.4,18.65,18.4,18.65,819,0
CAV,D,20230717,000000,18.7,19,18,19,3888,0
CAV,D,20230718,000000,19,19.1,18.85,18.85,520,0
CAV,D,20230719,000000,19.1,19.3,19.1,19.3,261,0
CAV,D,20230720,000000,19.1,19.45,19.1,19.45,250,0
CAV,D,20230721,000000,19.45,19.95,19.2,19.95,261,0
CAV,D,20230724,000000,19.8,19.8,19.8,19.8,1,0
CAV,D,20230725,000000,19.8,19.8,19.8,19.8,1,0
CAV,D,20230726,000000,19.75,19.75,19,19.4,2799,0
CAV,D,20230727,000000,19.4,19.5,18.9,19.2,396,0
CAV,D,20230728,000000,18.85,19.2,18.55,19.2,1520,0
CAV,D,20230731,000000,19.1,19.25,19.1,19.25,191,0
CAV,D,20230801,000000,19.3,19.3,19.2,19.2,215,0
CAV,D,20230802,000000,19.2,19.3,19,19.3,23,0
CAV,D,20230803,000000,19.3,19.3,19.3,19.3,94,0
CAV,D,20230804,000000,19.3,19.3,19.1,19.25,372,0
CAV,D,20230807,000000,19.25,19.25,18.85,18.85,2335,0
CAV,D,20230808,000000,18.85,18.85,18.7,18.85,202,0
CAV,D,20230809,000000,18.85,19,18.85,19,62,0
CAV,D,20230810,000000,18.95,18.95,18.95,18.95,21,0
CAV,D,20230814,000000,19,19.1,19,19,187,0
CAV,D,20230816,000000,19,19,18.35,18.35,309,0
CAV,D,20230817,000000,18.8,18.8,18.8,18.8,13,0
CAV,D,20230822,000000,18.7,18.7,18.2,18.5,359,0
CAV,D,20230823,000000,18.5,18.5,18.1,18.1,112,0
CAV,D,20230824,000000,18.25,18.5,18.05,18.3,82,0
CAV,D,20230828,000000,17.6,18,17.6,17.75,360,0
CAV,D,20230829,000000,17.75,18,17.75,18,11,0
CAV,D,20230830,000000,17.9,17.9,17.9,17.9,30,0
CAV,D,20230831,000000,18.5,18.5,18.5,18.5,1200,0
CAV,D,20230901,000000,18.6,18.6,18.6,18.6,10,0
CAV,D,20230904,000000,18.65,18.65,18.3,18.55,61,0
CAV,D,20230905,000000,18.2,18.4,18,18.4,158,0
CAV,D,20230906,000000,18,18.3,18,18.3,43,0
CAV,D,20230907,000000,18.3,18.6,18.3,18.6,522,0
CAV,D,20230908,000000,18.65,19,18.65,19,682,0
CAV,D,20230911,000000,18.95,19.35,18.3,19.35,2688,0
CAV,D,20230912,000000,18.95,18.95,18.6,18.75,66,0
CAV,D,20230913,000000,18.6,18.6,17.8,18.4,933,0
CAV,D,20230914,000000,18.4,18.4,18.35,18.4,2286,0
CAV,D,20230915,000000,18.4,18.4,18.4,18.4,6,0
CAV,D,20230918,000000,18.4,18.4,18.4,18.4,40,0
CAV,D,20230919,000000,18.4,18.4,18.4,18.4,10,0
CAV,D,20230920,000000,18.4,18.4,18.4,18.4,10,0
CAV,D,20230921,000000,18.4,18.4,17.8,18.2,251,0
CAV,D,20230925,000000,18,18,17.9,17.9,43,0
CAV,D,20230926,000000,17.9,17.9,17.8,17.8,1346,0
CAV,D,20230927,000000,17.8,17.8,17.55,17.65,666,0
CAV,D,20230928,000000,17.6,17.6,17.5,17.6,241,0
CAV,D,20230929,000000,17.3,17.65,17.3,17.65,246,0
CAV,D,20231002,000000,17.65,17.65,17.2,17.2,252,0
CAV,D,20231003,000000,17.4,17.4,17.2,17.2,380,0
CAV,D,20231004,000000,17.15,17.4,17.15,17.4,75,0
CAV,D,20231005,000000,17.4,17.4,17.4,17.4,11,0
CAV,D,20231006,000000,17.15,17.15,16.95,16.95,300,0
CAV,D,20231009,000000,16.95,16.95,16.9,16.9,19,0
CAV,D,20231010,000000,16.9,16.9,16.7,16.9,21,0
CAV,D,20231011,000000,16.75,17.4,16.75,17.4,5029,0
CAV,D,20231012,000000,17.3,17.55,17.2,17.55,1387,0
CAV,D,20231013,000000,17.55,19.1,17.55,17.55,836,0
CAV,D,20231016,000000,18.4,18.4,18.35,18.35,167,0
CAV,D,20231017,000000,18.3,18.3,18.3,18.3,100,0
CAV,D,20231018,000000,18.3,18.5,18.3,18.5,141,0
CAV,D,20231019,000000,18.2,18.45,18.2,18.45,5200,0
CAV,D,20231020,000000,18.45,18.5,18,18.4,124635,0
CAV,D,20231025,000000,18.2,18.2,18.2,18.2,30,0
CAV,D,20231026,000000,18.2,18.2,18,18.2,19,0
CAV,D,20231027,000000,18.2,18.2,18.2,18.2,10,0
CAV,D,20231030,000000,18.2,18.2,17.8,17.8,471,0
CAV,D,20231031,000000,17.7,17.9,17.65,17.65,1256,0
CAV,D,20231102,000000,17.7,17.9,17.5,17.9,482,0
CAV,D,20231103,000000,17.9,17.9,17.9,17.9,600,0
CAV,D,20231108,000000,17.8,17.8,17.5,17.65,996,0
CAV,D,20231109,000000,17.65,17.65,17,17.5,338,0
CAV,D,20231110,000000,17.45,18.4,16.7,17.8,1816,0
CAV,D,20231114,000000,17.8,17.9,17.8,17.9,50,0
CAV,D,20231115,000000,17.45,17.5,17.45,17.5,571,0
CAV,D,20231116,000000,17.5,17.9,17.4,17.85,314,0
CAV,D,20231117,000000,17.8,17.8,17.4,17.7,126,0
CAV,D,20231120,000000,17.4,17.9,17.4,17.9,401,0
CAV,D,20231121,000000,17.7,17.7,17.1,17.15,670,0
CAV,D,20231122,000000,17.2,17.6,17.1,17.2,218,0
CAV,D,20231123,000000,17.2,17.4,16.8,16.8,1688,0
CAV,D,20231124,000000,17.3,17.4,17.3,17.4,51,0
CAV,D,20231127,000000,17,17,17,17,136,0
CAV,D,20231128,000000,16.8,17,16.5,17,7110,0
CAV,D,20231129,000000,16.95,16.95,16.95,16.95,100,0
CAV,D,20231130,000000,16.6,17,16.6,17,1016,0
CAV,D,20231204,000000,16.6,16.9,16.6,16.65,501,0
CAV,D,20231205,000000,16.65,16.95,16.65,16.65,247,0
CAV,D,20231206,000000,16.7,16.9,16.5,16.5,3007,0
CAV,D,20231207,000000,16.65,16.8,16.5,16.5,1844,0
CAV,D,20231208,000000,16.4,16.4,15.9,16.35,1818,0
CAV,D,20231211,000000,16.3,16.8,16.3,16.4,718,0
CAV,D,20231212,000000,16.3,16.3,16,16.05,504,0
CAV,D,20231213,000000,16.2,16.2,15.75,15.75,1614,0
CAV,D,20231214,000000,15.75,16.1,15.5,15.5,2746,0
CAV,D,20231215,000000,15.6,15.9,15.6,15.6,2317,0
CAV,D,20231218,000000,15.75,15.75,15.3,15.3,658,0
CAV,D,20231219,000000,15.3,15.3,15,15,959,0
CAV,D,20231220,000000,15.1,15.2,15,15.2,2849,0
CAV,D,20231221,000000,15.2,15.2,14.6,14.75,6036,0
CAV,D,20231222,000000,14.75,16.2,14.75,16,17274,0
CAV,D,20231227,000000,15.3,16,15.2,16,125170,0
CAV,D,20231228,000000,16,16.95,16,16.95,1637,0
CAV,D,20231229,000000,16.55,16.95,16.1,16.95,1084,0
CAV,D,20240102,000000,16.95,17,16.1,16.8,203,0
CAV,D,20240103,000000,16.8,16.8,16.5,16.5,47,0
CAV,D,20240104,000000,16.5,16.5,15.8,16,104068,0
CAV,D,20240105,000000,16,16,15.75,15.8,1497,0
CAV,D,20240108,000000,15.75,16.75,15.5,15.8,1697,0
CAV,D,20240109,000000,16.4,16.5,16.1,16.35,568,0
CAV,D,20240110,000000,16.3,16.3,16.3,16.3,100,0
CAV,D,20240111,000000,16.3,16.3,16.3,16.3,10,0
CAV,D,20240112,000000,16.3,16.3,16.3,16.3,9,0
CAV,D,20240115,000000,16.35,17,16.2,17,2250,0
CAV,D,20240116,000000,16.2,16.55,16.2,16.5,842,0
CAV,D,20240117,000000,16.5,16.5,16.1,16.5,25,0
CAV,D,20240118,000000,16.5,16.8,16.1,16.1,592,0
CAV,D,20240119,000000,16.1,16.5,16.1,16.5,20,0
CAV,D,20240122,000000,16.6,16.9,16.5,16.9,2394,0
CAV,D,20240123,000000,17,17.2,16.8,17,7367,0
CAV,D,20240124,000000,17,17,16.7,16.8,817,0
CAV,D,20240125,000000,17.05,17.1,16.6,16.75,1430,0
CAV,D,20240126,000000,16.7,16.7,16.7,16.7,260,0
CAV,D,20240129,000000,16.6,16.6,16.6,16.6,342,0
CAV,D,20240131,000000,16.5,16.5,16.3,16.3,1688,0
CAV,D,20240201,000000,16.3,16.45,16,16.45,2172,0
CAV,D,20240202,000000,16.45,16.45,16.4,16.45,1463,0
CAV,D,20240205,000000,16.45,16.45,16.45,16.45,202,0
CAV,D,20240206,000000,16.4,16.4,16.4,16.4,273,0
CAV,D,20240207,000000,16.2,16.2,16.15,16.15,51,0
CAV,D,20240208,000000,16.4,16.4,15.8,16,269604,0
CAV,D,20240209,000000,16,16.2,16,16.15,1122,0
CAV,D,20240212,000000,16,16,16,16,220,0
CAV,D,20240213,000000,16,16,16,16,458,0
CAV,D,20240214,000000,15.95,16,15.95,16,110,0
CAV,D,20240215,000000,16,16,16,16,7,0
CAV,D,20240216,000000,15.95,15.95,15.95,15.95,305,0
CAV,D,20240219,000000,15.95,16,15.85,15.85,2513,0
CAV,D,20240220,000000,15.85,15.85,15.5,15.8,527,0
CAV,D,20240222,000000,15.6,15.6,15.1,15.1,1878,0
CAV,D,20240223,000000,15.4,15.7,15.4,15.7,333,0
CAV,D,20240226,000000,15.6,15.7,15.6,15.7,400,0
CAV,D,20240227,000000,15.4,15.75,15.4,15.7,993,0
CAV,D,20240228,000000,15.7,15.7,15.7,15.7,84,0
CAV,D,20240229,000000,15.7,15.7,15.7,15.7,6,0
CAV,D,20240301,000000,15.65,15.7,15.65,15.65,213,0
CAV,D,20240304,000000,15.6,15.6,15,15.45,1546,0
CAV,D,20240305,000000,15.45,15.65,15.45,15.5,436,0
CAV,D,20240306,000000,15.5,15.65,15.5,15.5,1361,0
CAV,D,20240307,000000,15.2,15.45,15.2,15.4,145,0
CAV,D,20240308,000000,15.1,15.4,15.1,15.4,24,0
CAV,D,20240311,000000,15.4,15.4,15.4,15.4,423,0
CAV,D,20240312,000000,15.4,15.4,15.4,15.4,320,0
CAV,D,20240313,000000,15.4,15.45,15.4,15.45,285,0
CAV,D,20240314,000000,15.5,15.5,15.2,15.45,246,0
CAV,D,20240315,000000,15.45,15.45,14.8,15.3,1494,0
CAV,D,20240318,000000,14.55,15.25,14.55,15.25,376,0
CAV,D,20240319,000000,15.5,15.5,15.25,15.25,260,0
CAV,D,20240320,000000,15,15.25,14.85,15.25,20177,0
CAV,D,20240321,000000,15.25,15.3,15.25,15.3,40,0
CAV,D,20240322,000000,15.2,15.2,14.85,14.85,110,0
CAV,D,20240325,000000,14.9,15.7,14.9,15.3,1650,0
CAV,D,20240326,000000,15.4,15.4,15.4,15.4,10,0
CAV,D,20240327,000000,15.4,16,15.4,15.85,9044,0
CAV,D,20240328,000000,15.85,16,15.85,16,68,0
CAV,D,20240402,000000,15.95,15.95,15.85,15.9,361,0
CAV,D,20240403,000000,16,16,15.8,15.8,1617,0
CAV,D,20240404,000000,15.95,16,15.95,16,51,0
CAV,D,20240405,000000,15.8,15.8,15.55,15.55,167,0
CAV,D,20240408,000000,15.55,16.1,15.45,16.1,470,0
CAV,D,20240409,000000,16.15,16.15,15.8,15.8,571,0
CAV,D,20240410,000000,15.8,15.8,15.8,15.8,315,0
CAV,D,20240411,000000,15.9,16,15.9,16,71,0
CAV,D,20240412,000000,15.8,15.8,15.7,15.7,128,0
CAV,D,20240415,000000,15.95,16.3,15.95,16.2,392,0
CAV,D,20240416,000000,16,16,15.7,16,1076,0
CAV,D,20240417,000000,15.65,15.9,15.65,15.9,54,0
CAV,D,20240418,000000,15.9,15.9,15.9,15.9,24,0
CAV,D,20240419,000000,15.85,15.9,15.85,15.9,100,0
CAV,D,20240422,000000,15.9,15.9,15.35,15.35,545,0
CAV,D,20240423,000000,15.4,15.4,15.35,15.35,333,0
CAV,D,20240424,000000,15.3,15.3,15.25,15.25,17,0
CAV,D,20240425,000000,15.5,15.55,15.45,15.45,13,0
CAV,D,20240426,000000,15.45,16,15.45,15.9,1276,0
CAV,D,20240429,000000,16,16,15.25,15.6,1147,0
CAV,D,20240430,000000,15.5,15.5,15,15.45,794,0
CAV,D,20240502,000000,15.85,16,15.6,16,409,0
CAV,D,20240506,000000,15.45,15.45,14.1,14.6,6479,0
CAV,D,20240507,000000,14.6,15.1,14.6,15.1,2401,0
CAV,D,20240508,000000,15,15.1,15,15.1,375,0
CAV,D,20240509,000000,15.1,15.1,14.6,14.95,2412,0
CAV,D,20240510,000000,14.85,14.95,14.7,14.95,156,0
CAV,D,20240513,000000,14.95,14.95,14.45,14.7,3428,0
CAV,D,20240514,000000,14.6,14.7,14.6,14.7,1019,0
CAV,D,20240515,000000,14.75,14.8,14.7,14.8,384,0
CAV,D,20240516,000000,14.9,15,14.8,15,361,0
CAV,D,20240517,000000,14.95,14.95,14.6,14.8,3766,0
CAV,D,20240520,000000,14.8,15.1,14.6,15.1,627,0
CAV,D,20240521,000000,15.1,15.1,15.1,15.1,524,0
CAV,D,20240522,000000,15.2,15.2,14.85,15.15,353,0
CAV,D,20240523,000000,15.15,15.7,15.15,15.7,959,0
CAV,D,20240524,000000,15.7,15.7,15.2,15.7,318,0
CAV,D,20240527,000000,15.65,15.65,15.6,15.6,154,0
CAV,D,20240528,000000,15.3,15.45,15.2,15.2,3948,0
CAV,D,20240529,000000,15.15,15.15,14.9,14.9,1814,0
CAV,D,20240531,000000,14.7,14.95,14.6,14.6,669,0
CAV,D,20240603,000000,14.6,15,14.6,15,216,0
CAV,D,20240604,000000,14.7,15.15,14.7,15.15,960,0
CAV,D,20240606,000000,14.95,15.15,14.6,15.15,2611,0
CAV,D,20240607,000000,14.6,15.05,14.55,15,936,0
CAV,D,20240610,000000,14.6,14.95,14.55,14.95,726,0
CAV,D,20240611,000000,14.8,14.8,14.55,14.55,1000,0
CAV,D,20240612,000000,14.7,15,14.5,15,1666,0
CAV,D,20240613,000000,14.7,15.45,14.6,15,4263,0
CAV,D,20240614,000000,15.4,15.45,14.95,15.45,188,0
CAV,D,20240617,000000,15.4,15.4,15.2,15.2,499,0
CAV,D,20240618,000000,15.05,15.15,14.4,14.6,3290,0
CAV,D,20240619,000000,14.7,14.75,14.6,14.6,1287,0
CAV,D,20240620,000000,14.55,14.7,14.55,14.55,1144,0
CAV,D,20240621,000000,14.75,14.75,14.55,14.55,208,0
CAV,D,20240624,000000,14.75,14.75,14.75,14.75,8,0
CAV,D,20240625,000000,14.6,14.6,14.6,14.6,4,0
CAV,D,20240626,000000,14.6,14.75,14.6,14.75,71,0
CAV,D,20240627,000000,14.65,14.85,14.2,14.85,4635,0
CAV,D,20240701,000000,14,14.3,13.95,14,3858,0
CAV,D,20240702,000000,14.4,14.4,14.35,14.4,310,0
CAV,D,20240703,000000,14.35,14.7,14.1,14.7,2258,0
CAV,D,20240704,000000,14.1,14.4,14,14.1,2434,0
CAV,D,20240705,000000,14.25,14.8,14.25,14.6,184,0
CAV,D,20240708,000000,14.75,14.75,14.25,14.25,1065,0
CAV,D,20240709,000000,14.25,14.25,14.2,14.2,586,0
CAV,D,20240710,000000,14.25,14.25,14.25,14.25,84,0
CAV,D,20240711,000000,14.25,14.25,13.95,13.95,1754,0
CAV,D,20240712,000000,14,14.2,13.95,14.2,660,0
CAV,D,20240715,000000,14.1,14.1,13.95,13.95,28,0
CAV,D,20240716,000000,14,14,14,14,10,0
CAV,D,20240717,000000,14,14,14,14,452,0
CAV,D,20240718,000000,14.1,14.15,14,14,1490,0
CAV,D,20240719,000000,13.95,14,13.85,14,1732,0
CAV,D,20240722,000000,13.8,14.4,13.8,14.4,784,0
CAV,D,20240723,000000,14.25,14.55,14.05,14.55,670,0
CAV,D,20240724,000000,14.55,14.55,14.05,14.25,168,0
CAV,D,20240725,000000,14.4,14.4,13.8,14.15,277,0
CAV,D,20240726,000000,14.3,14.35,13.85,14,1017,0
CAV,D,20240729,000000,14,14.3,14,14.3,160,0
CAV,D,20240731,000000,14.25,14.25,14,14.2,823,0
CAV,D,20240801,000000,14,14,14,14,65,0
CAV,D,20240802,000000,14,14,13.8,13.8,310,0
CAV,D,20240805,000000,13.8,13.8,13.2,13.75,1384,0
CAV,D,20240806,000000,13.5,14.1,13.5,14.1,3268,0
CAV,D,20240807,000000,13.9,13.9,13.9,13.9,620,0
CAV,D,20240808,000000,14,14,13.75,13.75,2034,0
CAV,D,20240809,000000,13.8,13.95,13.8,13.95,602,0
CAV,D,20240812,000000,14,14,13.7,13.7,35,0
CAV,D,20240813,000000,13.7,14,13.65,14,77,0
CAV,D,20240814,000000,14,14,13.6,13.6,214,0
CAV,D,20240816,000000,13.5,13.6,13.35,13.6,580,0
CAV,D,20240819,000000,13.3,14,13.3,13.8,1082,0
CAV,D,20240820,000000,13.9,13.9,13.8,13.8,123,0
CAV,D,20240821,000000,13.8,14.1,13.8,14.1,155,0
CAV,D,20240822,000000,14,14.15,14,14,817,0
CAV,D,20240823,000000,14,14.15,14,14.15,2093,0
CAV,D,20240826,000000,14.2,14.5,14.15,14.5,5528,0
CAV,D,20240827,000000,14.5,14.5,14,14,413,0
CAV,D,20240828,000000,14,14.35,14,14.35,6,0
CAV,D,20240829,000000,14.25,14.25,14,14.25,230,0
CAV,D,20240830,000000,14.2,14.25,14.2,14.25,70,0
CAV,D,20240902,000000,14.25,14.4,14.25,14.4,212,0
CAV,D,20240903,000000,14.4,14.5,14.4,14.4,343,0
CAV,D,20240904,000000,14.4,14.4,14.4,14.4,11,0
CAV,D,20240905,000000,14.4,14.4,14.3,14.35,28,0
CAV,D,20240906,000000,14.05,14.3,14.05,14.25,116,0
CAV,D,20240909,000000,14.25,14.25,14.25,14.25,5,0
CAV,D,20240910,000000,14.25,14.25,14.1,14.1,59,0
CAV,D,20240911,000000,14.1,14.25,14.1,14.25,59,0
CAV,D,20240912,000000,14.2,14.2,14,14,352,0
CAV,D,20240913,000000,14,14.15,14,14,382,0
CAV,D,20240916,000000,14,14.2,14,14.2,703,0
CAV,D,20240917,000000,14.2,14.2,14.05,14.05,386,0
CAV,D,20240918,000000,14.1,14.2,13.95,13.95,699,0
CAV,D,20240919,000000,13.95,14.1,13.95,14.1,249,0
CAV,D,20240920,000000,13.9,14.1,13.8,14.1,174,0
CAV,D,20240923,000000,13.9,14.15,13.85,14.15,821,0
CAV,D,20240924,000000,13.8,14,13.6,14,529,0
CAV,D,20240925,000000,14,14,14,14,203,0
CAV,D,20240926,000000,14,14,13.4,13.4,1901,0
CAV,D,20240927,000000,13.5,13.5,12.95,13.05,2023,0
CAV,D,20240930,000000,14.1,14.25,13,13.85,7678,0
CAV,D,20241001,000000,13.85,13.85,13.25,13.3,4683,0
CAV,D,20241002,000000,13.3,13.45,13.2,13.25,2985,0
CAV,D,20241003,000000,13.2,13.2,12.7,12.7,5019,0
CAV,D,20241004,000000,12.95,13.1,12.8,12.95,1741,0
CAV,D,20241007,000000,12.95,13,12.95,13,890,0
CAV,D,20241008,000000,12.95,12.95,12.75,12.75,1486,0
CAV,D,20241009,000000,12.6,12.75,12.3,12.55,3751,0
CAV,D,20241010,000000,12.5,12.5,12.5,12.5,182,0
CAV,D,20241011,000000,12.5,12.5,12.35,12.35,4315,0
CAV,D,20241014,000000,12.5,12.5,12,12.5,2600,0
CAV,D,20241015,000000,12.5,12.5,12.4,12.4,4300,0
CAV,D,20241016,000000,12.5,12.5,12,12.2,307341,0
CAV,D,20241017,000000,12.2,12.45,12.2,12.2,28636,0
CAV,D,20241018,000000,12.25,12.5,12.2,12.5,2560,0
CAV,D,20241021,000000,12.5,12.5,12.2,12.2,573,0
CAV,D,20241022,000000,12.2,12.45,12.2,12.25,1023,0
CAV,D,20241023,000000,12.35,12.35,12.2,12.25,1760,0
CAV,D,20241024,000000,12.35,12.35,12.2,12.2,2472,0
CAV,D,20241025,000000,12.45,12.45,12.25,12.45,141,0
CAV,D,20241028,000000,12.5,12.5,12.45,12.5,829,0
CAV,D,20241029,000000,12.9,12.9,12.5,12.55,1450,0
CAV,D,20241030,000000,12.7,12.85,12.7,12.85,1037,0
CAV,D,20241031,000000,12.9,12.9,12.8,12.8,4340,0
CAV,D,20241104,000000,12.6,12.75,12.5,12.75,1012,0
CAV,D,20241105,000000,12.6,12.75,12.6,12.75,20,0
CAV,D,20241106,000000,12.65,12.8,12.6,12.65,1019,0
CAV,D,20241107,000000,12.8,12.85,12.8,12.85,125,0
CAV,D,20241108,000000,12.9,12.9,12.7,12.7,84,0
CAV,D,20241112,000000,12.7,12.7,12.5,12.5,1798,0
CAV,D,20241113,000000,12.5,12.6,12.45,12.5,1163,0
CAV,D,20241114,000000,12.55,13.05,12.4,12.75,17622,0
CAV,D,20241115,000000,12.8,12.8,12.5,12.55,5327,0
CAV,D,20241118,000000,12.6,12.7,12.55,12.7,4756,0
CAV,D,20241119,000000,12.65,12.9,12.65,12.65,4325,0
CAV,D,20241120,000000,12.65,12.8,12.65,12.8,3309,0
CAV,D,20241121,000000,12.8,12.8,12.8,12.8,850,0
CAV,D,20241122,000000,12.8,12.9,12.8,12.8,1539,0
CAV,D,20241125,000000,12.8,13.05,12.8,12.9,2305,0
CAV,D,20241126,000000,12.9,12.9,12.9,12.9,4188,0
CAV,D,20241127,000000,12.9,13.05,12.9,13.05,201,0
CAV,D,20241128,000000,13.05,13.1,12.85,13.1,772,0
CAV,D,20241129,000000,13,13,12.9,12.95,428,0
CAV,D,20241202,000000,12.9,12.9,12.8,12.9,6847,0
CAV,D,20241203,000000,12.95,13.3,12.95,13.3,1229,0
CAV,D,20241204,000000,13.3,13.3,13.3,13.3,5,0
CAV,D,20241205,000000,13.25,13.25,13,13,1551,0
CAV,D,20241206,000000,13,13.2,13,13.2,1148,0
CAV,D,20241209,000000,13.2,13.25,13.05,13.25,162,0
CAV,D,20241210,000000,13.25,13.3,13.05,13.3,1847,0
CAV,D,20241211,000000,13.2,13.2,13.2,13.2,200,0
CAV,D,20241212,000000,13.25,13.25,13.05,13.1,1809,0
CAV,D,20241213,000000,13.15,13.15,13.05,13.05,991,0
CAV,D,20241216,000000,13.05,13.05,13,13.05,7324,0
CAV,D,20241217,000000,13,13,13,13,1448,0
CAV,D,20241218,000000,13,13,13,13,201,0
CAV,D,20241219,000000,13,13.05,13,13.05,1890,0
CAV,D,20241220,000000,13.05,13.05,13,13.05,5537,0
CAV,D,20241223,000000,13,13.05,13,13,5634,0
CAV,D,20241227,000000,13,13.1,13,13,1796,0
CAV,D,20241230,000000,13,13.05,13,13.05,246,0
CAV,D,20250102,000000,13.05,13.3,13.05,13.15,4414,0
CAV,D,20250103,000000,13.2,13.4,13.2,13.4,300,0
CAV,D,20250107,000000,13.25,14.3,13.25,14.3,650,0
CAV,D,20250108,000000,14.3,15,14.3,15,1235,0
CAV,D,20250109,000000,14.85,14.85,14.5,14.5,33,0
CAV,D,20250110,000000,14.5,14.5,14.15,14.5,91,0
CAV,D,20250113,000000,14.45,14.45,14,14.45,183,0
CAV,D,20250114,000000,14.4,14.4,14,14,175,0
CAV,D,20250115,000000,13.95,13.95,13.9,13.95,212,0
CAV,D,20250116,000000,13.95,14.8,13.95,14.8,3308,0
CAV,D,20250117,000000,14.8,16.25,14.8,15.95,5644,0
CAV,D,20250120,000000,15.8,17.3,15.8,17.3,4624,0
CAV,D,20250121,000000,17.3,19,17.1,17.2,3079,0
CAV,D,20250122,000000,17.5,18.3,15.75,17.9,8343,0
CAV,D,20250123,000000,17.85,17.85,17,17,242,0
CAV,D,20250124,000000,17.15,17.15,15.45,16.5,3508,0
CAV,D,20250127,000000,15.9,16.2,15.7,16.15,175,0
CAV,D,20250128,000000,16.15,16.15,16.1,16.1,3,0
CAV,D,20250129,000000,16.15,16.15,15.6,15.6,709,0
CAV,D,20250130,000000,15.8,16.4,15.65,16.4,169,0
CAV,D,20250131,000000,16.6,16.8,16.6,16.7,2779,0
CAV,D,20250203,000000,16.65,16.65,16.5,16.5,296,0
CAV,D,20250204,000000,16.5,16.65,16.5,16.65,6,0
CAV,D,20250205,000000,16.65,16.65,16.25,16.25,113,0
CAV,D,20250206,000000,16.35,16.5,16,16.5,911,0
CAV,D,20250207,000000,16.4,17.25,16.4,16.5,1511,0
CAV,D,20250210,000000,16.8,16.8,16.7,16.8,559,0
CAV,D,20250211,000000,16.7,17.2,16.7,17.1,712,0
CAV,D,20250212,000000,17.1,17.2,15.3,15.55,6924,0
CAV,D,20250213,000000,15.6,15.8,15,15.45,871,0
CAV,D,20250214,000000,15.45,15.45,14.9,15.15,1942,0
CAV,D,20250217,000000,15.2,15.45,14.55,14.7,2649,0
CAV,D,20250218,000000,14.6,14.95,14.6,14.95,663,0
CAV,D,20250219,000000,14.95,14.95,14.55,14.95,2506,0
CAV,D,20250220,000000,14.95,14.95,14.45,14.85,917,0
CAV,D,20250221,000000,14.9,14.95,14.45,14.85,248,0
CAV,D,20250224,000000,14.85,14.85,14.4,14.8,325,0
CAV,D,20250225,000000,14.7,14.8,14.3,14.3,351,0
CAV,D,20250226,000000,14.3,14.3,13.8,14.3,2296,0
CAV,D,20250227,000000,14.85,14.95,14.85,14.95,1025,0
CAV,D,20250228,000000,14.4,14.9,14.4,14.9,118,0
CAV,D,20250303,000000,14.9,14.9,14.1,14.3,965,0
CAV,D,20250304,000000,14.3,14.3,14.3,14.3,2,0
CAV,D,20250305,000000,14.35,14.35,14.2,14.2,18,0
CAV,D,20250306,000000,14.5,14.5,14.5,14.5,17,0
CAV,D,20250307,000000,14.55,14.55,14.55,14.55,5,0
CAV,D,20250310,000000,14.6,14.9,14.35,14.9,1124,0
CAV,D,20250311,000000,14.9,14.95,14.9,14.9,476,0
CAV,D,20250312,000000,14.9,14.9,14.9,14.9,6,0
CAV,D,20250313,000000,14.9,14.9,14.9,14.9,3,0
CAV,D,20250314,000000,14.9,15.1,14,14,3358,0
CAV,D,20250317,000000,14.05,14.75,14.05,14.75,1699,0
CAV,D,20250318,000000,14.8,14.95,14.45,14.45,2028,0
CAV,D,20250319,000000,15.1,15.1,15,15.1,1649,0
CAV,D,20250320,000000,14.65,15.1,14.45,15.1,8045,0
CAV,D,20250324,000000,14.9,14.9,14.7,14.7,440,0
CAV,D,20250325,000000,14.95,14.95,14.75,14.95,406,0
CAV,D,20250326,000000,15,15,14.7,15,917,0
CAV,D,20250327,000000,14.95,15.3,14.95,15.3,1000,0
CAV,D,20250328,000000,14.85,14.85,14.85,14.85,5,0
CAV,D,20250331,000000,15,15.1,15,15.1,159,0
CAV,D,20250401,000000,15.2,15.25,14.85,14.85,92,0
CAV,D,20250402,000000,15.25,15.35,15.25,15.35,97,0
CAV,D,20250403,000000,15,15.3,14.85,14.85,425,0
CAV,D,20250404,000000,14.85,14.85,14.2,14.25,868,0
CAV,D,20250407,000000,13.65,14.1,13.5,14.1,291,0
CAV,D,20250408,000000,14.1,14.3,14.1,14.3,31,0
CAV,D,20250409,000000,14.4,14.4,14.2,14.2,370,0
CAV,D,20250410,000000,14.2,14.2,14.2,14.2,128,0
CAV,D,20250411,000000,14.25,14.25,14,14,88,0
CAV,D,20250414,000000,14.1,14.6,14.1,14.6,35,0
CAV,D,20250415,000000,14.3,14.6,14.3,14.6,2,0
CAV,D,20250416,000000,14.35,14.6,14.2,14.6,1337,0
CAV,D,20250417,000000,14.6,14.6,14.6,14.6,363,0
CAV,D,20250422,000000,14.4,14.55,14.4,14.4,400,0
CAV,D,20250423,000000,14.5,14.5,14.4,14.4,670,0
CAV,D,20250424,000000,14.4,14.65,14.4,14.65,100,0
CAV,D,20250425,000000,14.8,14.8,14.8,14.8,36,0
CAV,D,20250428,000000,14.8,14.8,14.8,14.8,6,0
CAV,D,20250429,000000,14.8,15,14.8,15,107,0
CAV,D,20250430,000000,15,15,15,15,56,0
CAV,D,20250502,000000,15,15,15,15,76,0
CAV,D,20250505,000000,15,15.25,15,15.25,355,0
CAV,D,20250506,000000,15.45,15.45,15.4,15.4,551,0
CAV,D,20250507,000000,15.25,15.25,15.25,15.25,5,0
CAV,D,20250508,000000,15.05,15.6,15.05,15.1,732,0
CAV,D,20250509,000000,15.3,16.8,14.7,15.6,2373,0
CAV,D,20250512,000000,15.7,16.2,15.7,16.2,979,0
CAV,D,20250513,000000,16.2,16.2,16.2,16.2,5,0
CAV,D,20250514,000000,16.2,16.2,15.75,15.75,185,0
CAV,D,20250515,000000,16.15,16.15,15.7,15.7,53,0
CAV,D,20250516,000000,15.7,15.75,15.7,15.75,125,0
CAV,D,20250519,000000,16.1,16.1,16,16.1,590,0
CAV,D,20250520,000000,16.15,16.15,16.15,16.15,117,0
CAV,D,20250522,000000,15.95,16,15.65,16,475,0
CAV,D,20250523,000000,16,16,16,16,312,0
CAV,D,20250526,000000,16.05,16.05,16.05,16.05,50,0
CAV,D,20250527,000000,16,16.05,16,16.05,431,0
CAV,D,20250528,000000,16.1,16.25,16,16.25,1459,0
CAV,D,20250529,000000,16.25,16.25,15.7,15.7,234,0
CAV,D,20250530,000000,16,16.25,16,16.2,4645,0
CAV,D,20250602,000000,16.2,16.2,16.2,16.2,216,0
CAV,D,20250603,000000,15.8,15.8,15.8,15.8,1,0
CAV,D,20250604,000000,15.85,16.1,15.85,16.1,502,0
CAV,D,20250605,000000,16.15,16.15,16.15,16.15,1033,0
CAV,D,20250606,000000,16.15,16.2,16,16,808,0
CAV,D,20250609,000000,16,16.3,16,16.05,114,0
CAV,D,20250610,000000,16.05,16.05,16.05,16.05,26,0
CAV,D,20250611,000000,16.15,16.3,16.05,16.3,31,0
CAV,D,20250612,000000,16.3,16.3,16.25,16.25,5,0
CAV,D,20250613,000000,16.05,16.25,16.05,16.1,1106,0
CAV,D,20250616,000000,16,16.3,16,16.2,1220,0
CAV,D,20250617,000000,16.2,16.2,16.2,16.2,70,0
CAV,D,20250618,000000,16.25,16.3,16.1,16.3,2811,0
CAV,D,20250620,000000,16.3,16.3,16.05,16.25,1167,0
CAV,D,20250623,000000,16.25,16.25,16.05,16.05,4209,0
CAV,D,20250624,000000,16.2,16.4,16.1,16.1,20168,0
CAV,D,20250625,000000,16.1,16.1,16,16.1,6910,0
CAV,D,20250626,000000,16.2,16.2,16,16,4461,0
CAV,D,20250627,000000,16.2,16.35,16,16.2,1222,0
CAV,D,20250630,000000,16.2,16.2,16.05,16.05,92,0
CAV,D,20250701,000000,16.05,16.35,16,16.35,1997,0
CAV,D,20250702,000000,16.3,16.35,16,16.35,1945,0
CAV,D,20250703,000000,16.35,16.35,16.3,16.3,5338,0
CAV,D,20250704,000000,16.15,16.15,16.15,16.15,51,0
CAV,D,20250707,000000,16.15,16.15,16,16,1648,0
CAV,D,20250708,000000,16,16.15,15.95,16.15,993,0
CAV,D,20250709,000000,15.7,15.7,15.7,15.7,7,0
CAV,D,20250710,000000,16.15,16.15,15.8,16.15,667,0
CAV,D,20250714,000000,16.15,16.15,16,16,52,0
CAV,D,20250715,000000,16.15,16.15,15.65,15.65,1197,0
CAV,D,20250718,000000,15.7,15.7,15.6,15.6,6849,0
CAV,D,20250721,000000,15.5,15.5,15,15,88,0
CAV,D,20250722,000000,15,15,15,15,400,0
CAV,D,20250723,000000,14.8,14.8,14.5,14.5,101821,0
CAV,D,20250724,000000,14.45,14.45,14,14.1,2912,0
CAV,D,20250725,000000,14.1,14.1,13.9,13.9,918,0
CAV,D,20250728,000000,14,14.65,13.8,14.45,2096,0
CAV,D,20250729,000000,14.1,14.1,13.95,14,10446,0
CAV,D,20250730,000000,14,14.35,13.8,14.35,7113,0
CAV,D,20250731,000000,14.2,14.6,14.2,14.2,169,0
CAV,D,20250804,000000,14.25,14.25,14.2,14.2,13,0
CAV,D,20250805,000000,14.2,14.2,14.2,14.2,603,0
CAV,D,20250806,000000,14.25,14.25,14.25,14.25,10,0
CAV,D,20250807,000000,14.5,14.75,14.1,14.1,2046,0
CAV,D,20250808,000000,14,14.1,14,14.1,1082,0
CAV,D,20250811,000000,14,14.5,14,14.5,288,0
CAV,D,20250812,000000,14.2,14.2,13.75,13.75,459,0
CAV,D,20250813,000000,13.8,13.85,13.8,13.8,79,0
CAV,D,20250814,000000,13.8,13.8,13.8,13.8,10,0
CAV,D,20250818,000000,13.75,13.75,13.7,13.7,662,0
CAV,D,20250819,000000,13.7,14,13.7,13.75,7,0
CAV,D,20250820,000000,13.75,13.95,13.75,13.75,64,0
CAV,D,20250821,000000,13.8,13.95,13.8,13.95,44,0
CAV,D,20250822,000000,13.95,13.95,13.95,13.95,162,0
CAV,D,20250825,000000,13.9,13.9,13.9,13.9,3,0
CAV,D,20250826,000000,13.9,13.95,13.9,13.9,101,0
CAV,D,20250827,000000,13.9,13.9,13.5,13.5,7027,0
CAV,D,20250828,000000,13.4,13.4,13,13,10100,0
CAV,D,20250829,000000,13.1,13.1,13,13,1549,0
CAV,D,20250901,000000,12.95,12.95,12,12,9760,0
CAV,D,20250902,000000,11.8,12.1,11.8,12,35593,0
CAV,D,20250903,000000,12,12,11.95,12,19856,0
CAV,D,20250904,000000,12,12.15,11.95,12,23264,0
CAV,D,20250905,000000,12.3,12.3,11.95,11.95,26596,0
CAV,D,20250908,000000,12,12,11.8,11.8,2825,0
CAV,D,20250909,000000,11.8,12,11.8,12,6349,0
CAV,D,20250910,000000,12,12.3,12,12,10772,0
CAV,D,20250911,000000,12,12.05,11.9,12,31576,0
CAV,D,20250912,000000,12,12,12,12,5092,0
CAV,D,20250915,000000,12,12,12,12,1709,0
CAV,D,20250916,000000,12,12,12,12,2170,0
CAV,D,20250917,000000,12,12,12,12,86,0
CAV,D,20250918,000000,12,12,11.9,12,1695,0
CAV,D,20250919,000000,12,12,11.9,12,174,0
CAV,D,20250922,000000,12,12,12,12,1871,0
CAV,D,20250923,000000,12,12,12,12,2632,0
CAV,D,20250924,000000,12,12,11.75,11.8,1312,0
CAV,D,20250925,000000,11.75,11.85,11.75,11.75,1226,0
CAV,D,20250926,000000,11.75,11.75,11.65,11.7,6732,0
CAV,D,20250929,000000,12.1,13.5,12,13,108391,0
CAV,D,20250930,000000,13.2,13.2,11.9,12.05,167087,0
CAV,D,20251001,000000,12.15,12.35,12,12,15526,0
CAV,D,20251002,000000,12,12.65,11.65,12.5,96474,0
CAV,D,20251003,000000,12.7,12.9,12.5,12.9,6328,0
CAV,D,20251006,000000,12.85,12.85,12.3,12.7,3433,0
CAV,D,20251007,000000,12.75,13.2,12.4,13.2,4493,0
CAV,D,20251008,000000,13.2,13.6,13.2,13.55,3716,0
CAV,D,20251009,000000,13.55,13.8,13.3,13.6,3283,0
CAV,D,20251010,000000,13.5,13.6,13.1,13.55,3136,0
CAV,D,20251013,000000,13.55,14.45,13.45,14.4,4310,0
CAV,D,20251014,000000,14.5,14.6,13.65,14.1,10329,0
CAV,D,20251015,000000,14.1,14.1,13.75,13.8,50,0
CAV,D,20251016,000000,14.1,14.3,13.7,14.2,5952,0
CAV,D,20251017,000000,13.75,14.15,13.75,14.15,444,0
CAV,D,20251020,000000,13.7,14.2,13.6,14.2,2309,0
CAV,D,20251021,000000,13.9,14.35,13.8,14.35,764,0
CAV,D,20251022,000000,14.35,14.4,13.85,14.35,11305,0
CAV,D,20251023,000000,13.9,14.3,13,13.8,4203,0
CAV,D,20251024,000000,13.85,13.85,13.6,13.85,164,0
CAV,D,20251027,000000,13.9,15.45,13.9,15.25,10039,0
CAV,D,20251028,000000,15.25,15.25,14.6,14.9,2254,0
CAV,D,20251029,000000,14.95,15.25,14.65,14.9,2205,0
CAV,D,20251030,000000,15,15.3,14.85,14.85,2405,0
CAV,D,20251031,000000,15.2,15.45,14.85,15,2194,0
CAV,D,20251103,000000,15.1,15.1,14.7,15,1166,0
CAV,D,20251104,000000,14.9,14.9,14.65,14.8,549,0
CAV,D,20251105,000000,14.85,14.85,14.4,14.75,336,0
CAV,D,20251106,000000,14.75,14.75,14.25,14.75,552,0
CAV,D,20251107,000000,14.65,14.65,14.15,14.4,1642,0
CAV,D,20251110,000000,14.55,14.65,14.15,14.65,1012,0
CAV,D,20251112,000000,14.7,15.05,14.65,14.8,4034,0
CAV,D,20251113,000000,15.1,15.15,15,15,3404,0
CAV,D,20251114,000000,15,15,14.6,14.95,839,0
CAV,D,20251117,000000,14.9,14.9,14.9,14.9,33,0
CAV,D,20251118,000000,14.9,14.9,14.15,14.4,2654,0
CAV,D,20251119,000000,14.2,14.5,14.2,14.5,884,0
CAV,D,20251120,000000,14.3,14.5,14.2,14.4,2816,0
CAV,D,20251121,000000,14.2,14.4,14.2,14.4,405,0
CAV,D,20251124,000000,14.2,14.4,14.1,14.2,791,0
CAV,D,20251125,000000,14.05,14.3,13.9,14.25,1139,0
CAV,D,20251126,000000,14.1,14.3,13.9,14.3,193,0
CAV,D,20251127,000000,13.9,14.1,13.9,14.1,457,0
CAV,D,20251128,000000,14,14.5,14,14.5,772,0
CAV,D,20251201,000000,14.3,14.3,13.9,13.95,2533,0
CAV,D,20251202,000000,13.4,13.9,13.3,13.6,3389,0
CAV,D,20251203,000000,13.5,13.7,13.35,13.35,1114,0
CAV,D,20251204,000000,13.35,13.6,13.2,13.4,939,0
CAV,D,20251205,000000,13.25,13.35,13,13.3,4230,0
CAV,D,20251208,000000,13.2,13.4,13,13.3,589,0
CAV,D,20251209,000000,13,13.2,12.9,13.2,595,0
CAV,D,20251210,000000,13.2,13.3,13,13.3,194,0
CAV,D,20251211,000000,13.25,13.3,13.15,13.3,980,0
CAV,D,20251212,000000,13.3,13.3,13.3,13.3,650,0
CAV,D,20251215,000000,13.35,13.45,13.3,13.35,5307,0
CAV,D,20251216,000000,13.45,13.5,13.45,13.45,5370,0
CAV,D,20251217,000000,13.45,13.55,13.45,13.5,458,0
CAV,D,20251218,000000,13.6,13.65,13.5,13.65,838,0
CAV,D,20251219,000000,13.65,13.7,13.45,13.45,910,0
CAV,D,20251222,000000,13.45,13.45,12.7,13.3,5688,0
CAV,D,20251223,000000,13.3,13.4,13.1,13.4,5527,0
CAV,D,20251229,000000,13.45,13.85,12.85,13.45,5044,0
CAV,D,20251230,000000,13.4,13.4,13.4,13.4,461,0
CAV,D,20260102,000000,13.45,13.9,13.45,13.9,1040,0
CAV,D,20260105,000000,13.65,13.65,13.4,13.4,10664,0
CAV,D,20260107,000000,13.4,13.6,13.4,13.6,290,0
CAV,D,20260108,000000,13.6,13.8,13.6,13.8,2334,0
CAV,D,20260109,000000,13.9,14.25,13.9,14.25,891,0
CAV,D,20260112,000000,14.45,14.6,13.8,14.35,2124,0
CAV,D,20260113,000000,14.35,14.35,13.8,13.8,742,0
CAV,D,20260114,000000,13.8,14.2,13.8,14.2,37079,0
CAV,D,20260115,000000,14.3,14.3,14.05,14.3,1385,0
CAV,D,20260116,000000,14.5,14.5,13.65,14.5,3563,0
CAV,D,20260119,000000,14.55,15,14.55,15,2928,0
CAV,D,20260120,000000,14.95,14.95,14.4,14.8,30070,0
CAV,D,20260121,000000,15,15,14.8,15,1064,0
CAV,D,20260122,000000,15,15.2,14.95,15.2,2169,0
CAV,D,20260123,000000,15.1,15.4,15.1,15.25,3685,0
CAV,D,20260126,000000,15.25,15.6,15.25,15.35,5336,0
CAV,D,20260127,000000,15.35,15.65,15.35,15.45,1208,0
CAV,D,20260128,000000,15.6,15.85,14.9,14.9,3121,0
CAV,D,20260129,000000,14.7,15,14.7,14.7,117,0
CAV,D,20260130,000000,14.95,15,14.55,14.55,2081,0
CAV,D,20260202,000000,14.55,14.6,14.55,14.6,49,0
CAV,D,20260203,000000,14.6,14.6,14.6,14.6,124,0
CAV,D,20260204,000000,14.6,14.6,14.6,14.6,19,0
CAV,D,20260205,000000,14.85,14.85,14.55,14.55,468,0
CAV,D,20260206,000000,14.55,14.55,14.1,14.1,1993,0
CAV,D,20260209,000000,14.1,14.1,14.1,14.1,126,0
CAV,D,20260210,000000,14.1,14.5,14.1,14.5,608,0
CAV,D,20260211,000000,14.7,14.7,14.35,14.35,402,0
CAV,D,20260212,000000,14.3,14.5,14.3,14.5,45,0
CAV,D,20260213,000000,14.5,14.55,14.4,14.4,460,0
CAV,D,20260216,000000,14.4,14.4,14.4,14.4,349,0
CAV,D,20260217,000000,14.35,14.5,14.35,14.5,171,0
CAV,D,20260218,000000,14.45,14.45,14.4,14.45,435,0
CAV,D,20260219,000000,14.5,14.5,14.3,14.45,2551,0
CAV,D,20260220,000000,14.45,14.7,14.4,14.45,229,0
CAV,D,20260223,000000,14.45,14.45,14.3,14.35,268,0
CAV,D,20260224,000000,14.45,14.45,14.3,14.35,3467,0
CAV,D,20260225,000000,14.55,14.55,14.55,14.55,10,0
CAV,D,20260226,000000,14.4,14.55,14.3,14.3,1112,0
CAV,D,20260227,000000,14.2,14.55,14.15,14.2,236,0
CAV,D,20260302,000000,14.3,14.3,14.15,14.15,584,0
CAV,D,20260303,000000,14.3,14.3,14,14,1581,0
CAV,D,20260304,000000,14,14,14,14,80,0
CAV,D,20260305,000000,14.05,14.05,14,14,28,0
CAV,D,20260306,000000,14.05,14.05,14.05,14.05,326,0
CAV,D,20260309,000000,14.4,14.4,14,14,329,0
CAV,D,20260310,000000,14.4,14.4,14,14,85,0
CAV,D,20260311,000000,14,14,14,14,440,0
CAV,D,20260312,000000,14,14,14,14,132,0
CAV,D,20260313,000000,13.6,13.75,13.6,13.75,251,0
CAV,D,20260316,000000,14,14,14,14,126,0
CAV,D,20260317,000000,13.9,14.05,13.9,14,128,0
CAV,D,20260318,000000,14,14.1,14,14,627,0
CAV,D,20260319,000000,14,14.1,14,14.1,1009,0
CAV,D,20260320,000000,14.1,14.1,14.1,14.1,1000,0
CAV,D,20260324,000000,14,14.15,14,14.15,9,0
CAV,D,20260325,000000,14,14,14,14,10,0
CAV,D,20260326,000000,14,14.1,14,14.1,420,0
CAV,D,20260327,000000,14.15,14.15,14.1,14.1,9,0
CAV,D,20260330,000000,14.1,14.1,14.1,14.1,117,0
CAV,D,20260331,000000,14.1,14.1,14,14,2262,0
CAV,D,20260401,000000,14.1,14.15,14.1,14.15,141,0
CAV,D,20260402,000000,14.1,14.1,14.1,14.1,115,0
CAV,D,20260407,000000,14,14.1,14,14,306,0
CAV,D,20260408,000000,14.1,14.1,14,14,609,0
CAV,D,20260409,000000,14,14,13.9,13.9,76,0
CAV,D,20260410,000000,13.9,13.9,13.9,13.9,10,0
CAV,D,20260413,000000,13.9,13.9,13.5,13.8,207,0
CAV,D,20260414,000000,13.7,13.8,13.7,13.75,150,0
CAV,D,20260415,000000,13.75,13.9,13.75,13.9,1989,0
CAV,D,20260416,000000,13.8,14,13.8,14,201,0
CAV,D,20260417,000000,13.95,13.95,13.6,13.6,575,0
CAV,D,20260420,000000,13.6,13.8,13.6,13.6,252,0
CAV,D,20260421,000000,13.6,13.6,13.6,13.6,2,0
CAV,D,20260422,000000,13.65,13.7,13.6,13.6,3750,0
CAV,D,20260423,000000,13.9,13.9,13.6,13.6,92,0
CAV,D,20260424,000000,13.9,13.95,13.65,13.95,446,0
CAV,D,20260427,000000,14,14,13.95,13.95,9,0
CAV,D,20260428,000000,13.95,13.95,13.95,13.95,3,0
CAV,D,20260429,000000,13.95,13.95,13.7,13.7,256,0
CAV,D,20260430,000000,13.6,13.85,13.5,13.8,382,0
CAV,D,20260504,000000,13.75,13.8,13.75,13.75,38,0
CAV,D,20260505,000000,13.75,13.75,13.05,13.3,795,0
CAV,D,20260506,000000,13.4,13.65,12.85,12.85,1363,0
CAV,D,20260507,000000,13.45,13.6,13.4,13.6,687,0
CAV,D,20260508,000000,13.6,13.6,13.6,13.6,18,0
CAV,D,20260511,000000,13.5,13.5,13.5,13.5,10,0
CAV,D,20260512,000000,13.45,13.55,13.45,13.55,242,0
CAV,D,20260513,000000,13.55,13.6,13.55,13.55,327,0
CAV,D,20260514,000000,13.35,13.6,13.3,13.6,79,0
CAV,D,20260515,000000,13.55,13.55,13.55,13.55,3,0
CAV,D,20260518,000000,13.55,13.55,13.55,13.55,2,0
CAV,D,20260519,000000,13.3,13.3,13.25,13.3,2974,0
CAV,D,20260520,000000,13.55,13.55,13.35,13.35,15,0
CAV,D,20260521,000000,13.55,13.55,13.55,13.55,3,0
CAV,D,20260522,000000,13.5,13.5,13.5,13.5,201,0
CAV,D,20260525,000000,13.5,13.55,13.5,13.5,990,0
CAV,D,20260526,000000,13.5,13.5,13.5,13.5,41,0
CAV,D,20260527,000000,13.6,13.6,13.6,13.6,25,0
CAV,D,20260528,000000,13.6,13.6,13,13,2196,0
CAV,D,20260529,000000,12.85,13.2,12.85,13.2,127,0
CAV,D,20260601,000000,13,13.1,12.85,13.1,1396,0
CAV,D,20260602,000000,12.85,13.2,12.5,12.7,1816,0
CAV,D,20260603,000000,13.1,13.1,13.1,13.1,20,0
CAV,D,20260605,000000,12.95,12.95,12.55,12.8,1300,0
CAV,D,20260608,000000,12.9,12.9,12.7,12.7,677,0
CAV,D,20260609,000000,12.7,13,12.7,12.8,1807,0
CAV,D,20260610,000000,12.6,12.9,12.5,12.9,1663,0
CAV,D,20260611,000000,12.9,13,12.9,13,532,0
CAV,D,20260612,000000,13,13.05,12.7,12.7,780,0
CAV,D,20260615,000000,13,13,12.6,12.6,1301,0
CAV,D,20260616,000000,12.95,12.95,12.95,12.95,93,0
CAV,D,20260617,000000,12.85,13,12.65,13,278,0
CAV,D,20260618,000000,13,13,12.5,12.5,5225,0
CAV,D,20260619,000000,12.5,12.6,12,12.6,2555,0
CAV,D,20260623,000000,12.2,12.55,12,12,1325,0
CAV,D,20260624,000000,12.05,12.3,12.05,12.3,352,0
CAV,D,20260626,000000,12.2,12.2,12.2,12.2,120,0
CAV,D,20260629,000000,12,12,12,12,50,0
CAV,D,20260630,000000,12.05,12.25,12.05,12.25,20,0
CAV,D,20260701,000000,12.05,12.5,12.05,12.5,423,0
CAV,D,20260702,000000,12.5,12.5,12,12,6119,0
CAV,D,20260703,000000,12.15,12.15,12.15,12.15,10,0
CAV,D,20260706,000000,12.45,12.45,12.45,12.45,8,0
CAV,D,20260707,000000,12.45,12.45,12.45,12.45,6,0
CAV,D,20260708,000000,12.45,12.85,12.45,12.7,1183,0
CAV,D,20260709,000000,12.75,12.75,12.75,12.75,200,0
CAV,D,20260710,000000,12.4,14.5,12,12.9,8573,0
CAV,D,20260713,000000,13.45,13.45,12.9,12.9,162,0
CAV,D,20260714,000000,13.25,13.25,13,13.2,149,0
CAV,D,20260715,000000,13.2,13.2,13.05,13.05,182,0
CAV,D,20260716,000000,13.25,13.3,13.1,13.3,526,0
CAV,D,20260717,000000,13.1,13.1,13,13,115,0
CAV,D,20260720,000000,12.95,13.3,12.95,13.3,103,0
CAV,D,20260721,000000,13,13,12.9,12.9,55,0
CAV,D,20260723,000000,12.85,12.85,12.85,12.85,308,0
CAV,D,20260724,000000,12.9,12.9,12.9,12.9,44,0
CAV,D,20260727,000000,12.9,12.9,12.9,12.9,15,0
CAV,D,20260728,000000,12.95,12.95,12.85,12.85,469,0
CAV,D,20260729,000000,12.8,12.8,12.8,12.8,173,0
CAV,D,20260730,000000,12.8,13.1,12.8,12.85,160,0
CAV,D,20260731,000000,12.8,12.8,12.8,12.8,86,0
CAV,D,20260803,000000,12.9,12.9,12.9,12.9,129,0
CAV,D,20260804,000000,12.9,12.9,12.9,12.9,6,0
CAV,D,20260805,000000,12.9,12.9,12.85,12.85,10,0
CAV,D,20260806,000000,12.9,12.9,12.9,12.9,1942,0
CAV,D,20260807,000000,12.9,13.15,12.9,13,268,0
CAV,D,20260810,000000,12.85,13.15,12.1,12.2,8157,0
CAV,D,20260811,000000,12.45,12.6,12.45,12.5,1182,0
CAV,D,20260812,000000,12.5,12.7,12.5,12.7,1189,0
CAV,D,20260813,000000,12.8,12.8,12.6,12.6,594,0
CAV,D,20260814,000000,12.55,12.6,12.5,12.55,751,0
CAV,D,20260817,000000,12.8,12.9,12.8,12.8,536,0
CAV,D,20260818,000000,12.9,12.95,12.9,12.95,208,0
