<TICKER>,<PER>,<DATE>,<TIME>,<OPEN>,<HIGH>,<LOW>,<CLOSE>,<VOL>,<OPENINT>
CRI,D,20211012,000000,64.2447,64.2447,59.4132,61.6245,58478.893549646404,0
CRI,D,20211013,000000,62.6676,74.2665,61.7497,72.5976,44432.5983880536,0
CRI,D,20211014,000000,75.5182,108.579,75.0175,108.462,91148.1241955112,0
CRI,D,20211015,000000,112.568,125.168,92.2073,94.3101,86342.59193734321,0
CRI,D,20211018,000000,96.9637,102.638,86.1825,94.7106,14946.283871289601,0
CRI,D,20211019,000000,94.3769,99.0498,87.6345,94.2934,5687.545161412801,0
CRI,D,20211020,000000,91.0724,91.7734,80.1911,83.4455,12259.500000264,0
CRI,D,20211021,000000,84.0296,100.151,80.3747,95.5284,11645.9258067024,0
CRI,D,20211022,000000,99.2668,99.2668,88.7026,97.6312,6513.233871108,0
CRI,D,20211025,000000,99.3001,99.3001,92.6245,92.8748,5885.2790323848,0
CRI,D,20211026,000000,94.961,95.2948,90.3047,92.8748,3000.7612903872005,0
CRI,D,20211027,000000,92.541,92.541,84.2799,87.1838,2110.3596774648004,0
CRI,D,20211028,000000,87.1838,92.4576,83.4371,92.4576,3221.2645161984,0
CRI,D,20211029,000000,90.1378,90.1378,84.814,89.4536,2469.8758065048,0
CRI,D,20211102,000000,88.4522,89.2867,82.611,89.1865,3837.2354839536,0
CRI,D,20211103,000000,87.6178,87.6178,84.2799,85.031,1435.6677419664002,0
CRI,D,20211104,000000,85.5316,86.7833,82.6194,86.7833,757.3806451776001,0
CRI,D,20211105,000000,86.1491,96.7968,83.4455,91.7233,3918.725806536,0
CRI,D,20211108,000000,93.2587,97.4643,89.2867,95.1279,6522.8209678824005,0
CRI,D,20211109,000000,95.1279,99.9677,92.6412,95.0444,8350.3612905024,0
CRI,D,20211110,000000,99.1332,99.3001,95.1112,97.6312,3535.2419355600005,0
CRI,D,20211112,000000,97.6312,99.3001,95.3949,99.3001,3126.5919355512,0
CRI,D,20211115,000000,100.118,106.727,97.0304,99.9677,2028.8693548824,0
CRI,D,20211116,000000,98.0651,99.9176,89.2867,92.6245,1924.6096774608002,0
CRI,D,20211117,000000,94.1599,94.2934,89.2867,91.79,686.6758064664001,0
CRI,D,20211118,000000,94.2767,94.2767,84.3634,89.7039,2390.7822581160003,0
CRI,D,20211119,000000,90.9556,90.9556,87.6178,90.1211,1072.556451636,0
CRI,D,20211122,000000,90.1211,90.9556,88.4522,88.4522,444.6016129128,0
CRI,D,20211123,000000,88.8528,90.8888,84.2799,87.6178,974.2887096984001,0
CRI,D,20211124,000000,90.5384,90.7052,87.6011,90.7052,971.8919355048001,0
CRI,D,20211125,000000,90.7052,90.7052,86.3661,87.6178,1463.2306451928002,0
CRI,D,20211126,000000,85.9822,90.0377,85.9489,86.7833,1140.8645161536,0
CRI,D,20211129,000000,86.7833,86.7833,84.2799,86.7833,1260.7032258336,0
CRI,D,20211130,000000,86.7666,93.459,86.7666,88.4522,1784.3983871352002,0
CRI,D,20211201,000000,90.1211,91.79,90.1044,91.79,919.1629032456001,0
CRI,D,20211202,000000,93.3421,93.4423,84.3634,88.4522,861.6403225992001,0
CRI,D,20211203,000000,89.27,91.7567,87.6178,88.4522,506.91774194640004,0
CRI,D,20211206,000000,88.4355,89.27,85.9822,88.786,371.50000000800003,0
CRI,D,20211207,000000,87.1838,88.035,73.0983,80.1077,7897.370967912001,0
CRI,D,20211208,000000,80.1911,82.6194,77.6043,82.611,4521.514516226401,0
CRI,D,20211209,000000,80.9421,83.4371,80.9421,81.7766,327.15967742640004,0
CRI,D,20211210,000000,84.9475,84.9475,80.9505,81.7599,675.8903225952,0
CRI,D,20211213,000000,79.2732,80.0993,77.6043,79.2732,1970.1483871392002,0
CRI,D,20211214,000000,80.1077,81.7849,77.596,79.2732,849.6564516312001,0
CRI,D,20211215,000000,81.7515,90.772,80.9421,89.27,3117.0048387768,0
CRI,D,20211216,000000,89.27,90.1211,85.5316,90.1211,1656.1709677776003,0
CRI,D,20211217,000000,90.9389,90.9389,88.2019,90.021,570.4322580768,0
CRI,D,20211220,000000,89.2867,90.1044,84.6972,88.4522,436.21290323520003,0
CRI,D,20211221,000000,89.9542,95.1279,89.27,91.6231,1953.3709677840002,0
CRI,D,20211222,000000,93.459,95.1279,93.4423,94.2934,1451.2467742248002,0
CRI,D,20211223,000000,94.6272,94.6272,87.6178,90.1044,288.8112903288,0
CRI,D,20211227,000000,90.1044,91.79,87.7179,91.7066,521.298387108,0
CRI,D,20211228,000000,91.6899,91.6899,88.8528,90.1211,754.9838709840001,0
CRI,D,20211229,000000,91.6899,94.7106,91.4396,93.8762,933.5435484072001,0
CRI,D,20211230,000000,88.035,93.4423,88.035,90.1211,1046.1919355064001,0
CRI,D,20220103,000000,91.5898,95.0611,90.9556,94.961,1459.6354839024002,0
CRI,D,20220104,000000,94.2934,94.2934,89.3701,94.2433,480.5532258168,0
CRI,D,20220105,000000,95.0611,95.6953,90.1211,93.8762,1287.0677419632002,0
CRI,D,20220107,000000,93.8762,95.9623,91.7734,94.1933,955.1145161496,0
CRI,D,20220110,000000,94.2934,105.976,94.2934,101.803,4763.5887097800005,0
CRI,D,20220111,000000,100.135,106.31,100.135,105.225,1417.6919355144,0
CRI,D,20220112,000000,105.976,105.976,97.6312,99.3836,979.0822580856001,0
CRI,D,20220113,000000,103.456,119.978,99.3669,115.989,6574.351613044801,0
CRI,D,20220114,000000,115.989,118.493,109.314,116.406,3892.3612904064003,0
CRI,D,20220117,000000,110.348,113.903,107.227,112.234,3933.1064516976003,0
CRI,D,20220118,000000,112.651,152.705,108.663,148.116,12433.266129300002,0
CRI,D,20220119,000000,141.874,145.195,126.019,131.844,4964.9177420424,0
CRI,D,20220120,000000,133.513,146.013,133.513,143.426,5350.798387212,0
CRI,D,20220121,000000,138.52,146.03,136.016,136.016,1474.016129064,0
CRI,D,20220124,000000,136.851,140.188,113.603,114.521,4362.129032352001,0
CRI,D,20220125,000000,114.521,133.096,114.521,131.81,4581.433871066401,0
CRI,D,20220126,000000,129.324,137.668,129.24,132.645,2589.7145161848002,0
CRI,D,20220127,000000,131.744,131.744,119.494,122.665,2095.9790323032003,0
CRI,D,20220128,000000,125.168,129.341,115.171,128.506,1761.629032296,0
CRI,D,20220131,000000,125.168,133.346,120.162,133.096,638.7403225944,0
CRI,D,20220201,000000,128.873,137.685,128.873,136.834,3831.2435484696002,0
CRI,D,20220202,000000,138.52,143.526,135.515,135.515,1518.3564516456001,0
CRI,D,20220203,000000,136.851,137.017,127.755,133.012,1106.1112903464002,0
CRI,D,20220204,000000,133.012,133.513,125.168,133.463,1603.4419355184002,0
CRI,D,20220207,000000,134.347,135.132,133.463,133.513,457.78387097760003,0
CRI,D,20220208,000000,135.098,139.354,129.424,135.999,788.5387096944,0
CRI,D,20220209,000000,136.433,136.433,133.513,133.513,420.63387097680004,0
CRI,D,20220210,000000,134.347,137.668,132.678,135.098,783.7451613072001,0
CRI,D,20220211,000000,139.337,139.337,134.08,138.937,908.3774193744001,0
CRI,D,20220214,000000,133.496,133.496,125.168,129.341,1030.612903248,0
CRI,D,20220215,000000,129.591,135.182,128.506,131.961,239.67741936000002,0
CRI,D,20220216,000000,133.513,133.513,127.121,132.662,208.5193548432,0
CRI,D,20220217,000000,131.76,131.76,123.499,123.499,1155.2451613152,0
CRI,D,20220218,000000,127.171,128.923,118.91,122.665,862.838709696,0
CRI,D,20220221,000000,119.344,120.162,115.155,116.74,1662.1629032616001,0
CRI,D,20220222,000000,113.486,116.74,104.641,116.74,1209.1725806712002,0
CRI,D,20220223,000000,116.824,122.481,112.401,113.736,908.3774193744001,0
CRI,D,20220224,000000,100.135,106.81,91.79,105.959,4622.179032357601,0
CRI,D,20220225,000000,108.479,116.74,108.479,115.822,708.2467742088,0
CRI,D,20220228,000000,110.148,122.448,110.148,120.128,697.4612903376001,0
CRI,D,20220301,000000,120.162,120.996,109.48,116.74,796.927419372,0
CRI,D,20220302,000000,116.74,130.075,116.74,128.506,3239.2403226504002,0
CRI,D,20220303,000000,130.993,143.51,125.168,130.175,1844.3177419752,0
CRI,D,20220304,000000,130.175,130.175,116.824,120.162,1179.2129032512,0
CRI,D,20220307,000000,119.744,125.168,110.165,125.168,860.4419355024,0
CRI,D,20220308,000000,116.84,123.499,112.668,120.996,586.0112903352001,0
CRI,D,20220309,000000,120.996,124.267,113.536,118.576,663.9064516272001,0
CRI,D,20220310,000000,120.979,120.996,115.155,119.31,560.8451613024,0
CRI,D,20220311,000000,119.744,121.814,112.651,116.824,1143.2612903472002,0
CRI,D,20220314,000000,119.16,119.327,112.651,115.989,2256.5629032744,0
CRI,D,20220315,000000,115.989,120.913,115.989,120.913,494.9338709784,0
CRI,D,20220316,000000,120.979,129.357,120.979,127.505,1572.2838710016001,0
CRI,D,20220317,000000,128.506,128.923,125.168,126.837,321.1677419424,0
CRI,D,20220318,000000,124.334,128.423,124.334,126.837,731.016129048,0
CRI,D,20220321,000000,126.837,128.339,125.168,128.339,282.81935484480005,0
CRI,D,20220322,000000,128.339,140.939,128.339,140.188,1819.1516129424,0
CRI,D,20220323,000000,141.023,143.51,137.685,141.857,276.82741936080004,0
CRI,D,20220324,000000,141.857,142.775,132.678,138.52,1241.5290322848002,0
CRI,D,20220325,000000,142.708,142.708,136.934,141.357,148.60000000320002,0
CRI,D,20220328,000000,141.023,144.344,141.023,144.344,2128.3354839168,0
CRI,D,20220329,000000,141.857,144.344,140.188,141.857,310.38225807120006,0
CRI,D,20220330,000000,141.857,141.857,140.205,141.023,41.943548388,0
CRI,D,20220331,000000,136.016,141.857,136.016,139.371,177.36129032640002,0
CRI,D,20220401,000000,139.371,144.361,139.354,144.194,975.4870967952,0
CRI,D,20220404,000000,144.361,154.374,140.205,149.367,1607.0370968088002,0
CRI,D,20220405,000000,149.367,149.367,141.857,141.857,846.0612903408,0
CRI,D,20220406,000000,146.03,146.03,139.354,141.857,147.4016129064,0
CRI,D,20220407,000000,138.102,141.023,136.016,136.016,464.97419355840003,0
CRI,D,20220408,000000,137.685,140.188,137.602,137.685,1052.1838709904,0
CRI,D,20220411,000000,140.939,141.023,133.513,133.513,606.3838709808,0
CRI,D,20220412,000000,133.529,137.685,133.513,133.513,301.9935483936,0
CRI,D,20220413,000000,141.857,141.857,133.513,136.016,134.21935484160002,0
CRI,D,20220414,000000,137.852,137.852,132.678,132.678,558.4483871088,0
CRI,D,20220419,000000,132.678,136.517,126.003,127.672,904.7822580840001,0
CRI,D,20220420,000000,131.677,131.844,126.003,126.003,617.1693548520001,0
CRI,D,20220421,000000,127.672,131.343,126.003,129.507,288.8112903288,0
CRI,D,20220422,000000,129.507,133.513,129.507,132.011,158.1870967776,0
CRI,D,20220425,000000,130.175,130.342,124.334,124.334,1136.0709677664001,0
CRI,D,20220426,000000,129.674,133.346,125.168,125.335,225.29677419840002,0
CRI,D,20220427,000000,126.67,126.67,120.996,125.001,464.97419355840003,0
CRI,D,20220428,000000,124.834,125.001,124.834,125.001,83.887096776,0
CRI,D,20220429,000000,124.834,129.341,124.334,126.503,228.89193548880002,0
CRI,D,20220502,000000,126.503,129.174,124.334,125.001,337.9451612976,0
CRI,D,20220504,000000,121.83,124.834,121.83,124.334,183.3532258104,0
CRI,D,20220505,000000,124.334,125.001,124.334,125.001,184.55161290720002,0
CRI,D,20220506,000000,122.665,124.834,116.657,120.996,697.4612903376001,0
CRI,D,20220509,000000,113.987,120.162,113.987,119.327,170.17096774560002,0
CRI,D,20220510,000000,116.323,119.16,116.156,116.824,242.07419355360003,0
CRI,D,20220511,000000,116.156,116.657,112.651,116.323,786.1419355008001,0
CRI,D,20220512,000000,112.651,112.651,101.803,108.312,2897.7000000624002,0
CRI,D,20220513,000000,108.312,112.651,108.312,112.485,234.88387097280003,0
CRI,D,20220516,000000,112.818,135.182,112.818,125.168,891.6000000192,0
CRI,D,20220517,000000,125.836,128.84,122.498,124.334,419.43548388000005,0
CRI,D,20220518,000000,122.498,125.001,122.498,123.499,146.2032258096,0
CRI,D,20220519,000000,121.997,121.997,119.327,119.327,436.21290323520003,0
CRI,D,20220520,000000,119.828,120.829,118.493,118.493,461.37903226800006,0
CRI,D,20220523,000000,118.159,119.327,116.824,119.327,245.66935484400003,0
CRI,D,20220524,000000,116.824,116.824,115.989,116.824,170.17096774560002,0
CRI,D,20220525,000000,116.657,116.657,110.983,112.651,309.1838709744,0
CRI,D,20220526,000000,116.657,116.657,115.155,115.155,34.7532258072,0
CRI,D,20220527,000000,114.988,114.988,110.983,114.821,88.68064516320001,0
CRI,D,20220530,000000,116.824,116.824,114.821,114.821,101.86290322800001,0
CRI,D,20220531,000000,116.49,116.824,110.983,114.32,294.8032258128,0
CRI,D,20220601,000000,110.148,115.155,110.148,114.32,64.7129032272,0
CRI,D,20220602,000000,114.32,114.32,113.486,113.486,26.364516129600002,0
CRI,D,20220603,000000,110.148,113.486,110.148,110.983,419.43548388000005,0
CRI,D,20220606,000000,109.314,113.486,108.479,113.486,274.4306451672,0
CRI,D,20220607,000000,111.817,111.817,108.98,110.148,262.44677419920004,0
CRI,D,20220608,000000,109.314,113.319,109.147,112.651,98.26774193760001,0
CRI,D,20220609,000000,111.817,115.155,110.649,115.155,466.1725806552,0
CRI,D,20220610,000000,113.987,115.155,108.479,113.987,454.18870968720006,0
CRI,D,20220613,000000,112.651,112.651,104.307,105.642,1363.7645161584,0
CRI,D,20220614,000000,105.642,107.978,105.308,105.976,953.9161290528001,0
CRI,D,20220615,000000,102.638,107.645,98.4657,107.645,983.8758064728,0
CRI,D,20220617,000000,100.468,103.472,100.135,100.969,463.77580646160004,0
CRI,D,20220620,000000,100.969,105.976,100.135,105.976,290.00967742560005,0
CRI,D,20220621,000000,104.307,115.155,104.307,115.155,337.9451612976,0
CRI,D,20220622,000000,107.645,108.479,107.144,107.812,76.6967741952,0
CRI,D,20220623,000000,108.479,108.479,107.812,107.978,147.4016129064,0
CRI,D,20220624,000000,110.148,112.651,100.135,102.638,860.4419355024,0
CRI,D,20220627,000000,102.638,108.479,101.136,105.141,250.46290323120002,0
CRI,D,20220628,000000,105.141,108.312,101.97,104.808,64.7129032272,0
CRI,D,20220629,000000,102.638,105.642,102.304,105.642,155.79032258400002,0
CRI,D,20220630,000000,105.642,105.642,104.307,104.307,19.1741935488,0
CRI,D,20220701,000000,102.638,108.145,101.97,106.81,206.12258064960002,0
CRI,D,20220704,000000,106.81,106.81,101.803,104.307,393.07096775040003,0
CRI,D,20220705,000000,104.307,107.478,100.135,104.307,328.3580645232,0
CRI,D,20220706,000000,102.471,107.478,102.471,104.307,69.5064516144,0
CRI,D,20220707,000000,104.307,114.32,104.307,112.651,739.4048387256,0
CRI,D,20220708,000000,115.155,123.332,114.988,121.83,751.3887096936,0
CRI,D,20220711,000000,122.999,122.999,108.813,118.493,915.5677419552001,0
CRI,D,20220712,000000,116.824,116.824,109.48,114.988,139.0129032288,0
CRI,D,20220713,000000,115.155,115.155,106.81,110.816,299.5967742,0
CRI,D,20220714,000000,107.645,110.816,105.976,109.314,186.9483871008,0
CRI,D,20220715,000000,109.314,109.314,104.307,107.478,377.49193549200004,0
CRI,D,20220718,000000,104.307,111.817,104.307,108.479,267.2403225864,0
CRI,D,20220719,000000,110.649,111.65,105.141,105.141,290.00967742560005,0
CRI,D,20220720,000000,108.479,108.479,105.976,107.645,135.4177419384,0
CRI,D,20220721,000000,110.983,110.983,105.976,107.645,239.67741936000002,0
CRI,D,20220722,000000,106.143,110.983,106.143,107.812,162.98064516480002,0
CRI,D,20220725,000000,106.81,110.983,106.81,110.983,213.31290323040002,0
CRI,D,20220726,000000,110.983,110.983,106.81,108.312,222.9000000048,0
CRI,D,20220727,000000,107.645,108.312,106.81,108.312,105.45806451840001,0
CRI,D,20220728,000000,108.312,108.312,102.471,105.976,750.1903225968001,0
CRI,D,20220729,000000,105.976,107.478,100.135,107.478,580.0193548512001,0
CRI,D,20220801,000000,106.31,106.81,105.976,105.976,112.64838709920001,0
CRI,D,20220802,000000,107.311,107.311,103.472,103.472,98.26774193760001,0
CRI,D,20220803,000000,102.805,108.312,101.136,107.311,529.6870967856,0
CRI,D,20220804,000000,106.81,106.81,104.307,106.81,286.4145161352,0
CRI,D,20220805,000000,105.141,108.479,105.141,106.81,445.8000000096,0
CRI,D,20220808,000000,106.81,106.81,100.635,106.476,290.00967742560005,0
CRI,D,20220809,000000,105.809,105.809,103.472,103.472,201.3290322624,0
CRI,D,20220810,000000,102.638,102.638,100.135,101.803,647.129032272,0
CRI,D,20220811,000000,101.803,105.809,101.803,103.472,245.66935484400003,0
CRI,D,20220812,000000,104.307,104.307,104.307,104.307,11.983870968000002,0
CRI,D,20220816,000000,104.307,104.307,100.969,103.306,382.28548387920006,0
CRI,D,20220817,000000,102.638,102.638,99.3001,101.803,494.9338709784,0
CRI,D,20220818,000000,104.14,104.14,100.135,102.972,166.57580645520002,0
CRI,D,20220819,000000,100.468,102.972,100.468,102.471,69.5064516144,0
CRI,D,20220822,000000,100.301,100.301,99.3001,100.135,201.3290322624,0
CRI,D,20220823,000000,99.467,103.806,98.1319,101.803,738.2064516288001,0
CRI,D,20220824,000000,97.2974,101.303,95.9623,97.6312,691.4693548536001,0
CRI,D,20220825,000000,96.1292,99.9677,95.9623,99.9677,438.6096774288,0
CRI,D,20220826,000000,99.9677,99.9677,96.9637,98.4657,56.324193549600004,0
CRI,D,20220829,000000,96.9637,96.9637,93.2921,93.2921,570.4322580768,0
CRI,D,20220830,000000,93.459,98.4657,93.459,98.4657,131.822580648,0
CRI,D,20220831,000000,97.6312,98.4657,95.9623,98.4657,130.62419355120002,0
CRI,D,20220901,000000,98.2988,98.2988,92.6245,95.7954,808.91129034,0
CRI,D,20220902,000000,93.459,97.1306,92.6245,96.6299,282.81935484480005,0
CRI,D,20220905,000000,95.9623,99.6339,95.1279,98.9664,304.39032258720005,0
CRI,D,20220906,000000,98.4657,98.4657,94.4603,96.6299,95.87096774400001,0
CRI,D,20220907,000000,97.6312,97.6312,90.9556,95.1279,889.2032258256,0
CRI,D,20220908,000000,95.1279,96.6299,94.2934,96.6299,124.63225806720001,0
CRI,D,20220909,000000,95.9623,97.6312,94.961,95.1279,105.45806451840001,0
CRI,D,20220912,000000,95.1279,95.1279,92.7914,94.2934,286.4145161352,0
CRI,D,20220913,000000,94.7941,96.6299,94.7941,96.463,134.21935484160002,0
CRI,D,20220914,000000,96.463,98.2988,94.4603,98.2988,107.854838712,0
CRI,D,20220915,000000,94.6272,94.961,91.79,94.961,581.217741948,0
CRI,D,20220916,000000,93.7927,96.7968,93.7927,96.7968,195.33709677840002,0
CRI,D,20220919,000000,95.1279,95.1279,92.9583,93.1252,85.08548387280001,0
CRI,D,20220920,000000,95.1279,95.1279,92.6245,94.2934,103.06129032480001,0
CRI,D,20220921,000000,91.79,91.79,90.9556,90.9556,285.2161290384,0
CRI,D,20220922,000000,90.9556,93.459,90.288,93.459,173.76612903600002,0
CRI,D,20220923,000000,91.79,93.459,91.79,92.6245,53.927419356,0
CRI,D,20220926,000000,91.79,92.9583,87.6178,92.2907,488.94193549440007,0
CRI,D,20220927,000000,92.2907,93.7927,91.79,93.459,179.75806452,0
CRI,D,20220928,000000,89.4536,93.2921,85.9489,89.4536,641.137096788,0
CRI,D,20220929,000000,88.4522,93.2921,87.7847,91.6231,69.5064516144,0
CRI,D,20220930,000000,88.6191,107.144,88.6191,100.969,2357.2274194056004,0
CRI,D,20221003,000000,100.135,100.135,90.288,96.1292,629.1532258200001,0
CRI,D,20221004,000000,99.9677,104.307,99.6339,102.638,740.6032258224001,0
CRI,D,20221005,000000,104.14,104.307,100.301,103.306,834.0774193728,0
CRI,D,20221006,000000,104.14,104.14,103.306,103.806,242.07419355360003,0
CRI,D,20221007,000000,103.306,103.306,100.468,100.468,134.21935484160002,0
CRI,D,20221010,000000,100.969,102.638,99.467,99.467,282.81935484480005,0
CRI,D,20221011,000000,103.472,119.327,99.467,110.148,2618.4758065080005,0
CRI,D,20221012,000000,110.315,112.651,106.81,107.478,442.20483871920004,0
CRI,D,20221013,000000,113.152,113.152,108.479,110.148,71.903225808,0
CRI,D,20221014,000000,110.148,110.148,108.479,108.479,34.7532258072,0
CRI,D,20221017,000000,112.485,112.485,101.637,107.144,340.34193549120005,0
CRI,D,20221018,000000,107.478,110.983,104.307,109.981,200.13064516560001,0
CRI,D,20221019,000000,108.479,110.983,108.479,110.983,53.927419356,0
CRI,D,20221020,000000,110.148,110.148,108.479,108.479,20.372580645600003,0
CRI,D,20221021,000000,108.479,109.314,104.307,109.314,127.02903226080001,0
CRI,D,20221024,000000,109.314,109.314,105.308,109.147,47.935483872000006,0
CRI,D,20221025,000000,105.308,108.479,105.141,105.141,196.53548387520001,0
CRI,D,20221026,000000,105.141,107.645,104.307,107.311,206.12258064960002,0
CRI,D,20221027,000000,107.478,107.478,106.81,106.81,47.935483872000006,0
CRI,D,20221028,000000,107.645,107.645,106.81,106.81,57.5225806464,0
CRI,D,20221031,000000,107.645,110.148,103.973,109.981,497.33064517200006,0
CRI,D,20221102,000000,108.479,108.479,107.311,108.312,85.08548387280001,0
CRI,D,20221103,000000,108.145,108.479,102.638,107.478,118.64032258320002,0
CRI,D,20221104,000000,106.81,107.645,104.307,107.478,671.096774208,0
CRI,D,20221107,000000,106.81,107.478,106.81,106.81,214.51129032720002,0
CRI,D,20221108,000000,107.645,107.645,107.645,107.645,2.3967741936,0
CRI,D,20221109,000000,107.144,108.479,107.144,108.479,150.9967741968,0
CRI,D,20221110,000000,107.978,108.312,105.141,108.145,119.83870968000001,0
CRI,D,20221114,000000,106.81,106.81,100.135,101.136,1617.82258068,0
CRI,D,20221115,000000,103.806,104.14,94.2934,95.1279,2546.5725807000003,0
CRI,D,20221116,000000,93.459,104.808,93.459,99.467,870.0290322768001,0
CRI,D,20221117,000000,104.307,104.307,98.4657,98.4657,149.7983871,0
CRI,D,20221118,000000,102.638,102.638,98.2988,102.471,351.1274193624,0
CRI,D,20221121,000000,104.14,104.14,98.6326,103.306,321.1677419424,0
CRI,D,20221122,000000,103.306,103.306,101.803,103.306,93.4741935504,0
CRI,D,20221123,000000,100.135,103.306,99.467,102.638,50.3322580656,0
CRI,D,20221124,000000,102.638,103.472,96.7968,103.472,363.11129033040004,0
CRI,D,20221125,000000,102.638,103.472,101.803,103.472,64.7129032272,0
CRI,D,20221128,000000,100.969,106.31,99.3001,103.806,1010.2403226024,0
CRI,D,20221129,000000,104.14,104.307,101.803,101.803,105.45806451840001,0
CRI,D,20221130,000000,104.14,104.14,96.9637,100.135,725.024193564,0
CRI,D,20221201,000000,100.135,100.135,92.9583,93.7927,2439.9161290848,0
CRI,D,20221202,000000,93.2921,96.7968,93.2921,96.7968,829.2838709856001,0
CRI,D,20221205,000000,96.7968,98.1319,93.459,96.6299,675.8903225952,0
CRI,D,20221206,000000,93.459,96.463,93.459,96.463,186.9483871008,0
CRI,D,20221207,000000,96.7968,97.4643,94.2934,96.7968,149.7983871,0
CRI,D,20221208,000000,95.9623,95.9623,91.9569,91.9569,1241.5290322848002,0
CRI,D,20221209,000000,95.1279,95.7954,89.2867,93.459,1259.5048387368001,0
CRI,D,20221212,000000,93.459,95.9623,93.459,95.9623,243.27258065040002,0
CRI,D,20221213,000000,95.1279,97.6312,95.1279,97.6312,238.47903226320003,0
CRI,D,20221214,000000,99.3001,99.467,95.9623,98.4657,197.733870972,0
CRI,D,20221215,000000,99.1332,99.1332,95.9623,98.1319,73.1016129048,0
CRI,D,20221216,000000,96.7968,97.965,96.7968,97.965,115.0451612928,0
CRI,D,20221219,000000,95.9623,97.6312,95.9623,97.6312,15.579032258400002,0
CRI,D,20221220,000000,97.6312,97.6312,90.4549,93.459,1572.2838710016001,0
CRI,D,20221221,000000,91.1225,95.6285,91.1225,95.6285,335.548387104,0
CRI,D,20221222,000000,95.1279,95.7954,92.9583,94.961,371.50000000800003,0
CRI,D,20221223,000000,94.961,95.1279,90.9556,94.2934,319.96935484560004,0
CRI,D,20221227,000000,91.79,95.1279,91.79,93.459,198.93225806880002,0
CRI,D,20221228,000000,94.4603,94.4603,92.1238,94.4603,499.72741936560004,0
CRI,D,20221229,000000,94.1265,94.961,92.1238,94.961,431.419354848,0
CRI,D,20221230,000000,94.1265,94.961,93.459,94.961,334.35000000720004,0
CRI,D,20230102,000000,89.4536,96.1292,89.4536,95.6285,1508.7693548712002,0
CRI,D,20230103,000000,93.459,100.969,93.459,100.135,1497.9838710000001,0
CRI,D,20230104,000000,101.803,101.803,97.6312,99.9677,216.90806452080002,0
CRI,D,20230105,000000,99.467,100.468,98.6326,98.6326,180.95645161680002,0
CRI,D,20230109,000000,101.637,101.803,98.7995,101.47,213.31290323040002,0
CRI,D,20230110,000000,101.803,106.81,97.965,102.805,1755.6370968120002,0
CRI,D,20230111,000000,103.472,107.645,103.139,104.474,1169.6258064768,0
CRI,D,20230112,000000,104.974,108.312,104.974,107.645,882.0129032448001,0
CRI,D,20230113,000000,109.647,115.989,104.808,110.816,1839.5241935880001,0
CRI,D,20230116,000000,110.983,113.152,109.814,112.651,553.6548387216001,0
CRI,D,20230117,000000,114.988,115.155,109.48,110.649,758.5790322744001,0
CRI,D,20230118,000000,110.148,110.482,108.646,110.482,359.51612904,0
CRI,D,20230119,000000,109.981,110.315,108.479,109.814,387.0790322664,0
CRI,D,20230120,000000,109.814,109.814,108.479,108.479,116.24354838960001,0
CRI,D,20230123,000000,111.817,112.485,108.813,111.483,257.653225812,0
CRI,D,20230124,000000,110.983,111.483,106.81,109.314,233.68548387600003,0
CRI,D,20230125,000000,110.148,110.148,107.645,110.148,31.158064516800003,0
CRI,D,20230126,000000,109.981,109.981,107.812,109.981,38.3483870976,0
CRI,D,20230127,000000,109.981,112.318,108.98,112.318,1702.9080645528002,0
CRI,D,20230130,000000,112.318,112.318,110.482,112.151,359.51612904,0
CRI,D,20230131,000000,112.151,112.151,107.645,109.981,599.1935484,0
CRI,D,20230201,000000,109.981,111.984,109.147,111.984,415.8403225896,0
CRI,D,20230202,000000,110.983,110.983,110.816,110.983,95.87096774400001,0
CRI,D,20230203,000000,110.983,110.983,110.482,110.983,117.44193548640001,0
CRI,D,20230206,000000,109.48,110.983,109.48,109.48,287.612903232,0
CRI,D,20230207,000000,108.479,108.479,105.976,108.479,158.1870967776,0
CRI,D,20230208,000000,110.315,120.162,110.315,117.491,1505.1741935808002,0
CRI,D,20230209,000000,120.162,122.665,117.992,121.83,1207.9741935744,0
CRI,D,20230210,000000,121.83,121.83,117.658,118.659,343.9370967816,0
CRI,D,20230213,000000,120.829,120.829,116.824,117.658,1291.8612903504002,0
CRI,D,20230214,000000,118.493,120.162,116.824,120.162,823.2919355016,0
CRI,D,20230215,000000,120.162,123.499,120.162,123.499,1324.2177419640002,0
CRI,D,20230216,000000,125.168,129.341,125.168,126.837,1254.7112903496002,0
CRI,D,20230217,000000,129.174,129.174,125.168,128.84,415.8403225896,0
CRI,D,20230220,000000,130.175,136.851,130.175,136.016,1940.1887097192002,0
CRI,D,20230221,000000,135.682,141.023,135.682,141.023,822.0935484048001,0
CRI,D,20230222,000000,141.023,141.023,137.685,137.685,488.94193549440007,0
CRI,D,20230223,000000,136.851,136.851,128.506,131.009,611.1774193680001,0
CRI,D,20230224,000000,131.009,131.009,125.335,127.672,337.9451612976,0
CRI,D,20230227,000000,128.506,133.346,126.003,132.178,230.0903225856,0
CRI,D,20230228,000000,131.844,131.844,126.003,126.17,117.44193548640001,0
CRI,D,20230301,000000,125.168,126.17,120.996,123.332,647.129032272,0
CRI,D,20230302,000000,123.332,123.666,120.996,123.332,71.903225808,0
CRI,D,20230303,000000,122.665,123.833,120.996,123.499,300.7951612968,0
CRI,D,20230306,000000,123.833,128.339,123.499,123.499,353.52419355600006,0
CRI,D,20230307,000000,124.668,128.005,124.668,126.003,317.57258065200006,0
CRI,D,20230308,000000,123.499,130.008,122.498,130.008,435.01451613840004,0
CRI,D,20230309,000000,130.008,137.685,129.341,136.517,1287.0677419632002,0
CRI,D,20230310,000000,135.849,137.685,130.342,135.515,754.9838709840001,0
CRI,D,20230313,000000,135.515,135.515,128.339,135.349,299.5967742,0
CRI,D,20230314,000000,135.515,135.515,130.342,135.515,339.14354839440006,0
CRI,D,20230315,000000,133.513,135.182,129.341,131.844,627.9548387232,0
CRI,D,20230316,000000,131.176,135.015,131.176,133.513,371.50000000800003,0
CRI,D,20230317,000000,133.346,134.347,127.672,128.339,242.07419355360003,0
CRI,D,20230320,000000,131.844,131.844,126.003,129.341,149.7983871,0
CRI,D,20230321,000000,132.011,133.513,128.506,131.844,498.52903226880005,0
CRI,D,20230322,000000,130.175,132.678,126.837,129.341,733.4129032416,0
CRI,D,20230323,000000,129.341,129.341,126.17,129.341,109.05322580880001,0
CRI,D,20230324,000000,129.341,129.341,125.335,125.335,389.47580646000006,0
CRI,D,20230327,000000,129.007,129.007,119.16,123.499,720.2306451768001,0
CRI,D,20230328,000000,123.499,127.505,121.83,127.505,411.04677420240006,0
CRI,D,20230329,000000,125.168,129.007,121.83,127.672,162.98064516480002,0
CRI,D,20230330,000000,127.672,129.007,127.672,129.007,45.538709678400004,0
CRI,D,20230331,000000,129.341,130.175,128.506,130.175,226.4951612952,0
CRI,D,20230403,000000,131.343,144.361,131.343,135.849,1883.8645161696002,0
CRI,D,20230404,000000,135.849,135.849,130.175,134.18,225.29677419840002,0
CRI,D,20230405,000000,130.342,137.685,130.175,131.009,1490.7935484192,0
CRI,D,20230406,000000,132.678,133.346,132.678,133.346,231.28870968240003,0
CRI,D,20230411,000000,133.513,136.016,133.513,136.016,457.78387097760003,0
CRI,D,20230412,000000,132.345,135.515,132.345,135.515,962.3048387304001,0
CRI,D,20230413,000000,136.016,137.017,134.681,136.016,494.9338709784,0
CRI,D,20230414,000000,137.017,137.017,133.513,134.514,105.45806451840001,0
CRI,D,20230417,000000,136.851,137.017,129.174,130.175,769.3645161456001,0
CRI,D,20230418,000000,128.506,129.341,120.996,129.341,1960.5612903648002,0
CRI,D,20230419,000000,129.674,129.674,119.327,129.341,6526.4161291728005,0
CRI,D,20230420,000000,129.341,131.009,126.003,126.837,723.8258064672001,0
CRI,D,20230421,000000,126.003,128.506,125.168,128.506,206.12258064960002,0
CRI,D,20230424,000000,128.506,128.506,128.506,128.506,19.1741935488,0
CRI,D,20230425,000000,128.089,128.506,123.917,126.837,215.709677424,0
CRI,D,20230426,000000,127.672,127.672,123.499,127.672,176.1629032296,0
CRI,D,20230427,000000,123.499,134.347,123.499,128.506,1307.4403226088002,0
CRI,D,20230428,000000,128.506,128.506,125.585,125.585,258.8516129088,0
CRI,D,20230502,000000,126.003,133.096,126.003,132.678,212.1145161336,0
CRI,D,20230504,000000,127.672,132.678,127.672,130.175,158.1870967776,0
CRI,D,20230505,000000,126.837,138.52,125.168,136.433,1906.6338710088003,0
CRI,D,20230508,000000,133.513,136.851,133.513,136.851,117.44193548640001,0
CRI,D,20230509,000000,136.851,139.354,136.851,139.354,273.2322580704,0
CRI,D,20230510,000000,137.685,140.188,131.844,134.347,303.1919354904,0
CRI,D,20230511,000000,134.347,144.361,133.513,141.857,1665.7580645520002,0
CRI,D,20230512,000000,141.857,149.367,141.023,148.116,1372.153225836,0
CRI,D,20230515,000000,148.533,150.619,147.699,150.619,303.1919354904,0
CRI,D,20230516,000000,150.202,153.957,149.785,151.871,352.3258064592,0
CRI,D,20230517,000000,151.871,151.871,138.937,141.023,778.9516129200001,0
CRI,D,20230518,000000,145.195,146.864,141.023,141.023,414.64193549280003,0
CRI,D,20230519,000000,146.864,146.864,146.03,146.864,236.08225806960002,0
CRI,D,20230522,000000,146.03,151.871,146.03,151.871,210.91612903680002,0
CRI,D,20230523,000000,151.871,151.871,146.03,149.367,246.86774194080002,0
CRI,D,20230524,000000,146.864,169.394,146.03,162.719,9002.2838711616,0
CRI,D,20230525,000000,165.222,165.222,155.209,163.553,1682.5354839072002,0
CRI,D,20230526,000000,161.05,162.719,152.705,160.633,1831.1354839104001,0
CRI,D,20230529,000000,159.798,161.05,154.791,156.878,859.2435484056001,0
CRI,D,20230530,000000,156.043,163.97,156.043,160.215,358.3177419432,0
CRI,D,20230531,000000,162.301,162.301,152.705,156.043,1174.419354864,0
CRI,D,20230601,000000,157.712,158.546,156.878,158.129,444.6016129128,0
CRI,D,20230602,000000,157.295,158.546,155.209,157.712,1189.9983871224001,0
CRI,D,20230605,000000,158.129,166.057,157.712,165.639,680.6838709824001,0
CRI,D,20230606,000000,165.222,165.639,163.97,165.222,136.6161290352,0
CRI,D,20230607,000000,163.553,177.739,162.719,173.567,3325.5241936200005,0
CRI,D,20230609,000000,175.236,176.07,162.719,162.719,886.8064516320001,0
CRI,D,20230612,000000,162.719,168.56,162.719,167.725,228.89193548880002,0
CRI,D,20230613,000000,167.725,168.56,165.639,167.725,1452.4451613216002,0
CRI,D,20230614,000000,169.394,169.394,165.639,169.394,619.5661290456001,0
CRI,D,20230615,000000,169.394,170.229,166.057,170.229,1005.4467742152001,0
CRI,D,20230616,000000,170.229,170.229,166.057,169.394,2794.6387097376,0
CRI,D,20230619,000000,169.394,169.394,162.719,162.719,903.5838709872,0
CRI,D,20230620,000000,162.301,164.388,153.122,153.54,925.1548387296001,0
CRI,D,20230621,000000,155.209,162.719,153.54,162.719,2206.2306452088,0
CRI,D,20230622,000000,158.964,166.891,158.964,166.891,611.1774193680001,0
CRI,D,20230623,000000,164.388,166.891,164.388,166.891,551.2580645280001,0
CRI,D,20230626,000000,166.474,166.474,158.964,160.215,371.50000000800003,0
CRI,D,20230627,000000,163.97,165.639,158.964,165.222,964.7016129240001,0
CRI,D,20230628,000000,165.222,165.222,161.884,164.805,764.5709677584001,0
CRI,D,20230629,000000,163.97,163.97,161.467,162.719,505.71935484960005,0
CRI,D,20230630,000000,162.719,165.222,161.467,165.222,484.14838710720005,0
CRI,D,20230703,000000,163.553,166.057,163.553,165.222,233.68548387600003,0
CRI,D,20230704,000000,162.719,165.222,162.301,164.805,627.9548387232,0
CRI,D,20230705,000000,164.805,165.639,162.719,165.222,458.9822580744,0
CRI,D,20230706,000000,164.388,165.639,163.553,165.222,231.28870968240003,0
CRI,D,20230707,000000,162.719,164.805,161.467,164.805,600.3919354968001,0
CRI,D,20230710,000000,166.891,167.725,162.719,166.891,844.8629032440001,0
CRI,D,20230711,000000,167.725,179.408,162.719,174.401,1078.5483871200001,0
CRI,D,20230712,000000,177.739,179.408,175.236,178.573,734.6112903384001,0
CRI,D,20230713,000000,179.408,182.746,176.904,182.746,342.7387096848,0
CRI,D,20230714,000000,182.746,190.256,181.077,190.256,516.5048387208001,0
CRI,D,20230717,000000,191.09,191.925,188.587,191.925,1597.4500000344,0
CRI,D,20230718,000000,191.925,196.097,189.421,191.925,1034.2080645384,0
CRI,D,20230719,000000,195.262,196.097,189.421,196.097,498.52903226880005,0
CRI,D,20230720,000000,196.097,196.097,187.752,191.925,578.8209677544,0
CRI,D,20230721,000000,191.925,196.097,174.401,183.58,3791.6967742752004,0
CRI,D,20230724,000000,191.925,191.925,179.408,183.58,257.653225812,0
CRI,D,20230725,000000,179.408,183.58,178.573,181.911,81.49032258240001,0
CRI,D,20230726,000000,179.408,181.911,178.573,181.911,87.48225806640001,0
CRI,D,20230727,000000,179.408,181.077,176.07,178.573,644.7322580784,0
CRI,D,20230728,000000,179.408,180.242,176.07,177.739,725.024193564,0
CRI,D,20230731,000000,176.07,176.904,166.891,171.063,4884.625806556801,0
CRI,D,20230801,000000,171.063,172.732,166.891,170.229,817.3000000176,0
CRI,D,20230802,000000,168.56,174.401,168.56,172.732,1083.3419355072,0
CRI,D,20230803,000000,170.229,177.739,169.394,176.07,953.9161290528001,0
CRI,D,20230804,000000,176.07,190.256,176.07,190.256,1515.959677452,0
CRI,D,20230807,000000,190.256,190.256,180.242,186.918,690.2709677568,0
CRI,D,20230808,000000,186.918,191.09,182.746,182.746,499.72741936560004,0
CRI,D,20230809,000000,182.746,200.269,182.746,196.097,1315.8290322864002,0
CRI,D,20230810,000000,197.766,198.6,191.09,195.262,1682.5354839072002,0
CRI,D,20230811,000000,191.925,199.435,187.752,199.435,497.33064517200006,0
CRI,D,20230814,000000,199.435,199.435,190.256,194.428,331.95322581360006,0
CRI,D,20230816,000000,193.594,194.428,187.752,194.428,345.1354838784,0
CRI,D,20230817,000000,190.256,191.09,179.408,189.421,1797.5806452000002,0
CRI,D,20230818,000000,189.421,189.421,181.077,186.918,403.85645162160006,0
CRI,D,20230821,000000,182.746,186.918,181.077,183.58,213.31290323040002,0
CRI,D,20230822,000000,186.918,187.752,183.58,183.58,106.65645161520001,0
CRI,D,20230823,000000,182.746,187.752,181.911,185.249,406.25322581520004,0
CRI,D,20230824,000000,185.249,193.594,185.249,187.752,554.8532258184,0
CRI,D,20230825,000000,191.09,199.435,186.918,199.435,1218.7596774456001,0
CRI,D,20230828,000000,200.269,203.607,192.759,196.931,1572.2838710016001,0
CRI,D,20230829,000000,196.931,200.269,191.09,200.269,343.9370967816,0
CRI,D,20230830,000000,198.6,201.104,195.262,195.262,571.6306451736001,0
CRI,D,20230831,000000,195.262,200.269,191.09,196.097,435.01451613840004,0
CRI,D,20230901,000000,196.097,196.097,191.925,196.097,313.9774193616,0
CRI,D,20230904,000000,196.931,199.435,193.594,197.766,327.15967742640004,0
CRI,D,20230905,000000,196.931,197.766,186.918,197.766,2569.3419355392,0
CRI,D,20230906,000000,195.262,197.766,185.249,185.249,540.4725806568,0
CRI,D,20230907,000000,192.759,195.262,183.58,191.925,287.612903232,0
CRI,D,20230908,000000,193.594,194.428,186.083,193.594,63.514516130400004,0
CRI,D,20230911,000000,193.594,195.262,190.256,195.262,341.54032258800004,0
CRI,D,20230912,000000,192.759,195.262,187.752,195.262,348.73064516880004,0
CRI,D,20230913,000000,195.262,195.262,191.925,195.262,77.89516129200001,0
CRI,D,20230914,000000,195.262,195.262,187.752,195.262,188.14677419760002,0
CRI,D,20230915,000000,194.428,194.428,184.415,191.925,315.1758064584,0
CRI,D,20230918,000000,191.09,194.428,188.587,194.428,371.50000000800003,0
CRI,D,20230919,000000,194.428,194.428,189.421,193.594,240.87580645680003,0
CRI,D,20230920,000000,188.587,190.256,182.746,189.421,1156.4435484120002,0
CRI,D,20230921,000000,187.752,187.752,180.242,184.415,1746.0500000376,0
CRI,D,20230922,000000,183.58,185.249,179.408,185.249,841.2677419536001,0
CRI,D,20230925,000000,185.249,187.752,183.58,183.58,109.05322580880001,0
CRI,D,20230926,000000,181.077,183.58,175.236,179.408,679.4854838856,0
CRI,D,20230927,000000,179.408,179.408,173.567,175.236,816.1016129208001,0
CRI,D,20230928,000000,173.567,176.904,171.063,175.236,1166.0306451864,0
CRI,D,20230929,000000,175.236,175.236,174.401,175.236,874.822580664,0
CRI,D,20231002,000000,174.401,175.236,173.567,175.236,348.73064516880004,0
CRI,D,20231003,000000,175.236,175.236,171.063,173.567,1058.1758064744001,0
CRI,D,20231004,000000,171.898,173.567,160.215,166.057,4045.7548387968004,0
CRI,D,20231005,000000,164.388,168.56,157.712,158.964,7138.791935637601,0
CRI,D,20231006,000000,146.03,160.633,143.526,156.043,5096.740322690401,0
CRI,D,20231009,000000,150.202,166.057,150.202,166.057,727.4209677576,0
CRI,D,20231010,000000,160.215,172.732,160.215,172.732,538.0758064632,0
CRI,D,20231011,000000,172.732,174.401,165.222,170.229,643.5338709816001,0
CRI,D,20231012,000000,170.229,171.898,165.222,170.229,230.0903225856,0
CRI,D,20231013,000000,166.057,176.904,166.057,176.07,792.1338709848001,0
CRI,D,20231016,000000,176.904,176.904,168.56,170.229,488.94193549440007,0
CRI,D,20231017,000000,174.401,186.083,174.401,184.415,2230.1983871448,0
CRI,D,20231018,000000,183.58,183.58,181.077,183.58,360.71451613680006,0
CRI,D,20231019,000000,183.58,184.415,181.911,183.58,168.9725806488,0
CRI,D,20231020,000000,184.415,197.766,179.408,189.421,3401.0225807184,0
CRI,D,20231023,000000,194.428,195.262,188.587,193.594,983.8758064728,0
CRI,D,20231024,000000,192.759,193.594,186.918,191.09,919.1629032456001,0
CRI,D,20231025,000000,192.759,192.759,173.567,173.567,2780.2580645760004,0
CRI,D,20231026,000000,173.567,180.242,160.633,166.474,3163.741935552,0
CRI,D,20231027,000000,166.891,171.063,165.222,165.222,200.13064516560001,0
CRI,D,20231030,000000,166.057,172.732,166.057,170.229,697.4612903376001,0
CRI,D,20231031,000000,171.898,172.732,157.295,157.295,982.6774193760001,0
CRI,D,20231102,000000,160.215,172.732,160.215,166.891,1065.3661290552002,0
CRI,D,20231103,000000,171.063,172.732,166.891,171.898,678.2870967888001,0
CRI,D,20231106,000000,173.567,174.401,170.229,171.063,516.5048387208001,0
CRI,D,20231107,000000,171.898,175.236,169.394,169.394,518.9016129144001,0
CRI,D,20231108,000000,168.56,172.732,166.057,166.057,1194.7919355096,0
CRI,D,20231109,000000,169.394,172.732,166.057,167.725,133.0209677448,0
CRI,D,20231110,000000,170.229,170.229,166.057,168.56,359.51612904,0
CRI,D,20231113,000000,166.057,168.56,163.553,166.891,189.34516129440001,0
CRI,D,20231114,000000,169.394,170.229,164.388,170.229,228.89193548880002,0
CRI,D,20231115,000000,167.725,170.229,165.222,167.725,668.7000000144001,0
CRI,D,20231116,000000,168.56,168.56,166.474,166.891,379.8887096856,0
CRI,D,20231117,000000,167.725,170.229,166.057,170.229,401.459677428,0
CRI,D,20231120,000000,170.229,171.063,166.474,171.063,387.0790322664,0
CRI,D,20231121,000000,166.891,171.063,166.057,170.229,538.0758064632,0
CRI,D,20231122,000000,167.725,170.229,167.725,168.56,414.64193549280003,0
CRI,D,20231123,000000,168.56,173.567,168.56,172.732,278.0258064576,0
CRI,D,20231124,000000,175.236,184.415,166.891,184.415,763.3725806616001,0
CRI,D,20231127,000000,190.256,191.09,176.904,187.752,587.209677432,0
CRI,D,20231128,000000,189.421,190.256,186.918,186.918,304.39032258720005,0
CRI,D,20231129,000000,190.256,193.594,181.911,193.594,5192.611290434401,0
CRI,D,20231130,000000,196.097,196.097,186.083,196.097,4261.464516220801,0
CRI,D,20231201,000000,191.925,196.097,183.58,183.58,1068.9612903456,0
CRI,D,20231204,000000,190.256,190.256,182.746,183.58,498.52903226880005,0
CRI,D,20231205,000000,183.58,183.58,166.057,170.229,20460.062903666403,0
CRI,D,20231206,000000,171.063,173.567,166.474,167.725,2849.7645161904,0
CRI,D,20231207,000000,166.474,171.898,165.222,166.057,2008.4967742368,0
CRI,D,20231208,000000,169.394,169.394,160.215,164.805,2070.8129032704,0
CRI,D,20231211,000000,170.229,170.229,154.374,158.546,5723.496774316801,0
CRI,D,20231212,000000,158.546,160.215,153.957,158.546,1674.1467742296002,0
CRI,D,20231213,000000,158.129,160.215,155.209,156.878,1205.5774193808002,0
CRI,D,20231214,000000,156.043,161.05,153.54,153.957,1835.9290322976,0
CRI,D,20231215,000000,153.122,161.05,152.705,156.878,1735.2645161664002,0
CRI,D,20231218,000000,156.46,156.46,149.367,150.619,2316.4822581144003,0
CRI,D,20231219,000000,150.202,151.871,143.943,144.361,6199.256451746401,0
CRI,D,20231220,000000,146.03,146.03,137.268,141.857,7592.980645324801,0
CRI,D,20231221,000000,142.275,145.612,137.685,141.023,3439.3709678160003,0
CRI,D,20231222,000000,138.52,144.778,138.102,144.361,4301.0112904152,0
CRI,D,20231227,000000,146.03,152.705,145.195,150.202,5298.0693549528005,0
CRI,D,20231228,000000,149.367,158.964,149.367,157.712,3344.6983871688003,0
CRI,D,20231229,000000,158.546,165.222,158.546,158.546,2798.233871028,0
CRI,D,20240102,000000,163.553,163.553,159.798,160.633,1132.4758064760001,0
CRI,D,20240103,000000,161.884,162.719,151.871,160.633,1900.6419355248001,0
CRI,D,20240104,000000,160.633,165.222,160.215,162.719,1188.8000000256002,0
CRI,D,20240105,000000,161.884,162.719,159.381,161.467,708.2467742088,0
CRI,D,20240108,000000,161.467,161.884,154.791,161.884,1248.7193548656,0
CRI,D,20240109,000000,161.467,163.136,160.633,161.884,826.8870967920001,0
CRI,D,20240110,000000,162.719,163.553,162.301,162.719,1195.9903226064,0
CRI,D,20240111,000000,162.719,162.719,158.546,161.467,884.4096774384001,0
CRI,D,20240112,000000,162.301,162.301,158.546,161.884,402.6580645248,0
CRI,D,20240115,000000,161.884,162.719,158.546,160.215,376.29354839520005,0
CRI,D,20240116,000000,160.215,163.136,160.215,161.05,312.77903226480004,0
CRI,D,20240117,000000,161.05,161.05,158.546,160.215,662.7080645304001,0
CRI,D,20240118,000000,160.215,163.136,158.129,158.546,1427.2790322888002,0
CRI,D,20240119,000000,158.546,158.546,156.878,156.878,904.7822580840001,0
CRI,D,20240122,000000,155.209,158.546,151.036,156.878,2002.5048387528002,0
CRI,D,20240123,000000,156.878,158.546,155.209,158.546,450.59354839680003,0
CRI,D,20240124,000000,158.546,161.884,157.712,161.884,1173.2209677672001,0
CRI,D,20240125,000000,161.884,161.884,159.798,159.798,311.58064516800005,0
CRI,D,20240126,000000,159.798,161.05,158.964,161.05,348.73064516880004,0
CRI,D,20240129,000000,161.05,161.884,156.878,161.884,576.4241935608001,0
CRI,D,20240130,000000,161.467,161.467,157.295,161.05,393.07096775040003,0
CRI,D,20240131,000000,161.05,161.884,157.712,161.884,552.4564516248,0
CRI,D,20240201,000000,161.05,161.884,158.546,159.798,472.16451613920003,0
CRI,D,20240202,000000,161.467,161.884,159.798,161.884,559.6467742056001,0
CRI,D,20240205,000000,162.719,164.805,161.05,162.719,2262.5548387584004,0
CRI,D,20240206,000000,162.719,165.222,158.964,165.222,4475.975806548,0
CRI,D,20240207,000000,165.639,166.057,160.215,160.215,1488.3967742256002,0
CRI,D,20240208,000000,161.467,163.553,160.215,161.884,1016.2322580864001,0
CRI,D,20240209,000000,161.467,161.467,159.798,160.215,584.8129032384,0
CRI,D,20240212,000000,159.798,160.215,158.546,158.964,1282.274193576,0
CRI,D,20240213,000000,161.467,161.467,153.122,159.798,4897.8080646216,0
CRI,D,20240214,000000,159.798,160.215,154.791,154.791,552.4564516248,0
CRI,D,20240215,000000,158.546,158.546,148.533,148.533,6908.7016130520005,0
CRI,D,20240216,000000,150.202,152.288,148.116,152.288,2115.153225852,0
CRI,D,20240219,000000,153.54,156.043,150.202,153.122,1047.3903226032,0
CRI,D,20240220,000000,153.122,153.54,149.367,151.871,473.362903236,0
CRI,D,20240221,000000,152.705,159.381,149.785,158.964,795.7290322752001,0
CRI,D,20240222,000000,158.964,159.798,156.043,157.712,445.8000000096,0
CRI,D,20240223,000000,157.712,158.546,155.626,157.712,351.1274193624,0
CRI,D,20240226,000000,156.878,159.381,151.454,155.209,861.6403225992001,0
CRI,D,20240227,000000,155.209,158.546,149.785,150.202,2056.4322581088004,0
CRI,D,20240228,000000,150.619,154.374,150.202,150.202,993.4629032472001,0
CRI,D,20240229,000000,150.202,154.374,150.202,150.202,970.6935484080001,0
CRI,D,20240301,000000,151.871,151.871,149.367,151.871,1164.8322580896001,0
CRI,D,20240304,000000,151.871,153.54,150.202,152.705,258.8516129088,0
CRI,D,20240305,000000,150.202,151.871,149.785,150.202,645.9306451752001,0
CRI,D,20240306,000000,150.202,151.871,149.367,150.202,838.8709677600001,0
CRI,D,20240307,000000,150.619,151.871,148.95,151.454,255.25645161840004,0
CRI,D,20240308,000000,151.871,152.705,150.202,151.871,451.7919354936,0
CRI,D,20240311,000000,151.036,153.54,150.202,151.454,307.9854838776,0
CRI,D,20240312,000000,151.454,153.54,149.785,152.705,458.9822580744,0
CRI,D,20240313,000000,153.54,155.209,149.785,154.374,814.9032258240001,0
CRI,D,20240314,000000,152.705,155.626,151.454,155.209,249.26451613440003,0
CRI,D,20240315,000000,153.54,156.043,149.367,156.043,2006.1000000432002,0
CRI,D,20240318,000000,156.043,156.043,150.202,154.374,486.54516130080003,0
CRI,D,20240319,000000,154.374,155.626,150.202,154.374,242.07419355360003,0
CRI,D,20240320,000000,151.454,154.791,150.202,151.871,141.40967742240002,0
CRI,D,20240321,000000,151.454,161.884,150.619,161.884,2690.379032316,0
CRI,D,20240322,000000,158.546,163.97,154.374,157.712,2189.4532258536,0
CRI,D,20240325,000000,161.05,161.05,156.46,159.798,1089.3338709912,0
CRI,D,20240326,000000,159.798,159.798,155.209,156.878,1678.9403226168001,0
CRI,D,20240327,000000,155.626,161.05,155.626,160.215,617.1693548520001,0
CRI,D,20240328,000000,154.374,160.633,154.374,160.215,751.3887096936,0
CRI,D,20240402,000000,160.633,161.05,157.712,161.05,1079.7467742168,0
CRI,D,20240403,000000,161.05,161.05,158.129,159.381,355.92096774960004,0
CRI,D,20240404,000000,160.215,162.719,158.964,161.884,799.3241935656001,0
CRI,D,20240405,000000,162.301,162.301,157.712,159.381,2391.9806452128,0
CRI,D,20240408,000000,158.546,158.546,156.878,157.712,778.9516129200001,0
CRI,D,20240409,000000,158.129,158.129,155.209,156.043,991.0661290536001,0
CRI,D,20240410,000000,155.626,156.878,154.374,155.209,1778.4064516512,0
CRI,D,20240411,000000,155.209,155.209,148.533,148.533,4401.6758065464,0
CRI,D,20240412,000000,149.367,151.036,146.03,150.202,1645.3854839064002,0
CRI,D,20240415,000000,150.202,150.202,146.864,150.202,1033.0096774416002,0
CRI,D,20240416,000000,150.202,151.036,149.367,151.036,1671.750000036,0
CRI,D,20240417,000000,150.202,155.626,149.367,155.626,603.9870967872,0
CRI,D,20240418,000000,154.374,157.712,153.122,156.043,1104.9129032496,0
CRI,D,20240419,000000,156.043,161.467,153.957,157.712,2842.5741936096,0
CRI,D,20240422,000000,157.712,161.467,151.871,155.209,763.3725806616001,0
CRI,D,20240423,000000,153.122,154.791,151.871,152.288,804.1177419528001,0
CRI,D,20240424,000000,153.957,155.626,153.122,154.791,920.3612903424,0
CRI,D,20240425,000000,153.54,154.791,149.367,151.036,5052.400000108801,0
CRI,D,20240426,000000,151.036,153.957,148.95,150.202,1968.9500000424002,0
CRI,D,20240429,000000,153.54,156.043,146.864,152.705,2795.8370968344,0
CRI,D,20240430,000000,154.374,154.374,149.367,153.122,240.87580645680003,0
CRI,D,20240502,000000,150.202,153.122,145.195,146.864,1584.2677419696001,0
CRI,D,20240506,000000,146.03,149.785,146.03,149.785,962.3048387304001,0
CRI,D,20240507,000000,149.367,150.202,149.367,150.202,298.39838710320004,0
CRI,D,20240508,000000,150.202,153.957,148.116,151.036,1175.6177419608,0
CRI,D,20240509,000000,150.202,154.374,150.202,154.374,423.0306451704,0
CRI,D,20240510,000000,153.54,154.791,150.619,154.791,722.6274193704,0
CRI,D,20240513,000000,153.122,160.215,152.705,160.215,1392.5258064816,0
CRI,D,20240514,000000,160.215,176.07,160.215,173.567,8904.016129224,0
CRI,D,20240515,000000,171.063,182.746,167.725,173.567,4366.9225807392,0
CRI,D,20240516,000000,173.567,178.573,171.063,174.401,1523.1500000328,0
CRI,D,20240517,000000,173.567,175.236,163.97,174.401,2129.5338710136,0
CRI,D,20240520,000000,176.07,179.408,166.891,169.394,5166.2467743048,0
CRI,D,20240521,000000,169.394,178.573,163.97,166.057,5190.214516240801,0
CRI,D,20240522,000000,165.222,173.567,163.97,170.229,3371.0629032984,0
CRI,D,20240523,000000,170.229,173.567,164.805,168.56,777.7532258232001,0
CRI,D,20240524,000000,166.891,169.394,155.626,162.719,3806.0774194368005,0
CRI,D,20240527,000000,164.388,165.222,158.546,163.97,940.733870988,0
CRI,D,20240528,000000,164.388,164.388,155.626,157.712,2021.6790323016003,0
CRI,D,20240529,000000,157.295,157.295,153.54,156.043,1390.1290322880002,0
CRI,D,20240531,000000,154.791,155.626,151.036,154.374,1415.2951613208002,0
CRI,D,20240603,000000,154.374,154.374,149.367,152.705,1575.8790322920001,0
CRI,D,20240604,000000,151.871,153.54,147.699,150.202,1340.9951613192002,0
CRI,D,20240605,000000,150.202,151.454,142.692,151.454,4598.2112904216,0
CRI,D,20240606,000000,151.871,151.871,145.195,145.612,4365.724193642401,0
CRI,D,20240607,000000,147.699,148.533,142.692,142.692,3293.1677420064,0
CRI,D,20240610,000000,145.612,149.367,142.692,143.109,4076.9129033136005,0
CRI,D,20240611,000000,144.778,146.447,142.692,144.778,1717.2887097144,0
CRI,D,20240612,000000,145.195,148.95,143.109,146.03,2199.040322628,0
CRI,D,20240613,000000,146.864,149.785,143.943,145.195,9871.1145163416,0
CRI,D,20240614,000000,146.03,148.95,146.03,148.95,1997.7112903656002,0
CRI,D,20240617,000000,148.95,159.381,148.95,157.712,2534.588709732,0
CRI,D,20240618,000000,159.381,162.719,153.957,156.878,2865.3435484488004,0
CRI,D,20240619,000000,160.215,162.719,158.546,162.719,1844.3177419752,0
CRI,D,20240620,000000,162.719,163.97,159.798,162.719,1814.3580645552001,0
CRI,D,20240621,000000,162.719,162.719,158.546,162.719,931.1467742136001,0
CRI,D,20240624,000000,162.719,166.057,153.54,156.878,2456.69354844,0
CRI,D,20240625,000000,160.215,161.467,155.209,161.467,590.8048387224001,0
CRI,D,20240626,000000,161.884,163.553,160.215,163.553,424.2290322672,0
CRI,D,20240627,000000,163.553,164.805,160.215,164.805,929.9483871168001,0
CRI,D,20240628,000000,165.222,170.229,164.388,168.56,1984.5290323008003,0
CRI,D,20240701,000000,166.474,170.229,166.057,167.725,825.6887096952,0
CRI,D,20240702,000000,166.891,168.56,161.05,166.474,832.8790322760001,0
CRI,D,20240703,000000,166.891,167.725,162.719,166.057,1043.7951613128,0
CRI,D,20240704,000000,166.891,167.725,164.805,166.891,838.8709677600001,0
CRI,D,20240705,000000,166.891,176.904,163.97,175.236,5632.41935496,0
CRI,D,20240708,000000,176.07,176.904,172.732,175.236,865.2354838896001,0
CRI,D,20240709,000000,176.07,178.573,171.898,178.573,1918.6177419768,0
CRI,D,20240710,000000,178.573,179.408,174.401,177.739,731.016129048,0
CRI,D,20240711,000000,176.904,176.904,173.567,173.567,387.0790322664,0
CRI,D,20240712,000000,174.401,179.408,170.229,173.567,2376.4016129544,0
CRI,D,20240715,000000,171.063,171.063,162.719,166.891,7495.911290484,0
CRI,D,20240716,000000,166.057,166.891,160.633,161.884,2052.8370968184004,0
CRI,D,20240717,000000,162.719,163.136,154.791,156.878,1881.467741976,0
CRI,D,20240718,000000,156.043,163.136,154.374,160.633,1506.3725806776001,0
CRI,D,20240719,000000,162.301,170.229,158.129,170.229,2046.8451613344002,0
CRI,D,20240722,000000,170.229,171.063,166.057,169.394,1054.580645184,0
CRI,D,20240723,000000,170.229,171.063,164.388,166.891,1043.7951613128,0
CRI,D,20240724,000000,167.725,167.725,159.381,166.057,1396.120967772,0
CRI,D,20240725,000000,165.222,168.56,161.884,164.805,1115.6983871208001,0
CRI,D,20240726,000000,164.805,164.805,158.964,160.215,2636.45161296,0
CRI,D,20240729,000000,160.215,163.97,156.043,159.381,2068.4161290768,0
CRI,D,20240730,000000,159.381,166.057,158.546,159.381,466.1725806552,0
CRI,D,20240731,000000,163.553,166.891,159.381,166.891,2288.9193548880003,0
CRI,D,20240801,000000,166.057,170.229,165.222,170.229,2427.9322581168003,0
CRI,D,20240802,000000,167.725,173.567,165.222,166.891,2771.8693548984,0
CRI,D,20240805,000000,164.388,164.388,152.288,158.546,5373.5677420512,0
CRI,D,20240806,000000,159.798,163.553,158.546,161.884,353.52419355600006,0
CRI,D,20240807,000000,162.719,165.222,162.301,165.222,242.07419355360003,0
CRI,D,20240808,000000,165.222,165.639,161.884,165.639,215.709677424,0
CRI,D,20240809,000000,165.639,167.725,165.639,167.725,274.4306451672,0
CRI,D,20240812,000000,167.725,167.725,165.222,166.891,156.9887096808,0
CRI,D,20240813,000000,162.719,166.891,162.719,166.891,234.88387097280003,0
CRI,D,20240814,000000,166.891,167.725,166.057,166.474,1355.3758064808,0
CRI,D,20240816,000000,167.725,173.567,166.891,172.732,4485.5629033224,0
CRI,D,20240819,000000,189.421,206.945,186.083,196.097,59388.4693561176,0
CRI,D,20240820,000000,197.766,200.269,192.759,195.262,5647.9983872184,0
CRI,D,20240821,000000,194.428,196.097,191.09,194.428,16307.651613254402,0
CRI,D,20240822,000000,191.925,197.766,191.925,194.428,2554.9612903776,0
CRI,D,20240823,000000,195.262,196.097,191.925,193.594,5971.5629033544,0
CRI,D,20240826,000000,139.771,160.215,139.354,147.699,58511.25000126001,0
CRI,D,20240827,000000,149.367,153.54,147.699,150.202,6694.1903227248,0
CRI,D,20240828,000000,150.202,150.202,141.857,146.03,5697.132258187201,0
CRI,D,20240829,000000,146.03,146.03,141.857,144.778,4086.5000000880004,0
CRI,D,20240830,000000,144.778,145.195,140.188,141.857,7910.553225976801,0
CRI,D,20240902,000000,141.857,144.361,141.023,141.857,6832.0048388568,0
CRI,D,20240903,000000,142.692,165.222,141.44,149.785,47888.746775224805,0
CRI,D,20240904,000000,149.367,160.633,146.03,156.46,7571.409677582401,0
CRI,D,20240905,000000,156.878,156.878,153.122,156.46,3610.7403226584,0
CRI,D,20240906,000000,156.46,157.712,153.54,157.712,2250.5709677904,0
CRI,D,20240909,000000,159.798,159.798,152.288,158.546,3885.1709678256,0
CRI,D,20240910,000000,159.381,160.633,156.043,160.633,3363.8725807176,0
CRI,D,20240911,000000,161.05,161.05,157.712,158.546,5144.675806562401,0
CRI,D,20240912,000000,158.546,159.381,156.043,158.546,889.2032258256,0
CRI,D,20240913,000000,158.964,158.964,153.957,154.374,1658.5677419712001,0
CRI,D,20240916,000000,154.791,158.546,154.791,156.46,840.0693548568,0
CRI,D,20240917,000000,156.46,158.129,153.957,156.043,840.0693548568,0
CRI,D,20240918,000000,156.043,156.043,152.705,152.705,491.33870968800005,0
CRI,D,20240919,000000,152.705,156.46,141.857,153.54,3846.8225807280005,0
CRI,D,20240920,000000,153.122,153.122,146.03,146.03,1887.4596774600002,0
CRI,D,20240923,000000,151.871,151.871,137.685,141.857,3943.8919355688004,0
CRI,D,20240924,000000,141.857,149.367,141.857,144.778,1690.9241935848002,0
CRI,D,20240925,000000,143.109,145.195,139.354,141.857,3493.2983871720003,0
CRI,D,20240926,000000,141.857,144.361,139.354,142.275,1669.3532258424002,0
CRI,D,20240927,000000,144.778,144.778,137.268,141.857,3193.7016129720005,0
CRI,D,20240930,000000,138.102,141.44,131.427,133.93,7939.314516300001,0
CRI,D,20241001,000000,130.175,130.175,117.241,119.327,23334.9935488896,0
CRI,D,20241002,000000,119.327,123.917,116.824,122.665,6338.2693549752,0
CRI,D,20241003,000000,122.665,123.082,107.645,117.241,13515.4096777104,0
CRI,D,20241004,000000,117.241,118.91,110.565,118.493,3795.2919355656004,0
CRI,D,20241007,000000,118.493,120.579,111.4,117.658,6454.512903364801,0
CRI,D,20241008,000000,117.658,118.075,112.651,118.075,3248.8274194248,0
CRI,D,20241009,000000,118.91,119.327,113.486,116.824,4774.374193651201,0
CRI,D,20241010,000000,116.824,116.824,111.817,112.651,3284.7790323288004,0
CRI,D,20241011,000000,111.817,112.651,102.221,107.227,14432.175806762401,0
CRI,D,20241014,000000,110.565,110.983,104.307,105.559,7644.5112904872,0
CRI,D,20241015,000000,106.81,109.314,96.3795,108.896,27138.674194132804,0
CRI,D,20241016,000000,109.314,113.069,106.81,109.731,6552.7806453024,0
CRI,D,20241017,000000,108.896,110.983,102.638,104.724,5156.659677530401,0
CRI,D,20241018,000000,107.227,110.148,103.055,107.645,1829.9370968136002,0
CRI,D,20241021,000000,108.896,108.896,101.803,104.307,3870.7903226640005,0
CRI,D,20241022,000000,105.976,107.227,102.638,104.307,1225.9500000264002,0
CRI,D,20241023,000000,104.307,110.148,103.472,107.645,2521.4064516672,0
CRI,D,20241024,000000,104.307,108.479,103.89,106.81,5532.9532259256,0
CRI,D,20241025,000000,108.062,113.486,106.81,113.486,2282.9274194040004,0
CRI,D,20241028,000000,113.903,120.996,113.486,120.996,2733.5209678008005,0
CRI,D,20241029,000000,121.413,131.427,120.996,126.837,5276.4983872104,0
CRI,D,20241030,000000,127.254,132.261,124.334,124.334,3401.0225807184,0
CRI,D,20241031,000000,123.917,128.089,118.493,122.665,3442.9661291064003,0
CRI,D,20241104,000000,124.334,128.923,122.665,126.837,1204.379032284,0
CRI,D,20241105,000000,126.837,129.758,125.168,128.506,2083.9951613352,0
CRI,D,20241106,000000,129.758,131.844,127.254,131.427,1674.1467742296002,0
CRI,D,20241107,000000,131.427,134.347,127.254,132.678,2559.7548387648003,0
CRI,D,20241108,000000,133.93,135.599,129.758,132.678,1441.6596774504,0
CRI,D,20241112,000000,133.513,133.513,129.341,131.009,1980.9338710104003,0
CRI,D,20241113,000000,130.175,131.844,128.506,129.341,1356.5741935776002,0
CRI,D,20241114,000000,127.672,129.341,116.824,127.672,6782.870967888,0
CRI,D,20241115,000000,126.837,126.837,122.248,125.168,612.3758064648,0
CRI,D,20241118,000000,125.168,131.844,125.168,129.341,3468.1322581392005,0
CRI,D,20241119,000000,129.341,129.341,120.579,126.837,2314.0854839208,0
CRI,D,20241120,000000,124.334,126.837,120.162,125.585,1216.362903252,0
CRI,D,20241121,000000,126.42,126.42,124.334,125.585,278.0258064576,0
CRI,D,20241122,000000,125.585,126.003,123.499,125.585,1083.3419355072,0
CRI,D,20241125,000000,123.917,128.923,123.917,126.837,638.7403225944,0
CRI,D,20241126,000000,124.334,125.585,123.499,125.585,841.2677419536001,0
CRI,D,20241127,000000,124.751,125.585,123.499,125.168,1085.7387097008002,0
CRI,D,20241128,000000,124.751,124.751,118.91,121.83,1156.4435484120002,0
CRI,D,20241129,000000,122.248,122.248,117.658,120.162,747.7935484032,0
CRI,D,20241202,000000,118.91,120.996,117.658,120.996,949.1225806656001,0
CRI,D,20241203,000000,120.996,122.248,118.493,120.996,515.306451624,0
CRI,D,20241204,000000,120.996,125.168,120.162,124.751,814.9032258240001,0
CRI,D,20241205,000000,124.751,125.168,120.996,123.499,1502.7774193872,0
CRI,D,20241206,000000,123.917,124.751,120.996,123.499,3341.1032258784003,0
CRI,D,20241209,000000,125.585,128.089,122.665,126.837,1660.9645161648002,0
CRI,D,20241210,000000,126.837,127.672,124.334,126.837,2368.0129032768,0
CRI,D,20241211,000000,126.837,127.672,124.334,126.003,1714.8919355208002,0
CRI,D,20241212,000000,126.837,127.672,124.334,126.003,1991.7193548816,0
CRI,D,20241213,000000,125.168,126.003,124.334,125.168,1409.3032258368,0
CRI,D,20241216,000000,124.334,127.672,124.334,125.168,4617.385483970401,0
CRI,D,20241217,000000,126.003,126.837,124.334,126.837,4327.3758065448,0
CRI,D,20241218,000000,126.837,126.837,124.334,126.837,3778.5145162104004,0
CRI,D,20241219,000000,126.42,128.923,123.499,125.585,4414.8580646112005,0
CRI,D,20241220,000000,127.672,153.957,126.003,145.195,45030.5935493568,0
CRI,D,20241223,000000,144.778,145.195,138.102,145.195,10488.2838711936,0
CRI,D,20241227,000000,145.195,145.195,137.268,139.354,3475.32258072,0
CRI,D,20241230,000000,141.023,144.361,138.52,144.361,2731.1241936072,0
CRI,D,20250102,000000,144.361,145.195,141.44,144.361,1584.2677419696001,0
CRI,D,20250103,000000,145.195,145.612,127.254,134.347,11005.9870970112,0
CRI,D,20250107,000000,135.182,142.692,130.175,141.857,5586.880645281601,0
CRI,D,20250108,000000,142.692,148.533,137.685,139.771,3197.2967742624005,0
CRI,D,20250109,000000,141.857,149.785,141.857,147.281,4878.6338710728005,0
CRI,D,20250110,000000,147.281,159.381,147.281,147.699,6707.372580789601,0
CRI,D,20250113,000000,149.785,156.46,145.612,154.791,4668.9161291328,0
CRI,D,20250114,000000,155.209,157.712,153.54,153.54,1828.7387097168003,0
CRI,D,20250115,000000,153.957,157.712,152.705,156.043,1615.4258064864002,0
CRI,D,20250116,000000,156.043,161.884,153.54,158.546,4828.3016130072,0
CRI,D,20250117,000000,160.215,166.057,159.381,164.805,7655.2967743584,0
CRI,D,20250120,000000,165.222,166.057,156.043,159.381,5820.566129157601,0
CRI,D,20250121,000000,159.381,159.798,152.705,155.626,4696.479032359201,0
CRI,D,20250122,000000,154.791,157.712,152.705,154.374,6500.051613043201,0
CRI,D,20250123,000000,154.374,158.964,154.374,158.129,2098.3758064968,0
CRI,D,20250124,000000,157.712,157.712,155.209,156.46,1819.1516129424,0
CRI,D,20250127,000000,156.878,156.878,151.036,153.54,2382.3935484384,0
CRI,D,20250128,000000,153.54,155.626,151.036,151.871,1320.6225806736002,0
CRI,D,20250129,000000,151.871,152.705,149.785,152.705,1774.8112903608,0
CRI,D,20250130,000000,152.705,155.626,150.202,150.202,1346.9870968032,0
CRI,D,20250131,000000,151.454,152.705,149.367,150.619,1790.3903226192,0
CRI,D,20250203,000000,151.036,151.036,143.526,148.533,4527.5064517104,0
CRI,D,20250204,000000,151.036,154.374,149.367,151.454,3959.4709678272,0
CRI,D,20250205,000000,147.699,157.712,143.943,155.626,2716.7435484456,0
CRI,D,20250206,000000,156.043,160.633,156.043,158.964,2776.6629032856004,0
CRI,D,20250207,000000,159.381,160.633,154.374,158.546,1913.8241935896,0
CRI,D,20250210,000000,158.964,159.798,155.626,158.129,2560.9532258616,0
CRI,D,20250211,000000,158.546,158.546,155.209,156.043,1360.169354868,0
CRI,D,20250212,000000,154.791,159.381,154.791,157.295,2403.9645161808003,0
CRI,D,20250213,000000,155.626,166.474,151.454,166.474,17388.596774568003,0
CRI,D,20250214,000000,166.474,166.474,161.884,162.719,6573.153225948001,0
CRI,D,20250217,000000,165.639,165.639,161.467,163.97,3241.637096844,0
CRI,D,20250218,000000,163.97,165.222,159.381,165.222,4442.4209678376,0
CRI,D,20250219,000000,165.222,165.639,161.05,161.05,2359.6241935992,0
CRI,D,20250220,000000,161.884,162.719,159.798,161.05,3683.8419355632004,0
CRI,D,20250221,000000,162.301,163.553,159.381,161.05,3330.3177420072,0
CRI,D,20250224,000000,161.05,162.719,158.546,159.381,2364.4177419864004,0
CRI,D,20250225,000000,160.633,162.719,150.202,153.957,4608.9967742928,0
CRI,D,20250226,000000,155.209,159.381,155.209,158.129,2003.7032258496001,0
CRI,D,20250227,000000,157.712,159.381,154.374,158.964,1761.629032296,0
CRI,D,20250228,000000,158.964,160.633,154.374,159.381,2384.7903226320004,0
CRI,D,20250303,000000,158.964,160.215,154.791,160.215,2008.4967742368,0
CRI,D,20250304,000000,160.633,160.633,153.122,156.46,6369.427419492001,0
CRI,D,20250305,000000,156.878,160.215,154.374,157.295,2915.6758065144004,0
CRI,D,20250306,000000,157.295,166.057,156.878,165.222,11147.3967744336,0
CRI,D,20250307,000000,165.639,166.474,161.884,163.553,7946.504838880801,0
CRI,D,20250310,000000,165.222,179.408,165.222,173.567,17388.596774568003,0
CRI,D,20250311,000000,175.236,182.746,166.891,169.394,11209.712903467202,0
CRI,D,20250312,000000,176.07,176.904,165.222,165.639,11369.0983873416,0
CRI,D,20250313,000000,167.725,170.229,163.136,168.56,8105.890322755201,0
CRI,D,20250314,000000,170.229,178.573,170.229,178.573,11463.770967988801,0
CRI,D,20250317,000000,178.573,178.573,172.732,174.401,5673.1645162512,0
CRI,D,20250318,000000,174.401,178.573,168.56,171.063,5132.6919355944,0
CRI,D,20250319,000000,171.063,172.732,168.56,172.732,1566.2919355176002,0
CRI,D,20250320,000000,173.567,175.236,166.891,169.394,5287.2838710816,0
CRI,D,20250321,000000,169.394,169.394,165.222,165.222,2950.4290323216,0
CRI,D,20250324,000000,168.56,171.898,166.891,171.063,1686.1306451976002,0
CRI,D,20250325,000000,171.898,178.573,171.063,174.401,2538.1838710224,0
CRI,D,20250326,000000,175.236,177.739,170.229,175.236,2019.2822581080002,0
CRI,D,20250327,000000,172.732,176.904,172.732,176.07,2664.0145161864,0
CRI,D,20250328,000000,177.739,177.739,172.732,175.236,3780.9112904040003,0
CRI,D,20250331,000000,177.739,181.911,176.904,176.904,13538.1790325496,0
CRI,D,20250401,000000,179.408,181.077,178.156,180.242,4481.967742032,0
CRI,D,20250402,000000,181.494,183.58,180.242,182.746,3258.4145161992,0
CRI,D,20250403,000000,183.163,187.335,180.242,182.746,5999.125806580801,0
CRI,D,20250404,000000,182.746,183.163,166.39,178.573,9126.9161292288,0
CRI,D,20250407,000000,171.063,178.156,159.381,176.07,11921.554838966402,0
CRI,D,20250408,000000,177.739,187.752,177.739,182.746,9023.854838904,0
CRI,D,20250409,000000,178.573,182.328,178.573,181.494,4955.330645268001,0
CRI,D,20250410,000000,186.918,201.938,183.58,194.428,21351.662903685603,0
CRI,D,20250411,000000,195.262,195.262,183.997,185.249,16631.216129390403,0
CRI,D,20250414,000000,191.507,197.766,186.918,196.097,14033.112903528001,0
CRI,D,20250415,000000,198.183,207.779,196.097,204.859,26599.4000005728,0
CRI,D,20250416,000000,204.441,221.131,204.441,221.131,18500.700000398403,0
CRI,D,20250417,000000,226.972,234.899,222.799,234.482,33637.527420079205,0
CRI,D,20250422,000000,235.316,236.568,224.051,229.892,14544.824193861601,0
CRI,D,20250423,000000,229.892,230.727,217.793,228.223,13382.3887099656,0
CRI,D,20250424,000000,226.972,231.978,225.303,231.144,5924.825806579201,0
CRI,D,20250425,000000,231.144,231.978,226.137,230.31,4120.0548387984,0
CRI,D,20250428,000000,230.31,230.31,219.044,223.634,6059.0451614208005,0
CRI,D,20250429,000000,223.634,227.806,220.296,226.137,2397.9725806968004,0
CRI,D,20250430,000000,226.137,227.806,220.713,221.131,4304.6064517056,0
CRI,D,20250502,000000,223.217,237.402,223.217,235.316,10705.191935714402,0
CRI,D,20250505,000000,235.734,241.992,235.734,240.323,14070.262903528801,0
CRI,D,20250506,000000,240.74,241.992,230.31,241.992,9638.627419562401,0
CRI,D,20250507,000000,243.661,265.357,243.661,255.76,19428.2516133216,0
CRI,D,20250508,000000,255.343,255.343,248.668,253.674,9436.100000203201,0
CRI,D,20250509,000000,253.674,261.184,253.257,258.681,7008.167742086401,0
CRI,D,20250512,000000,261.184,265.357,255.343,259.515,10204.266129252,0
CRI,D,20250513,000000,258.681,258.681,251.588,255.76,7066.888709829601,0
CRI,D,20250514,000000,256.595,261.602,252.423,256.178,10180.298387316001,0
CRI,D,20250515,000000,256.178,257.847,244.495,248.25,8724.258064704001,0
CRI,D,20250516,000000,249.502,252.423,244.078,247.416,5592.8725807656,0
CRI,D,20250519,000000,245.33,253.257,236.568,249.502,8636.7758066376,0
CRI,D,20250520,000000,249.502,249.502,244.078,248.25,6036.275806581601,0
CRI,D,20250521,000000,248.25,248.25,237.82,247.416,3960.6693549240003,0
CRI,D,20250522,000000,246.999,246.999,239.071,241.157,4042.1596775064004,0
CRI,D,20250523,000000,240.323,243.244,231.144,241.575,7506.6967743552,0
CRI,D,20250526,000000,241.992,252.005,241.992,248.668,10783.0870970064,0
CRI,D,20250527,000000,248.668,248.668,244.913,248.25,1535.1338710008001,0
CRI,D,20250528,000000,248.668,254.092,244.078,246.999,7437.190322740801,0
CRI,D,20250529,000000,244.495,247.833,242.826,243.661,2547.7709677968,0
CRI,D,20250530,000000,244.078,245.33,239.906,245.33,3639.5016129816004,0
CRI,D,20250602,000000,245.33,255.343,240.74,250.336,23219.948387596804,0
CRI,D,20250603,000000,251.171,252.84,241.157,244.913,6350.253225943201,0
CRI,D,20250604,000000,245.33,248.25,243.661,245.33,11913.1661292888,0
CRI,D,20250605,000000,247.416,249.919,241.992,244.495,6855.972580792801,0
CRI,D,20250606,000000,245.747,246.164,238.654,246.164,4943.3467743,0
CRI,D,20250609,000000,245.33,245.33,239.906,241.157,5021.241935592,0
CRI,D,20250610,000000,243.661,244.495,238.654,243.244,4314.193548480001,0
CRI,D,20250611,000000,243.244,243.661,236.985,240.323,3511.2741936240004,0
CRI,D,20250612,000000,240.323,241.992,236.151,236.985,4863.054838814401,0
CRI,D,20250613,000000,236.985,240.323,234.065,236.568,4098.483871056001,0
CRI,D,20250616,000000,234.899,240.323,234.065,239.489,3214.0741936176005,0
CRI,D,20250617,000000,239.489,240.323,234.065,240.323,4460.3967742896,0
CRI,D,20250618,000000,239.489,240.323,235.316,236.151,4979.298387204,0
CRI,D,20250620,000000,236.151,245.747,234.482,245.747,7785.920967909601,0
CRI,D,20250623,000000,244.495,245.33,236.151,238.237,4296.217742028,0
CRI,D,20250624,000000,238.654,244.078,237.402,243.661,2231.3967742416003,0
CRI,D,20250625,000000,244.078,245.33,241.157,243.244,4930.164516235201,0
CRI,D,20250626,000000,243.244,244.078,236.985,239.489,3155.3532258744003,0
CRI,D,20250627,000000,239.071,244.495,236.985,237.82,2521.4064516672,0
CRI,D,20250630,000000,237.82,241.992,237.82,240.74,2473.4709677952,0
CRI,D,20250701,000000,241.992,241.992,237.82,241.575,7841.0467743624,0
CRI,D,20250702,000000,241.992,245.33,241.157,245.33,5173.4370968856,0
CRI,D,20250703,000000,245.33,246.164,241.575,243.661,2735.9177419944003,0
CRI,D,20250704,000000,243.661,244.495,241.157,241.575,1206.7758064776,0
CRI,D,20250707,000000,243.661,243.661,236.985,242.409,3137.3774194224,0
CRI,D,20250708,000000,241.992,241.992,235.316,237.402,3081.0532258728003,0
CRI,D,20250709,000000,236.568,239.489,234.482,238.654,3564.0032258832002,0
CRI,D,20250710,000000,236.985,240.323,231.978,233.647,4431.6354839664,0
CRI,D,20250711,000000,234.899,236.151,229.892,231.144,4658.1306452616,0
CRI,D,20250714,000000,231.144,238.654,231.144,234.482,3154.1548387776,0
CRI,D,20250715,000000,234.482,237.402,231.561,235.316,3604.7483871744002,0
CRI,D,20250716,000000,235.316,240.323,234.065,239.071,3006.7532258712004,0
CRI,D,20250717,000000,239.489,257.012,236.568,257.012,10221.0435486072,0
CRI,D,20250718,000000,257.012,257.012,250.754,257.012,11758.574193801602,0
CRI,D,20250721,000000,255.343,257.012,251.171,251.171,6635.4693549816,0
CRI,D,20250722,000000,252.005,255.76,241.157,244.495,15340.5532261368,0
CRI,D,20250723,000000,245.33,248.668,243.244,246.164,3072.6645161952,0
CRI,D,20250724,000000,246.164,250.336,243.661,248.668,1787.9935484256002,0
CRI,D,20250725,000000,248.668,248.668,241.992,243.244,4153.609677508801,0
CRI,D,20250728,000000,243.661,247.416,236.985,238.654,3387.8403226536,0
CRI,D,20250729,000000,238.654,241.575,237.402,240.74,2309.2919355336003,0
CRI,D,20250730,000000,240.74,249.085,239.071,249.085,3653.8822581432005,0
CRI,D,20250731,000000,248.25,248.25,239.489,240.74,2552.5645161840002,0
CRI,D,20250801,000000,240.323,243.661,235.316,241.157,5018.845161398401,0
CRI,D,20250804,000000,237.82,243.244,236.151,241.157,3145.7661291000004,0
CRI,D,20250805,000000,241.157,244.495,238.654,244.495,2550.1677419904004,0
CRI,D,20250806,000000,244.078,245.33,240.323,243.661,2315.2838710176,0
CRI,D,20250807,000000,242.826,242.826,237.82,241.157,4866.650000104801,0
CRI,D,20250808,000000,241.157,246.581,237.82,241.575,10727.961290553601,0
CRI,D,20250811,000000,241.992,244.078,236.151,240.323,6595.922580787201,0
CRI,D,20250812,000000,240.323,240.323,235.316,236.568,2853.3596774808,0
CRI,D,20250813,000000,236.985,240.74,236.151,239.906,2608.8887097336,0
CRI,D,20250814,000000,240.323,240.74,235.316,236.985,3544.8290323344004,0
CRI,D,20250818,000000,236.985,239.489,236.151,237.82,1650.1790322936001,0
CRI,D,20250819,000000,237.82,239.906,236.985,238.237,2280.5306452104,0
CRI,D,20250820,000000,238.654,238.654,236.151,237.82,1766.4225806832,0
CRI,D,20250821,000000,238.237,239.489,235.316,239.489,1821.5483871360002,0
CRI,D,20250822,000000,239.906,239.906,233.647,236.985,4598.2112904216,0
CRI,D,20250825,000000,236.151,246.164,235.316,245.747,11330.750000244001,0
CRI,D,20250826,000000,246.164,246.999,239.071,241.992,6761.3000001456,0
CRI,D,20250827,000000,241.992,241.992,239.489,241.157,921.5596774392001,0
CRI,D,20250828,000000,239.906,239.906,235.316,239.489,3697.0241936280004,0
CRI,D,20250829,000000,239.071,241.157,235.316,239.489,3842.0290323408003,0
CRI,D,20250901,000000,239.906,249.919,239.906,244.913,8312.0129034048,0
CRI,D,20250902,000000,246.164,257.012,246.164,256.178,9426.5129034288,0
CRI,D,20250903,000000,256.595,264.522,256.595,260.767,9897.479032471201,0
CRI,D,20250904,000000,262.019,264.939,257.847,261.184,5742.670967865601,0
CRI,D,20250905,000000,261.184,264.105,256.595,261.602,3638.3032258848,0
CRI,D,20250908,000000,263.271,265.357,261.602,264.105,4133.2370968632,0
CRI,D,20250909,000000,264.522,264.522,252.423,258.681,5800.193548512,0
CRI,D,20250910,000000,257.847,257.847,246.164,256.178,6544.391935624801,0
CRI,D,20250911,000000,257.429,264.105,257.429,261.602,3290.7709678128003,0
CRI,D,20250912,000000,261.602,272.867,259.515,270.363,12923.406451891202,0
CRI,D,20250915,000000,270.363,280.794,269.112,276.205,18697.235484273602,0
CRI,D,20250916,000000,275.37,279.125,272.867,275.37,8872.858064707201,0
CRI,D,20250917,000000,277.039,277.039,272.032,273.701,5947.5951614184005,0
CRI,D,20250918,000000,274.118,283.715,269.946,281.211,15205.135484198401,0
CRI,D,20250919,000000,284.549,289.973,277.873,283.297,12360.164516395202,0
CRI,D,20250922,000000,284.966,284.966,275.37,280.377,7247.8451614464,0
CRI,D,20250923,000000,280.377,290.39,278.708,287.887,6798.4500001464,0
CRI,D,20250924,000000,289.556,289.973,277.873,282.88,7154.370967896,0
CRI,D,20250925,000000,283.297,284.549,277.873,279.96,4135.633871056801,0
CRI,D,20250926,000000,281.211,288.721,260.35,287.47,22382.2758069336,0
CRI,D,20250929,000000,289.556,310.417,287.887,306.662,32582.9467748952,0
CRI,D,20250930,000000,307.079,317.093,306.245,308.331,30054.350000647202,0
CRI,D,20251001,000000,307.497,309.583,296.231,309.583,24118.7387101968,0
CRI,D,20251002,000000,309.583,317.093,306.662,315.424,11964.6967744512,0
CRI,D,20251003,000000,321.265,332.113,319.596,330.861,29633.716129670403,0
CRI,D,20251006,000000,331.279,332.948,322.934,328.775,16232.153226156002,0
CRI,D,20251007,000000,328.775,330.027,317.927,322.517,8538.508064700001,0
CRI,D,20251008,000000,322.517,330.027,314.59,328.775,17429.3419358592,0
CRI,D,20251009,000000,329.192,331.279,320.013,324.186,11466.1677421824,0
CRI,D,20251010,000000,324.186,325.437,316.676,324.603,5344.806451728001,0
CRI,D,20251013,000000,318.345,321.265,310,312.086,11094.6677421744,0
CRI,D,20251014,000000,312.086,320.431,302.907,308.748,13184.654838993602,0
CRI,D,20251015,000000,312.086,314.172,308.331,312.086,5005.6629033336,0
CRI,D,20251016,000000,312.921,316.676,303.742,305.828,11886.801613159201,0
CRI,D,20251017,000000,305.828,309.166,300.821,305.828,13626.8596777128,0
CRI,D,20251020,000000,308.748,310.417,303.324,306.662,5584.483871088,0
CRI,D,20251021,000000,310.417,325.855,310,315.007,14559.204839023201,0
CRI,D,20251022,000000,315.007,325.437,312.503,317.927,6213.637096908001,0
CRI,D,20251023,000000,323.769,331.279,322.1,326.689,10785.4838712,0
CRI,D,20251024,000000,326.272,332.948,321.265,326.272,4371.7161291264,0
CRI,D,20251027,000000,327.106,342.127,327.106,332.113,14674.250000316002,0
CRI,D,20251028,000000,332.113,341.292,328.775,339.206,8985.506451806401,0
CRI,D,20251029,000000,340.04,340.04,326.272,330.444,10177.901613122402,0
CRI,D,20251030,000000,323.351,330.444,321.265,323.769,4822.309677523201,0
CRI,D,20251031,000000,323.769,329.61,317.093,320.013,10120.379032476001,0
CRI,D,20251103,000000,320.013,325.437,316.258,320.431,6043.466129162401,0
CRI,D,20251104,000000,320.431,323.351,314.59,317.51,4277.043548479201,0
CRI,D,20251105,000000,317.51,322.517,313.755,322.1,4664.1225807456,0
CRI,D,20251106,000000,322.934,322.934,317.51,318.345,2056.4322581088004,0
CRI,D,20251107,000000,321.682,326.689,309.583,317.51,10289.351613124802,0
CRI,D,20251110,000000,322.934,330.027,320.431,329.61,9206.009677617601,0
CRI,D,20251112,000000,329.61,329.61,320.431,325.437,6659.437096917601,0
CRI,D,20251113,000000,326.272,326.272,317.093,317.093,4456.8016129992,0
CRI,D,20251114,000000,315.424,315.841,307.914,310.417,15444.8129035584,0
CRI,D,20251117,000000,311.669,314.59,302.907,304.576,7386.858064675201,0
CRI,D,20251118,000000,300.821,302.907,292.059,299.569,17767.2870971568,0
CRI,D,20251119,000000,297.066,301.655,294.563,298.735,9921.4467744072,0
CRI,D,20251120,000000,301.238,306.245,295.814,302.49,7035.7306453128,0
CRI,D,20251121,000000,295.397,296.649,286.635,292.059,14925.911290644,0
CRI,D,20251124,000000,292.894,303.324,292.894,300.404,13413.546774482402,0
CRI,D,20251125,000000,300.404,303.324,296.649,299.569,3395.0306452344003,0
CRI,D,20251126,000000,304.576,305.41,299.569,301.655,3308.7467742648005,0
CRI,D,20251127,000000,292.059,325.855,292.059,325.855,15364.520968072802,0
CRI,D,20251128,000000,328.358,328.358,313.338,316.258,11032.351613140801,0
CRI,D,20251201,000000,323.351,324.603,311.669,313.755,7094.4516130560005,0
CRI,D,20251202,000000,316.258,318.762,309.583,318.762,3976.2483871824,0
CRI,D,20251203,000000,318.762,324.603,316.258,316.258,4793.5483872,0
CRI,D,20251204,000000,320.431,322.1,313.755,314.172,3650.2870968528005,0
CRI,D,20251205,000000,314.172,317.093,310,310.834,3976.2483871824,0
CRI,D,20251208,000000,312.503,319.596,312.503,316.258,3453.7516129776004,0
CRI,D,20251209,000000,317.927,322.934,316.258,318.762,3818.0612904048003,0
CRI,D,20251210,000000,319.596,320.013,314.59,317.093,3718.5951613704005,0
CRI,D,20251211,000000,318.345,319.596,309.583,317.093,3260.8112903928004,0
CRI,D,20251212,000000,317.093,320.431,310.417,313.338,6420.958064654401,0
CRI,D,20251215,000000,316.676,316.676,306.245,310,4357.3354839648,0
CRI,D,20251216,000000,311.252,311.252,301.238,305.41,6139.337096906401,0
CRI,D,20251217,000000,305.41,305.41,294.98,296.231,9262.3338711672,0
CRI,D,20251218,000000,297.066,300.404,292.059,295.397,9745.2838711776,0
CRI,D,20251219,000000,294.145,303.742,293.728,303.742,7284.995161447201,0
CRI,D,20251222,000000,305.41,308.748,303.324,306.245,5840.9387098032,0
CRI,D,20251223,000000,307.497,310.417,302.907,308.331,9479.241935688,0
CRI,D,20251229,000000,308.331,319.596,307.914,317.093,17017.096774560003,0
CRI,D,20251230,000000,317.093,328.358,315.841,320.431,15519.11290356,0
CRI,D,20260102,000000,324.603,354.643,324.603,354.643,29458.751613537603,0
CRI,D,20260105,000000,354.643,364.657,350.888,363.405,13293.708064802402,0
CRI,D,20260107,000000,364.657,371.332,356.729,361.319,20362.9935488256,0
CRI,D,20260108,000000,362.153,373.001,354.643,365.908,11464.969355085601,0
CRI,D,20260109,000000,368.412,390.525,362.153,390.525,21006.5274198072,0
CRI,D,20260112,000000,395.532,413.055,390.525,399.704,17570.7516132816,0
CRI,D,20260113,000000,401.373,407.631,390.525,399.704,12754.433871242401,0
CRI,D,20260114,000000,402.207,404.711,387.187,398.035,6041.0693549688,0
CRI,D,20260115,000000,398.035,404.711,388.856,400.538,6341.8645162656,0
CRI,D,20260116,000000,403.459,429.744,401.373,429.744,17908.696774579203,0
CRI,D,20260119,000000,430.579,458.116,427.241,451.44,17531.2048390872,0
CRI,D,20260120,000000,453.943,463.122,438.089,457.281,15416.051613235202,0
CRI,D,20260121,000000,458.95,460.619,443.93,458.95,8077.129032432001,0
CRI,D,20260122,000000,454.778,509.017,454.778,494.832,24812.604839244003,0
CRI,D,20260123,000000,495.666,503.176,483.984,493.163,11482.9451615376,0
CRI,D,20260126,000000,496.501,502.342,471.467,482.315,15925.366129375201,0
CRI,D,20260127,000000,482.315,495.666,475.639,493.997,6353.848387233601,0
CRI,D,20260128,000000,496.501,517.362,496.501,508.183,13916.8693551384,0
CRI,D,20260129,000000,513.19,517.362,503.176,503.176,10297.740322802401,0
CRI,D,20260130,000000,502.342,524.872,493.997,515.693,16318.437097125601,0
CRI,D,20260202,000000,504.011,506.514,485.653,497.335,19027.9903229904,0
CRI,D,20260203,000000,488.156,500.673,475.639,479.812,22415.830645644,0
CRI,D,20260204,000000,481.48,488.156,455.612,457.281,31835.153226492002,0
CRI,D,20260205,000000,455.612,455.612,418.062,418.896,45355.35645258961,0
CRI,D,20260206,000000,419.731,448.102,418.896,434.751,23678.930645671204,0
CRI,D,20260209,000000,442.261,468.129,438.923,463.122,15827.098387437602,0
CRI,D,20260210,000000,467.295,469.798,443.93,448.102,10573.369355066401,0
CRI,D,20260211,000000,448.102,453.109,440.592,445.599,7976.464516300801,0
CRI,D,20260212,000000,453.109,464.791,448.102,454.778,6690.5951614344,0
CRI,D,20260213,000000,455.612,484.818,443.096,483.149,16833.7435487496,0
CRI,D,20260216,000000,488.991,500.673,485.653,489.825,16489.806451968,0
CRI,D,20260217,000000,489.825,496.501,478.977,487.322,5276.4983872104,0
CRI,D,20260218,000000,489.825,500.673,478.143,482.315,9448.0838711712,0
CRI,D,20260219,000000,488.156,507.349,479.812,493.163,16902.051613267202,0
CRI,D,20260220,000000,493.163,497.335,478.143,479.812,11348.725806696,0
CRI,D,20260223,000000,478.977,487.322,466.46,478.143,8195.7693550152,0
CRI,D,20260224,000000,478.977,482.315,472.301,481.48,5174.635483982401,0
CRI,D,20260225,000000,481.48,493.997,478.143,483.984,9277.9129034256,0
CRI,D,20260226,000000,493.163,494.832,477.308,478.977,8004.0274195272,0
CRI,D,20260227,000000,486.487,535.72,483.984,527.376,45827.5209687288,0
CRI,D,20260302,000000,520.7,542.396,511.521,523.203,15152.406451939201,0
CRI,D,20260303,000000,523.203,524.038,493.163,499.004,32853.782258772,0
CRI,D,20260304,000000,497.335,537.389,497.335,535.72,14315.9322583728,0
CRI,D,20260305,000000,540.727,581.615,540.727,575.774,32228.224194242404,0
CRI,D,20260306,000000,584.118,590.794,559.919,587.456,18455.161290720003,0
CRI,D,20260309,000000,580.781,583.284,560.754,572.436,14088.238709980802,0
CRI,D,20260310,000000,580.781,608.318,580.781,592.463,13523.798387388002,0
CRI,D,20260311,000000,596.635,596.635,569.933,577.443,10044.880645377601,0
CRI,D,20260312,000000,577.443,592.463,571.602,576.608,9281.508064716001,0
CRI,D,20260313,000000,576.608,576.608,554.913,562.423,10358.858064739201,0
CRI,D,20260316,000000,565.76,575.774,539.058,554.078,13568.1387099696,0
CRI,D,20260317,000000,564.926,588.291,551.575,587.456,9963.390322795201,0
CRI,D,20260318,000000,590.794,599.139,569.098,573.271,11780.145161544002,0
CRI,D,20260319,000000,571.602,582.45,562.423,579.112,7871.0064517824,0
CRI,D,20260320,000000,582.45,593.297,564.092,564.092,34488.3822588072,0
CRI,D,20260323,000000,554.913,564.092,531.548,551.575,24617.267742465603,0
CRI,D,20260324,000000,553.244,553.244,528.21,546.568,9517.590322785602,0
CRI,D,20260325,000000,548.237,587.456,548.237,579.946,14037.906451915202,0
CRI,D,20260326,000000,579.946,584.118,539.892,541.561,19689.500000424003,0
CRI,D,20260327,000000,534.051,538.223,514.859,525.707,19258.080645576003,0
CRI,D,20260330,000000,525.707,554.078,521.534,551.575,14882.769355159202,0
CRI,D,20260331,000000,556.581,592.463,549.906,590.794,26124.83871024,0
CRI,D,20260401,000000,592.463,613.324,591.629,605.814,54954.437097957605,0
CRI,D,20260402,000000,605.814,630.013,584.118,620,42629.0258073696,0
CRI,D,20260407,000000,617,617,560,581,57478,0
CRI,D,20260408,000000,600,646,599,620,32953,0
CRI,D,20260409,000000,624,625,605,615,5361,0
CRI,D,20260410,000000,621,655,612,652,20676,0
CRI,D,20260413,000000,649,665,646,662,8111,0
CRI,D,20260414,000000,665,675,657,665,8514,0
CRI,D,20260415,000000,672,695,670,694,11697,0
CRI,D,20260416,000000,698,720,655,670,28155,0
CRI,D,20260417,000000,675,676,655,663,15279,0
CRI,D,20260420,000000,665,666,632,661,20505,0
CRI,D,20260421,000000,645,660,638,646,15061,0
CRI,D,20260422,000000,651,666,632,644,12039,0
CRI,D,20260423,000000,644,678,636,662,11967,0
CRI,D,20260424,000000,663,668,639,646,7577,0
CRI,D,20260427,000000,647,654,626,640,7211,0
CRI,D,20260428,000000,643,644,631,639,5936,0
CRI,D,20260429,000000,630,665,613,650,16935,0
CRI,D,20260430,000000,660,663,646,652,5041,0
CRI,D,20260504,000000,649,662,643,655,5442,0
CRI,D,20260505,000000,656,687,639,678,15307,0
CRI,D,20260506,000000,685,709,678,700,20857,0
CRI,D,20260507,000000,679,679,614,640,58167,0
CRI,D,20260508,000000,648,648,622,633,8450,0
CRI,D,20260511,000000,637,670,633,662,15350,0
CRI,D,20260512,000000,667,669,651,667,12963,0
CRI,D,20260513,000000,670,682,668,676,8133,0
CRI,D,20260514,000000,683,703,670,697,22474,0
CRI,D,20260515,000000,697,717,685,701,17749,0
CRI,D,20260518,000000,702,769,702,765,31282,0
CRI,D,20260519,000000,770,794,751,770,20340,0
CRI,D,20260520,000000,770,806,750,800,14983,0
CRI,D,20260521,000000,810,866,806,864,19948,0
CRI,D,20260522,000000,865,952,852,952,31580,0
CRI,D,20260525,000000,930,960,869,945,44434,0
CRI,D,20260526,000000,943,990,932,980,22711,0
CRI,D,20260527,000000,976,980,933,971,14899,0
CRI,D,20260528,000000,968,999,940,998,30535,0
CRI,D,20260529,000000,999,1086,997,1038,34141,0
CRI,D,20260601,000000,1030,1036,907,1008,31490,0
CRI,D,20260602,000000,956,1020,913,913,32925,0
CRI,D,20260603,000000,900,933,854,871,28302,0
CRI,D,20260605,000000,869,905,783,783,60394,0
CRI,D,20260608,000000,760,806,738,777,62316,0
CRI,D,20260609,000000,820,825,759,765,78671,0
CRI,D,20260610,000000,772,809,761,784,44869,0
CRI,D,20260611,000000,785,906,785,906,44962,0
CRI,D,20260612,000000,948,975,856,880,43027,0
CRI,D,20260615,000000,910,920,801,803,32499,0
CRI,D,20260616,000000,800,826,772,789,27187,0
CRI,D,20260617,000000,807,848,793,834,16967,0
CRI,D,20260618,000000,848,848,791,793,10403,0
CRI,D,20260619,000000,799,826,790,814,7248,0
CRI,D,20260622,000000,816,819,775,775,10212,0
CRI,D,20260623,000000,771,789,760,772,12963,0
CRI,D,20260624,000000,777,784,738,744,12066,0
CRI,D,20260625,000000,740,759,710,727,12231,0
CRI,D,20260626,000000,722,730,701,723,18558,0
CRI,D,20260629,000000,721,744,705,727,10658,0
CRI,D,20260630,000000,742,771,723,759,14677,0
CRI,D,20260701,000000,769,788,748,770,11111,0
CRI,D,20260702,000000,776,795,756,790,7161,0
CRI,D,20260703,000000,798,810,774,807,6698,0
CRI,D,20260706,000000,818,845,809,820,8733,0
CRI,D,20260707,000000,830,831,800,812,9651,0
CRI,D,20260708,000000,829,858,815,849,12825,0
CRI,D,20260709,000000,857,887,841,841,15382,0
CRI,D,20260710,000000,843,857,816,835,6361,0
CRI,D,20260713,000000,830,834,815,817,4673,0
CRI,D,20260714,000000,820,839,802,802,9034,0
CRI,D,20260715,000000,810,810,750,781,41702,0
CRI,D,20260716,000000,794,810,765,765,12150,0
CRI,D,20260717,000000,759,796,752,773,8822,0
CRI,D,20260720,000000,782,795,750,750,7434,0
CRI,D,20260721,000000,755,795,734,786,10561,0
CRI,D,20260722,000000,795,799,774,780,6130,0
CRI,D,20260723,000000,770,789,750,780,14538,0
CRI,D,20260724,000000,786,796,701,701,27749,0
CRI,D,20260727,000000,738,766,731,740,36395,0
CRI,D,20260728,000000,743,754,715,715,13663,0
CRI,D,20260729,000000,710,712,647,650,45861,0
CRI,D,20260730,000000,650,676,635,665,19915,0
CRI,D,20260731,000000,672,687,663,676,17459,0
CRI,D,20260803,000000,679,707,677,681,12016,0
CRI,D,20260804,000000,693,737,681,733,15110,0
CRI,D,20260805,000000,735,743,722,725,13847,0
CRI,D,20260806,000000,725,750,700,742,11771,0
CRI,D,20260807,000000,750,770,734,742,15299,0
CRI,D,20260810,000000,745,795,745,782,13514,0
CRI,D,20260811,000000,784,795,772,783,11694,0
CRI,D,20260812,000000,790,793,756,760,9051,0
CRI,D,20260813,000000,762,780,755,762,7788,0
CRI,D,20260814,000000,764,769,749,749,5405,0
CRI,D,20260817,000000,759,760,735,736,3922,0
CRI,D,20260818,000000,733,747,725,730,4618,0
