<TICKER>,<PER>,<DATE>,<TIME>,<OPEN>,<HIGH>,<LOW>,<CLOSE>,<VOL>,<OPENINT>
CTX,D,20210419,000000,174,175,170.98,171.98,26344,0
CTX,D,20210420,000000,172.8,172.8,150,154.04,18376,0
CTX,D,20210421,000000,155,169.96,150,168,10621,0
CTX,D,20210422,000000,167,174.8,167,173.98,3543,0
CTX,D,20210423,000000,172,174.28,169.02,174.28,1643,0
CTX,D,20210426,000000,180,180,172.32,177.9,397,0
CTX,D,20210427,000000,178,178,175.64,177.86,67,0
CTX,D,20210428,000000,177.96,177.96,169,177.46,164,0
CTX,D,20210429,000000,177.94,177.94,171.02,176.94,208,0
CTX,D,20210430,000000,176.9,178.58,172.42,178,594,0
CTX,D,20210504,000000,172.5,177.46,170.26,177.46,10875,0
CTX,D,20210505,000000,172.2,174,172.12,173,7318,0
CTX,D,20210506,000000,173,173,170.32,172,5449,0
CTX,D,20210507,000000,172.96,172.96,171,171.6,12763,0
CTX,D,20210510,000000,172,172,169,171.98,620,0
CTX,D,20210511,000000,172,172,171,171,51,0
CTX,D,20210512,000000,171,171.5,170,170,8067,0
CTX,D,20210513,000000,170.96,170.96,166.28,168.6,2169,0
CTX,D,20210514,000000,169,170.5,167.52,170.5,16858,0
CTX,D,20210517,000000,171.98,171.98,168.3,170,454,0
CTX,D,20210518,000000,171,171,168.02,170.98,36,0
CTX,D,20210519,000000,170.96,170.98,170.5,170.98,4,0
CTX,D,20210520,000000,168,170.98,168,170.98,139,0
CTX,D,20210521,000000,166.2,170.96,166.2,170.96,3,0
CTX,D,20210524,000000,170.96,170.96,166.4,170,32,0
CTX,D,20210525,000000,166.5,169.5,166.5,169.5,63,0
CTX,D,20210526,000000,170,170,166.52,169.9,32,0
CTX,D,20210527,000000,169.8,169.8,169.8,169.8,5,0
CTX,D,20210528,000000,166.56,169.78,166.56,169.5,28,0
CTX,D,20210531,000000,169.4,169.4,165.4,169,89,0
CTX,D,20210601,000000,169,175,165.22,170,3002,0
CTX,D,20210602,000000,170,174,167,174,7106,0
CTX,D,20210604,000000,174.5,174.9,173.9,174,14,0
CTX,D,20210607,000000,174,174,174,174,206,0
CTX,D,20210608,000000,174,178,174,178,1548,0
CTX,D,20210609,000000,178,184,178,184,586,0
CTX,D,20210610,000000,184,184,182.8,184,1190,0
CTX,D,20210611,000000,183.98,185,178.2,184.8,1909,0
CTX,D,20210614,000000,185,186,181.5,185.9,1444,0
CTX,D,20210615,000000,183.16,185.9,182.6,185.9,1212,0
CTX,D,20210616,000000,185.5,190,184,187.1,7440,0
CTX,D,20210617,000000,186.9,187,183,185.5,953,0
CTX,D,20210618,000000,185.5,188,185,187.94,1793,0
CTX,D,20210621,000000,185,187.86,184,187.86,3486,0
CTX,D,20210622,000000,186.98,186.98,186.5,186.5,194,0
CTX,D,20210623,000000,186.5,192.16,186,190,7763,0
CTX,D,20210624,000000,194,197,192,195,258,0
CTX,D,20210625,000000,195,199,195,198,571,0
CTX,D,20210628,000000,198,200,192,200,2614,0
CTX,D,20210629,000000,200,203,197.1,201,3964,0
CTX,D,20210630,000000,198.58,202.4,198.58,198.8,1670,0
CTX,D,20210701,000000,199.5,201.9,197.16,199.6,1120,0
CTX,D,20210702,000000,200,200,198,199.4,1716,0
CTX,D,20210705,000000,199.4,199.4,194,199.4,2994,0
CTX,D,20210706,000000,195.5,199,195.5,199,422,0
CTX,D,20210707,000000,196.04,198.9,196.04,198.9,89,0
CTX,D,20210708,000000,198.8,198.8,194.6,198.6,395,0
CTX,D,20210709,000000,198.6,198.6,193.3,198,17772,0
CTX,D,20210712,000000,197.4,197.5,193.46,197.5,107,0
CTX,D,20210713,000000,198,198,180.3,191.9,2211,0
CTX,D,20210714,000000,193,193,188,188,348,0
CTX,D,20210715,000000,190.7,190.7,186,189,478,0
CTX,D,20210716,000000,188,198,188,195,1250,0
CTX,D,20210719,000000,195,196,194.5,195,283,0
CTX,D,20210720,000000,196,196,192.06,194.9,143,0
CTX,D,20210721,000000,193,199,190,195,176,0
CTX,D,20210722,000000,195,195.5,190,195,150,0
CTX,D,20210723,000000,195,195.5,192,195.5,3063,0
CTX,D,20210726,000000,195.5,195.5,190,193,7033,0
CTX,D,20210727,000000,195,195,191,195,295,0
CTX,D,20210728,000000,195,195,190,192,162,0
CTX,D,20210729,000000,192,194.98,189,192,39120,0
CTX,D,20210730,000000,192,192,191,191,66,0
CTX,D,20210802,000000,192,192,188.2,191,204,0
CTX,D,20210803,000000,182.2,192.9,182.2,192.9,431,0
CTX,D,20210804,000000,192.9,192.9,187,192,8824,0
CTX,D,20210805,000000,192.5,192.5,187.04,190,92,0
CTX,D,20210806,000000,188,192.48,188,190.98,5138,0
CTX,D,20210809,000000,190.9,194.98,190,194.98,6313,0
CTX,D,20210810,000000,194,194,190,193.98,151,0
CTX,D,20210811,000000,193.98,193.98,192,193,144,0
CTX,D,20210812,000000,193.98,193.98,188.16,191,329,0
CTX,D,20210813,000000,193.98,193.98,190,190.5,30,0
CTX,D,20210816,000000,190,192,189.6,190,166,0
CTX,D,20210817,000000,190,193,189.6,193,704,0
CTX,D,20210818,000000,193.98,193.98,190.5,190.5,71,0
CTX,D,20210819,000000,185.5,190.98,185,190.5,195,0
CTX,D,20210820,000000,190,192,185.1,192,142,0
CTX,D,20210823,000000,185.28,190,185.28,190,9,0
CTX,D,20210824,000000,190,190,190,190,1,0
CTX,D,20210825,000000,191,191,185.22,190,16,0
CTX,D,20210826,000000,190,190,189,190,337,0
CTX,D,20210827,000000,190.1,191.9,185.28,190,36,0
CTX,D,20210830,000000,185,190,185,189.7,481,0
CTX,D,20210831,000000,189.7,190,184.2,189.9,345,0
CTX,D,20210901,000000,188,188.8,175,188.8,1752,0
CTX,D,20210902,000000,188,188,188,188,1,0
CTX,D,20210903,000000,188.88,188.88,186,188.48,400,0
CTX,D,20210906,000000,184,187.5,183.2,183.62,465,0
CTX,D,20210907,000000,183.62,188.5,183.62,186,68,0
CTX,D,20210908,000000,188.5,188.5,183.74,185.02,232,0
CTX,D,20210909,000000,183.7,188,183.7,186,4005,0
CTX,D,20210910,000000,185,188.96,184.08,185.04,1199,0
CTX,D,20210913,000000,185.04,188.98,184.28,186,1023,0
CTX,D,20210914,000000,186,188.6,185,185.02,8153,0
CTX,D,20210915,000000,185.86,188,185.02,188,163,0
CTX,D,20210916,000000,185,188.7,184.24,188,248,0
CTX,D,20210917,000000,185.1,190,185.02,189.9,4359,0
CTX,D,20210920,000000,188.02,188.9,184.44,188.7,301,0
CTX,D,20210921,000000,185,188,184.42,188,1471,0
CTX,D,20210922,000000,184.24,189.9,184.24,188,425,0
CTX,D,20210923,000000,185.72,189,185.72,189,1017,0
CTX,D,20210924,000000,186,189,186,186,6329,0
CTX,D,20210927,000000,184.28,189.84,184.2,189.84,25,0
CTX,D,20210928,000000,189.86,189.86,185.12,187.9,1265,0
CTX,D,20210929,000000,189,189,185.02,186.88,1553,0
CTX,D,20210930,000000,186.88,188,185,188,1703,0
CTX,D,20211001,000000,185.1,189,184.54,186,983,0
CTX,D,20211004,000000,186,188,184.48,186.06,5861,0
CTX,D,20211005,000000,189.5,189.5,185.16,186,72,0
CTX,D,20211006,000000,188,190,187.12,189,6801,0
CTX,D,20211007,000000,189,193,189,191.5,2335,0
CTX,D,20211008,000000,191,192,183.02,190,19523,0
CTX,D,20211011,000000,190,190,190,190,30,0
CTX,D,20211012,000000,188,189,188,188.5,143,0
CTX,D,20211013,000000,189,192,187,191,103,0
CTX,D,20211014,000000,190,190,190,190,2600,0
CTX,D,20211015,000000,190,209,190,202,8564,0
CTX,D,20211018,000000,204.9,204.9,190,195.98,54227,0
CTX,D,20211019,000000,195.98,200,194.5,200,5366,0
CTX,D,20211020,000000,199.9,199.9,196.9,197.5,137,0
CTX,D,20211021,000000,197,197,196,196.5,127,0
CTX,D,20211022,000000,195.8,199.98,195,196.96,1718,0
CTX,D,20211025,000000,196.98,196.98,194.7,195.48,477,0
CTX,D,20211026,000000,195.5,195.5,189,190,2103,0
CTX,D,20211027,000000,190,192.8,189,190,11974,0
CTX,D,20211028,000000,190,195,187,195,19233,0
CTX,D,20211029,000000,194.98,196.98,192,192,185,0
CTX,D,20211102,000000,190,194.98,190,193.98,2036,0
CTX,D,20211103,000000,193,193,176.4,182.2,1398,0
CTX,D,20211104,000000,182,189,180.06,189,394,0
CTX,D,20211105,000000,184.2,190,184,189.8,696,0
CTX,D,20211108,000000,184.2,189.4,184.2,188.9,37,0
CTX,D,20211109,000000,184.1,189,180,182,452,0
CTX,D,20211110,000000,181,185,181,185,626,0
CTX,D,20211112,000000,184.98,190,184.98,189.86,848,0
CTX,D,20211115,000000,188.9,193.98,188.9,190,1170,0
CTX,D,20211116,000000,190,193.78,189.5,193.78,1060,0
CTX,D,20211117,000000,190,192,190,192,426,0
CTX,D,20211118,000000,190,190,180,185.1,966,0
CTX,D,20211119,000000,181,187,181,186,392,0
CTX,D,20211122,000000,185,185,184,184.9,172,0
CTX,D,20211123,000000,182.5,184,182.5,184,35,0
CTX,D,20211124,000000,183.5,184,178.22,183.68,129,0
CTX,D,20211125,000000,183.58,183.6,183.58,183.6,95,0
CTX,D,20211126,000000,180.1,185,179.02,185,1261,0
CTX,D,20211129,000000,180,185.78,176.6,185.78,127,0
CTX,D,20211130,000000,185,188.8,180.1,185,3423,0
CTX,D,20211201,000000,185,187.5,185,187.44,377,0
CTX,D,20211202,000000,188.88,189.9,188.88,188.88,823,0
CTX,D,20211203,000000,182,186,182,185.8,11307,0
CTX,D,20211206,000000,185,185,183,183,593,0
CTX,D,20211207,000000,182,182,180,181.98,399,0
CTX,D,20211208,000000,180,180.5,180,180.5,1457,0
CTX,D,20211209,000000,180.5,180.5,178.3,180,4684,0
CTX,D,20211210,000000,179.8,179.8,178.6,178.6,3147,0
CTX,D,20211213,000000,177.1,180,177.1,179.88,685,0
CTX,D,20211214,000000,179.88,180,175.6,178.4,150,0
CTX,D,20211215,000000,175.7,179.8,174.12,179,387,0
CTX,D,20211216,000000,177,177,174,174,449,0
CTX,D,20211217,000000,178,178,178,178,146,0
CTX,D,20211221,000000,178,178,173,175,218,0
CTX,D,20211222,000000,176,178,172.52,175,872,0
CTX,D,20211223,000000,176.4,176.4,171.98,175.9,1372,0
CTX,D,20211227,000000,175.9,179.5,173.5,178.9,2198,0
CTX,D,20211228,000000,178.98,179,177,179,284,0
CTX,D,20211229,000000,179,179.8,178,179.8,3064,0
CTX,D,20211230,000000,180,182,178,179.8,964,0
CTX,D,20220103,000000,175.4,178,174,178,336,0
CTX,D,20220104,000000,176,177.9,175,175,1252,0
CTX,D,20220105,000000,175,175,173,175,545,0
CTX,D,20220107,000000,175,180,175,180,4443,0
CTX,D,20220110,000000,180,180,171.5,180,3598,0
CTX,D,20220111,000000,179,179,175,178,66,0
CTX,D,20220112,000000,180,183.98,177.02,180,24561,0
CTX,D,20220113,000000,183.78,183.78,179.5,180,1215,0
CTX,D,20220114,000000,174.02,179,174,178.98,116,0
CTX,D,20220117,000000,178.9,179,177,179,21376,0
CTX,D,20220118,000000,175,178.62,172.04,178.5,643,0
CTX,D,20220119,000000,177.98,177.98,174,176.9,125,0
CTX,D,20220120,000000,177,187,177,184,12921,0
CTX,D,20220121,000000,180,184,175.04,179.9,6549,0
CTX,D,20220124,000000,175.3,178,170.2,173.5,3152,0
CTX,D,20220125,000000,172.98,172.98,165.02,169.5,1277,0
CTX,D,20220126,000000,170.02,179,170.02,178,984,0
CTX,D,20220127,000000,170,175,168.52,171,1152,0
CTX,D,20220128,000000,172,178,170,171,2010,0
CTX,D,20220131,000000,175,175,172.52,173.5,314,0
CTX,D,20220201,000000,174,174,170,173.86,248,0
CTX,D,20220202,000000,169,173,167,170,1461,0
CTX,D,20220203,000000,168.4,172,167.7,172,504,0
CTX,D,20220204,000000,167.7,171,167,171,1171,0
CTX,D,20220207,000000,173.6,174.6,170.9,174.6,178,0
CTX,D,20220208,000000,174.3,174.3,160.8,170.98,1975,0
CTX,D,20220209,000000,173.2,174.5,168.1,174.5,1204,0
CTX,D,20220210,000000,174.5,176,172.04,176,756,0
CTX,D,20220211,000000,175,175.5,171,174.5,294,0
CTX,D,20220214,000000,169.1,175,166.7,173,1067,0
CTX,D,20220215,000000,170,173,170,173,61,0
CTX,D,20220216,000000,174.98,174.98,168.7,174,103,0
CTX,D,20220217,000000,175,175,167.36,171,363,0
CTX,D,20220218,000000,171,173.1,168,173,1142,0
CTX,D,20220221,000000,172.8,173.2,166.06,172.88,624,0
CTX,D,20220222,000000,166,171.9,158.06,171.9,545,0
CTX,D,20220223,000000,171.9,187,171,187,1710,0
CTX,D,20220224,000000,173.98,175,147,175,5815,0
CTX,D,20220225,000000,173.88,181,171,181,6511,0
CTX,D,20220228,000000,180,181,170,181,7927,0
CTX,D,20220301,000000,181.5,181.5,176.24,179.9,85,0
CTX,D,20220302,000000,171.44,180.96,171.44,177,367,0
CTX,D,20220303,000000,175,180,170.6,175,302,0
CTX,D,20220304,000000,175,177.2,170.66,175,280,0
CTX,D,20220307,000000,170.6,175,162.2,168.98,688,0
CTX,D,20220308,000000,166,170,162.02,165,350,0
CTX,D,20220309,000000,170,170,169.04,169.7,28,0
CTX,D,20220310,000000,169.76,169.76,169,169.1,299,0
CTX,D,20220311,000000,169.1,175,169.1,174.98,6563,0
CTX,D,20220314,000000,166.5,172.28,165.5,172.16,459,0
CTX,D,20220316,000000,170,171.98,166.5,169.98,252,0
CTX,D,20220317,000000,168.98,168.98,165,165,8279,0
CTX,D,20220318,000000,168,170,162.1,164.98,407,0
CTX,D,20220321,000000,162.3,164.98,162.3,164.8,388,0
CTX,D,20220322,000000,164.8,167.16,164.8,165,157,0
CTX,D,20220323,000000,166,166,160,160,122,0
CTX,D,20220324,000000,164.98,164.98,160.5,164,600,0
CTX,D,20220325,000000,162,162.1,160,162,198,0
CTX,D,20220328,000000,162,164,162,164,148,0
CTX,D,20220329,000000,164.96,167.04,160,160,2580,0
CTX,D,20220330,000000,160.02,160.02,159,160,6773,0
CTX,D,20220331,000000,160,160,158,160,70,0
CTX,D,20220401,000000,164,164,157.2,159.98,273,0
CTX,D,20220404,000000,159.98,159.98,153,154.94,3932,0
CTX,D,20220405,000000,154.94,155,150,155,2643,0
CTX,D,20220406,000000,152,152,147.5,150,11605,0
CTX,D,20220407,000000,150,150,147.1,150,262,0
CTX,D,20220408,000000,145,150,144,147,2295,0
CTX,D,20220411,000000,150.02,155,149,154.36,16726,0
CTX,D,20220412,000000,150,150,145.08,148,496,0
CTX,D,20220413,000000,149,149,139,139,3429,0
CTX,D,20220414,000000,143,154,143,151,1126,0
CTX,D,20220419,000000,150,165,144,165,9570,0
CTX,D,20220420,000000,174.5,174.5,160,169,5036,0
CTX,D,20220421,000000,165,172.5,163,163,149,0
CTX,D,20220422,000000,166,166,155,155,323,0
CTX,D,20220425,000000,149,162.5,148,162,901,0
CTX,D,20220426,000000,160,160.5,160,160.5,62,0
CTX,D,20220427,000000,160.5,160.5,147.5,150.5,452,0
CTX,D,20220428,000000,145.5,152,145,152,351,0
CTX,D,20220429,000000,152,159,146,152,800,0
CTX,D,20220502,000000,156,160,150,154.5,540,0
CTX,D,20220504,000000,150,153,150,153,265,0
CTX,D,20220505,000000,150,153,150,151,39,0
CTX,D,20220506,000000,150.5,151,149,151,415,0
CTX,D,20220509,000000,150.5,150.5,146.5,150,42,0
CTX,D,20220510,000000,150,150,146,150,157,0
CTX,D,20220511,000000,145.5,151,144,151,445,0
CTX,D,20220512,000000,142,145,138.5,144,1482,0
CTX,D,20220513,000000,143,147,135,142,947,0
CTX,D,20220516,000000,139,145.5,136,144,55,0
CTX,D,20220517,000000,140,142,135,141,1907,0
CTX,D,20220518,000000,140,146.5,137,144,404,0
CTX,D,20220519,000000,143.5,143.5,136,143,108,0
CTX,D,20220523,000000,139.5,139.5,127.5,137,8228,0
CTX,D,20220524,000000,132,142,130,130,5359,0
CTX,D,20220525,000000,131.5,138,128,137,132,0
CTX,D,20220526,000000,137.5,139,130,136.5,240,0
CTX,D,20220527,000000,138,138,134.5,134.5,121,0
CTX,D,20220530,000000,134,134.5,133,133,45,0
CTX,D,20220531,000000,130,134.5,128,134.5,480,0
CTX,D,20220601,000000,130,138,128,138,1267,0
CTX,D,20220602,000000,138,138,131,135.5,698,0
CTX,D,20220603,000000,129,132.5,127,132,294,0
CTX,D,20220606,000000,133,146,133,143,3359,0
CTX,D,20220607,000000,143,152,142,147,4684,0
CTX,D,20220608,000000,144,147.5,136,146,2904,0
CTX,D,20220609,000000,140,144,139,142,403,0
CTX,D,20220610,000000,142,142.5,136.5,141.5,153,0
CTX,D,20220613,000000,136.5,139,132,132,48,0
CTX,D,20220614,000000,131,131,128,130,477,0
CTX,D,20220615,000000,128,130,123,129,1178,0
CTX,D,20220617,000000,122.5,129,117,127.5,1897,0
CTX,D,20220620,000000,122.5,122.5,117,122.5,2130,0
CTX,D,20220621,000000,122.5,128,117,128,571,0
CTX,D,20220622,000000,125,127,125,127,247,0
CTX,D,20220623,000000,120,124,120,124,997,0
CTX,D,20220624,000000,118,122,116,120,1674,0
CTX,D,20220627,000000,115,116,108,116,1659,0
CTX,D,20220628,000000,109.5,115,108.5,115,1034,0
CTX,D,20220629,000000,114,120,114,120,543,0
CTX,D,20220630,000000,117.5,119.5,117.5,119,336,0
CTX,D,20220701,000000,122,122,116.5,116.5,425,0
CTX,D,20220704,000000,119,120,117,120,31,0
CTX,D,20220705,000000,120,120,112,119.5,794,0
CTX,D,20220706,000000,110,115.5,108.5,110,711,0
CTX,D,20220707,000000,116,137,116,128.5,18901,0
CTX,D,20220708,000000,130,131,119,120,3001,0
CTX,D,20220711,000000,124,124,114.5,120,4537,0
CTX,D,20220712,000000,116,120,114,114,919,0
CTX,D,20220713,000000,114,114.5,111,114.5,678,0
CTX,D,20220714,000000,111,112,106,111,1031,0
CTX,D,20220715,000000,109,111,108,110.5,598,0
CTX,D,20220718,000000,110,111,103.5,111,821,0
CTX,D,20220719,000000,111,112,102.5,103,1543,0
CTX,D,20220720,000000,105,108.5,103,108.5,1922,0
CTX,D,20220721,000000,104.5,108,104,108,354,0
CTX,D,20220722,000000,108,108.5,105,108.5,84,0
CTX,D,20220725,000000,112,118,110,115,1377,0
CTX,D,20220726,000000,115,115,113,114,416,0
CTX,D,20220727,000000,114,115.5,114,114,267,0
CTX,D,20220728,000000,116,124.5,116,117,861,0
CTX,D,20220729,000000,117,124.5,111,124.5,399,0
CTX,D,20220801,000000,124,139,124,138.5,2116,0
CTX,D,20220802,000000,138.5,150,132,150,12454,0
CTX,D,20220803,000000,149.5,149.5,140,145,1164,0
CTX,D,20220804,000000,145,160,145,160,7683,0
CTX,D,20220805,000000,160,160,150.5,158,434,0
CTX,D,20220808,000000,159,160,154,155,2671,0
CTX,D,20220809,000000,159.5,159.5,159,159.5,213,0
CTX,D,20220810,000000,155,159.5,154,159.5,5088,0
CTX,D,20220811,000000,159.5,159.5,158,158,103,0
CTX,D,20220812,000000,157.5,159.5,147.5,159.5,2312,0
CTX,D,20220816,000000,156,164,155,164,2744,0
CTX,D,20220817,000000,164,164,155,155,300,0
CTX,D,20220818,000000,160,170,155,170,2119,0
CTX,D,20220819,000000,168,169,162.5,167.5,180,0
CTX,D,20220822,000000,168,168,151,151,765,0
CTX,D,20220823,000000,151,157,151,157,113,0
CTX,D,20220824,000000,157,158.5,153,155,441,0
CTX,D,20220825,000000,152,156,151.5,154.5,129,0
CTX,D,20220826,000000,151.5,156,151.5,156,11,0
CTX,D,20220829,000000,150,155,140,141,1101,0
CTX,D,20220830,000000,145.5,146.5,142,146.5,45,0
CTX,D,20220831,000000,146.5,153.5,142,151,237,0
CTX,D,20220901,000000,148,150,140,146,1824,0
CTX,D,20220902,000000,141,148,137.5,148,799,0
CTX,D,20220905,000000,148,149,148,148,491,0
CTX,D,20220906,000000,141.5,146,141.5,141.5,560,0
CTX,D,20220907,000000,141.5,146.5,141,143,639,0
CTX,D,20220908,000000,141,148,138.5,145,465,0
CTX,D,20220909,000000,144.5,147,140,144.5,30,0
CTX,D,20220912,000000,142,144,139,144,841,0
CTX,D,20220913,000000,144.5,144.5,144.5,144.5,10,0
CTX,D,20220914,000000,138,147.5,138,147.5,1258,0
CTX,D,20220915,000000,142,147.5,140.5,147.5,65,0
CTX,D,20220916,000000,140,145,139.5,145,445,0
CTX,D,20220919,000000,145,145.5,145,145.5,347,0
CTX,D,20220920,000000,146.5,148,144,146,1370,0
CTX,D,20220921,000000,147,147,143,146,356,0
CTX,D,20220922,000000,146,149,140.5,147.5,1313,0
CTX,D,20220923,000000,147,147.5,140,144.5,638,0
CTX,D,20220926,000000,144,144,138,143.5,225,0
CTX,D,20220927,000000,142,142,138,140.5,839,0
CTX,D,20220928,000000,140,140,135,140,44,0
CTX,D,20220929,000000,139,139,134,139,7,0
CTX,D,20220930,000000,137,138,134.5,138,11,0
CTX,D,20221003,000000,138,138,128,137,116,0
CTX,D,20221004,000000,137.5,138,137.5,138,65,0
CTX,D,20221005,000000,137.5,143,134.5,138,3889,0
CTX,D,20221006,000000,137.5,137.5,137.5,137.5,25,0
CTX,D,20221007,000000,136,140,135,140,423,0
CTX,D,20221010,000000,135,138.5,134,135.5,111,0
CTX,D,20221011,000000,140,144.5,140,144.5,7,0
CTX,D,20221012,000000,144.5,144.5,140,144,471,0
CTX,D,20221013,000000,144,144,138,144,941,0
CTX,D,20221014,000000,144,147.5,138,147.5,6,0
CTX,D,20221017,000000,147.5,147.5,147.5,147.5,1,0
CTX,D,20221018,000000,138,147,138,147,356,0
CTX,D,20221019,000000,147,148,147,148,1463,0
CTX,D,20221020,000000,147,150,147,150,104,0
CTX,D,20221021,000000,150,150,149.5,150,200,0
CTX,D,20221024,000000,152.5,160,152,156.5,1029,0
CTX,D,20221025,000000,158,158.5,156,157,364,0
CTX,D,20221026,000000,157.5,158,157,158,659,0
CTX,D,20221027,000000,158,158,157,158,1462,0
CTX,D,20221028,000000,158,158,155,158,446,0
CTX,D,20221031,000000,158,159.5,154.5,154.5,307,0
CTX,D,20221102,000000,153,157,150,153,810,0
CTX,D,20221103,000000,155,155,154,154,242,0
CTX,D,20221104,000000,153,155,152,155,977,0
CTX,D,20221107,000000,158,160,154,154,1258,0
CTX,D,20221108,000000,158.5,164.5,156.5,163,1299,0
CTX,D,20221109,000000,163,165,163,165,1471,0
CTX,D,20221110,000000,165,170,165,170,2061,0
CTX,D,20221114,000000,187,187,160,166,13059,0
CTX,D,20221115,000000,170,173.5,167.5,173.5,6337,0
CTX,D,20221116,000000,170,173,168,172.5,3224,0
CTX,D,20221117,000000,170.5,179.5,170,179.5,5577,0
CTX,D,20221118,000000,180,188,174.5,188,4344,0
CTX,D,20221121,000000,184,184,176,184,2974,0
CTX,D,20221122,000000,183,188,180.5,188,2663,0
CTX,D,20221123,000000,183,187,179,180,800,0
CTX,D,20221124,000000,180,184,177.5,183.5,1973,0
CTX,D,20221125,000000,184,188,181.5,187,4956,0
CTX,D,20221128,000000,187,188,184,188,837,0
CTX,D,20221129,000000,184,185.5,177.5,182,53490,0
CTX,D,20221130,000000,183.5,183.5,178.5,182,553,0
CTX,D,20221201,000000,184,184.5,170.5,174.5,952,0
CTX,D,20221202,000000,174,178.5,172,172,436,0
CTX,D,20221205,000000,170,173.5,164,172.5,1213,0
CTX,D,20221206,000000,173.5,174,172,173.5,117,0
CTX,D,20221207,000000,167.5,173,167.5,172.5,8686,0
CTX,D,20221208,000000,172,172,168,170,392,0
CTX,D,20221209,000000,168,169.5,165,169.5,739,0
CTX,D,20221212,000000,169.5,173,164,164.5,494,0
CTX,D,20221213,000000,169,169,163,168.5,210,0
CTX,D,20221214,000000,164,169,164,168,426,0
CTX,D,20221215,000000,168,168,162,167,642,0
CTX,D,20221216,000000,163,165,158,162.5,1633,0
CTX,D,20221219,000000,159.5,169,155,155,1163,0
CTX,D,20221220,000000,154,160,153,160,97,0
CTX,D,20221221,000000,157,161.5,157,161.5,5806,0
CTX,D,20221222,000000,156.5,161.5,156.5,160,341,0
CTX,D,20221223,000000,160,161,160,161,35,0
CTX,D,20221227,000000,155.5,160.5,153.5,158,1081,0
CTX,D,20221228,000000,156,158,152,152,3030,0
CTX,D,20221229,000000,152.5,159,150,159,470,0
CTX,D,20221230,000000,155,167.5,155,160,110,0
CTX,D,20230102,000000,160,164.5,158,164.5,153,0
CTX,D,20230103,000000,160,166,159,165.5,307,0
CTX,D,20230104,000000,164.5,164.5,161.5,164,657,0
CTX,D,20230105,000000,163.5,164,157.5,164,574,0
CTX,D,20230109,000000,164,167,159,167,1725,0
CTX,D,20230110,000000,164,168,162,168,1336,0
CTX,D,20230111,000000,167,170,166,170,1936,0
CTX,D,20230112,000000,171,177.5,171,176,2480,0
CTX,D,20230113,000000,177,181,175,180.5,1192,0
CTX,D,20230116,000000,180.5,184,179,179.5,7690,0
CTX,D,20230117,000000,183,183,177,181,721,0
CTX,D,20230118,000000,182,182.5,180,182,41,0
CTX,D,20230119,000000,180,180,175.5,176,3260,0
CTX,D,20230120,000000,174.5,179.5,174.5,178,421,0
CTX,D,20230123,000000,178,178,172,178,344,0
CTX,D,20230124,000000,176,179.5,173.5,179.5,651,0
CTX,D,20230125,000000,175,178,174,174,384,0
CTX,D,20230126,000000,178,178,178,178,108,0
CTX,D,20230127,000000,174,181.5,173.5,177,12606,0
CTX,D,20230130,000000,181,181,173,178.5,1180,0
CTX,D,20230131,000000,172,180,172,180,2685,0
CTX,D,20230201,000000,180,180,176,179,17022,0
CTX,D,20230202,000000,179,179,175.5,177,1925,0
CTX,D,20230203,000000,177,177.5,172.5,175,1865,0
CTX,D,20230206,000000,174.5,175,171,175,938,0
CTX,D,20230207,000000,173,175,173,175,4,0
CTX,D,20230208,000000,170,174,170,174,1146,0
CTX,D,20230209,000000,174,174,169,171,97,0
CTX,D,20230210,000000,162,166,160,166,3688,0
CTX,D,20230213,000000,166,169.5,166,168,486,0
CTX,D,20230214,000000,169,169.5,166,167.5,278,0
CTX,D,20230215,000000,167.5,168,163,168,2832,0
CTX,D,20230216,000000,165,170.5,164,170,504,0
CTX,D,20230217,000000,170,172,162.5,172,2470,0
CTX,D,20230220,000000,172,172,172,172,30,0
CTX,D,20230221,000000,172,179,172,173.5,5336,0
CTX,D,20230222,000000,173.5,177,171,177,501,0
CTX,D,20230223,000000,174,178.5,174,177,1183,0
CTX,D,20230224,000000,175,176,173,174.5,7276,0
CTX,D,20230227,000000,170.5,176,170.5,175,2681,0
CTX,D,20230228,000000,175,175,174,175,102,0
CTX,D,20230301,000000,170.5,174.5,170.5,174.5,73,0
CTX,D,20230302,000000,174.5,175,171,175,535,0
CTX,D,20230303,000000,175,175,169.5,174.5,794,0
CTX,D,20230306,000000,174.5,178,174.5,178,1575,0
CTX,D,20230307,000000,175,176,168,173,497,0
CTX,D,20230308,000000,173,174,162,167.5,537,0
CTX,D,20230309,000000,165.5,171,165.5,171,436,0
CTX,D,20230310,000000,171,171,158,159.5,1858,0
CTX,D,20230313,000000,160,168,156.5,162.5,847,0
CTX,D,20230314,000000,162.5,162.5,153,157,569,0
CTX,D,20230315,000000,155,161.5,149,152,559,0
CTX,D,20230316,000000,149,150,141.5,146,1414,0
CTX,D,20230317,000000,146,150,140,143.5,1203,0
CTX,D,20230320,000000,143.5,147,140,143.5,811,0
CTX,D,20230321,000000,143,149.5,140,146,2436,0
CTX,D,20230322,000000,146,149.5,142,149.5,2297,0
CTX,D,20230323,000000,148,148,145,147.5,2080,0
CTX,D,20230324,000000,144,148,142,147.5,5627,0
CTX,D,20230327,000000,142.5,147,142.5,143.5,265,0
CTX,D,20230328,000000,147,154,147,152.5,1894,0
CTX,D,20230329,000000,153,154.5,152,153,7112,0
CTX,D,20230330,000000,154.5,154.5,153.5,153.5,692,0
CTX,D,20230331,000000,155,155.5,154,155.5,709,0
CTX,D,20230403,000000,155.5,155.5,150.5,150.5,758,0
CTX,D,20230404,000000,148,155,146,153,229,0
CTX,D,20230405,000000,155,156.5,151,151,1179,0
CTX,D,20230406,000000,151,154.5,150,154,734,0
CTX,D,20230411,000000,150,155,147,155,907,0
CTX,D,20230412,000000,156,162.5,149,162.5,662,0
CTX,D,20230413,000000,162,162,156,156,3841,0
CTX,D,20230414,000000,160,162,156,162,704,0
CTX,D,20230417,000000,162,165,161,165,1717,0
CTX,D,20230418,000000,165,165,160,165,124,0
CTX,D,20230419,000000,163.5,163.5,153.5,160,410,0
CTX,D,20230420,000000,164.5,165,156,163,2847,0
CTX,D,20230421,000000,164.5,164.5,156,163.5,2307,0
CTX,D,20230424,000000,158.5,166.5,155,160,386,0
CTX,D,20230425,000000,158,163,157.5,163,65,0
CTX,D,20230426,000000,157,162.5,153.5,162.5,527,0
CTX,D,20230427,000000,162,162.5,156.5,162.5,87,0
CTX,D,20230428,000000,157,165,157,165,6348,0
CTX,D,20230502,000000,160.5,164.5,160,164.5,26,0
CTX,D,20230504,000000,162,165,162,165,2275,0
CTX,D,20230505,000000,163,165,160,165,5057,0
CTX,D,20230508,000000,164,164,158.5,164,2103,0
CTX,D,20230510,000000,158,162.5,158,162.5,560,0
CTX,D,20230511,000000,159,163,158,163,3548,0
CTX,D,20230512,000000,161,162.5,158,162.5,645,0
CTX,D,20230515,000000,161,162.5,161,162.5,113,0
CTX,D,20230516,000000,157,164,157,164,8988,0
CTX,D,20230517,000000,165,165,163,165,2018,0
CTX,D,20230518,000000,161.5,164.5,160,164.5,1112,0
CTX,D,20230519,000000,160,164,158,160,1167,0
CTX,D,20230522,000000,160,164,158,164,3254,0
CTX,D,20230523,000000,164,164.5,162,164,5903,0
CTX,D,20230524,000000,160,164,159,163,2011,0
CTX,D,20230525,000000,163,164,161,163,1168,0
CTX,D,20230526,000000,160.5,162,159.5,162,10,0
CTX,D,20230529,000000,163.5,164,158,162,1093,0
CTX,D,20230530,000000,161,162,161,162,3151,0
CTX,D,20230531,000000,160.5,163,160,161,1889,0
CTX,D,20230601,000000,158,161,158,161,51,0
CTX,D,20230602,000000,157.5,161,157.5,161,413,0
CTX,D,20230605,000000,155.5,162.5,155.5,162.5,87,0
CTX,D,20230606,000000,158,162.5,158,162.5,31,0
CTX,D,20230607,000000,155.5,160,152,155,241,0
CTX,D,20230609,000000,153,158,152,158,29,0
CTX,D,20230612,000000,152,158,152,158,97,0
CTX,D,20230613,000000,155,158,153,158,222,0
CTX,D,20230614,000000,157,160,155,160,203,0
CTX,D,20230616,000000,155.5,157.5,153,154.5,585,0
CTX,D,20230619,000000,153,153,153,153,250,0
CTX,D,20230620,000000,153,155,148,151.5,912,0
CTX,D,20230621,000000,146.5,160,146.5,159,1087,0
CTX,D,20230622,000000,158,160,153.5,158.5,230,0
CTX,D,20230623,000000,159,159,153.5,159,74,0
CTX,D,20230626,000000,155,155,155,155,273,0
CTX,D,20230627,000000,151,154,145.5,147.5,6328,0
CTX,D,20230628,000000,150,150,148,148,61,0
CTX,D,20230629,000000,149,155.5,149,149,456,0
CTX,D,20230630,000000,149,153,149,152,649,0
CTX,D,20230703,000000,151,151,145.5,149,371,0
CTX,D,20230704,000000,148,148,145,146.5,767,0
CTX,D,20230705,000000,145.5,146,145,145,232,0
CTX,D,20230706,000000,145,145,142.5,145,203,0
CTX,D,20230707,000000,145,145,143,143,368,0
CTX,D,20230710,000000,142.5,142.5,140,141,411,0
CTX,D,20230711,000000,141,147,140,147,1577,0
CTX,D,20230712,000000,140.5,147,140.5,147,261,0
CTX,D,20230713,000000,146,146.5,140.5,146,304,0
CTX,D,20230714,000000,146,146,145,146,107,0
CTX,D,20230717,000000,146,146,140.5,145.5,342,0
CTX,D,20230718,000000,146,147,143,145.5,717,0
CTX,D,20230719,000000,141,145.5,141,145.5,33,0
CTX,D,20230720,000000,145,145,138.5,144,144,0
CTX,D,20230721,000000,139,143,139,143,80,0
CTX,D,20230724,000000,141.5,143,139.5,139.5,132,0
CTX,D,20230725,000000,139.5,139.5,131.5,135,1376,0
CTX,D,20230726,000000,137,140,135,139,516,0
CTX,D,20230727,000000,139,139,134.5,139,369,0
CTX,D,20230728,000000,136,143,136,140,148,0
CTX,D,20230731,000000,141,141,136,141,165,0
CTX,D,20230801,000000,140,140,134,139.5,188,0
CTX,D,20230802,000000,135.5,139,135.5,139,252,0
CTX,D,20230803,000000,138.5,138.5,134,138,304,0
CTX,D,20230804,000000,137,137,133,136,116,0
CTX,D,20230807,000000,133,135.5,130.5,134,259,0
CTX,D,20230808,000000,131,133.5,128.5,132.5,559,0
CTX,D,20230809,000000,130,132,128.5,131.5,557,0
CTX,D,20230810,000000,131.5,131.5,126,130.5,360,0
CTX,D,20230811,000000,128,130,119,129,1748,0
CTX,D,20230814,000000,129,129.5,129,129.5,42,0
CTX,D,20230816,000000,128,128,125,126.5,1158,0
CTX,D,20230817,000000,125,125,123.5,125,232,0
CTX,D,20230818,000000,123.5,123.5,121.5,123,944,0
CTX,D,20230821,000000,125,125,120.5,123,228,0
CTX,D,20230822,000000,122,126,122,125,421,0
CTX,D,20230823,000000,125,125,122,125,294,0
CTX,D,20230824,000000,125,125,123,123,302,0
CTX,D,20230825,000000,122.5,124,122.5,124,128,0
CTX,D,20230828,000000,123,126,123,126,200,0
CTX,D,20230829,000000,126,126,126,126,51,0
CTX,D,20230830,000000,122.5,125.5,121.5,125.5,64,0
CTX,D,20230831,000000,125.5,126,125,126,235,0
CTX,D,20230901,000000,126,128,123,128,581,0
CTX,D,20230904,000000,128,128,124.5,128,182,0
CTX,D,20230905,000000,124,128,124,128,526,0
CTX,D,20230906,000000,126,126,123,123,3561,0
CTX,D,20230907,000000,122,122,120,121,2130,0
CTX,D,20230908,000000,125,126,119.5,120,1593,0
CTX,D,20230911,000000,120.5,121,117,120,1643,0
CTX,D,20230912,000000,120,125.5,118,125.5,153,0
CTX,D,20230913,000000,125,125,118.5,120,73,0
CTX,D,20230914,000000,120.5,120.5,117,118,542,0
CTX,D,20230915,000000,118.5,121.5,115.5,120,349,0
CTX,D,20230918,000000,121,123,121,123,753,0
CTX,D,20230919,000000,118.5,120,115.5,119,782,0
CTX,D,20230920,000000,118,118.5,115.5,117,828,0
CTX,D,20230921,000000,117.5,117.5,115,115,3204,0
CTX,D,20230922,000000,114.5,132,113,120,12303,0
CTX,D,20230925,000000,117,121,115,121,609,0
CTX,D,20230926,000000,112.5,118,111,112,1401,0
CTX,D,20230927,000000,116.5,117,111,117,343,0
CTX,D,20230928,000000,111.5,113.5,110.5,113.5,326,0
CTX,D,20230929,000000,113.5,114.5,110,110,937,0
CTX,D,20231002,000000,110,110,103,106.5,4889,0
CTX,D,20231003,000000,103.5,104,98,100,4993,0
CTX,D,20231004,000000,102,103,100,103,3635,0
CTX,D,20231005,000000,100.5,103,100,103,1160,0
CTX,D,20231006,000000,100,103,97,103,2074,0
CTX,D,20231009,000000,104,104,102,104,67,0
CTX,D,20231010,000000,103,103,103,103,2,0
CTX,D,20231011,000000,102.5,102.5,100,100,155,0
CTX,D,20231012,000000,100,101.5,100,101.5,57,0
CTX,D,20231013,000000,100,101,94,94.6,2324,0
CTX,D,20231016,000000,98,100,95.6,100,437,0
CTX,D,20231017,000000,99.6,104.5,99.6,101,500,0
CTX,D,20231018,000000,104.5,104.5,101,103.5,388,0
CTX,D,20231019,000000,107,107,103.5,106.5,173,0
CTX,D,20231020,000000,104.5,106.5,104.5,106,169,0
CTX,D,20231023,000000,106,109,105,109,264,0
CTX,D,20231024,000000,109,109,109,109,1,0
CTX,D,20231025,000000,105.5,105.5,101,104.5,3105,0
CTX,D,20231026,000000,100.5,108.5,98,99.6,2167,0
CTX,D,20231027,000000,99.6,100,99.6,100,144,0
CTX,D,20231030,000000,100,106,98,101,415,0
CTX,D,20231031,000000,103,103,98,99,363,0
CTX,D,20231102,000000,98.4,101,98.4,100,70,0
CTX,D,20231103,000000,98,103,98,103,496,0
CTX,D,20231106,000000,102,102,100,100.5,1160,0
CTX,D,20231107,000000,102,102,99.4,99.4,824,0
CTX,D,20231108,000000,102,102.5,99.8,99.8,362,0
CTX,D,20231109,000000,100,100,98,100,409,0
CTX,D,20231110,000000,101.5,101.5,96.6,99.8,152,0
CTX,D,20231113,000000,97,99,96.6,96.6,2173,0
CTX,D,20231114,000000,98.8,103,96.6,97.4,321,0
CTX,D,20231115,000000,97.4,99.8,95,96.4,5894,0
CTX,D,20231116,000000,97,97,95,96,1044,0
CTX,D,20231117,000000,95.2,95.2,94.8,94.8,160,0
CTX,D,20231120,000000,94.6,95.2,90.2,92.6,3339,0
CTX,D,20231121,000000,92.6,93.2,89.2,91,797,0
CTX,D,20231122,000000,90.2,90.6,88.8,90,1036,0
CTX,D,20231123,000000,89.4,89.4,87.4,88,388,0
CTX,D,20231124,000000,87.8,88,84,86.2,1452,0
CTX,D,20231127,000000,87,87,85,86,98,0
CTX,D,20231128,000000,86,89,86,86.8,12451,0
CTX,D,20231129,000000,87.2,88.8,86.6,87.4,2523,0
CTX,D,20231130,000000,87.8,88.6,87.4,88.6,975,0
CTX,D,20231201,000000,88.6,89,82,86.6,3038,0
CTX,D,20231204,000000,88.6,89.8,86.6,89.8,20557,0
CTX,D,20231205,000000,90.6,96.8,90,96.2,22401,0
CTX,D,20231206,000000,98,99.6,94.8,97,8933,0
CTX,D,20231207,000000,98.4,98.6,97,98.2,773,0
CTX,D,20231208,000000,98.2,100.5,98,100,8863,0
CTX,D,20231211,000000,96,100.5,96,100.5,2794,0
CTX,D,20231212,000000,100.5,100.5,98.6,100.5,25487,0
CTX,D,20231213,000000,100,100.5,97.2,100.5,786,0
CTX,D,20231214,000000,100.5,105,100,105,5688,0
CTX,D,20231215,000000,106.5,109,102,107.5,6234,0
CTX,D,20231218,000000,107.5,109.5,106,108,1511,0
CTX,D,20231219,000000,108,108,102,106,1284,0
CTX,D,20231220,000000,105.5,105.5,101,102,1433,0
CTX,D,20231221,000000,99,102,97.6,99,3586,0
CTX,D,20231222,000000,99.8,100,98.6,99,916,0
CTX,D,20231227,000000,99.6,102.5,98.6,99,1751,0
CTX,D,20231228,000000,100,100,99.2,100,259,0
CTX,D,20231229,000000,99.4,102.5,99,99,1493,0
CTX,D,20240102,000000,100,102,98.4,100,343,0
CTX,D,20240103,000000,100,100.5,99.6,100,3461,0
CTX,D,20240104,000000,100,101.5,100,101,1925,0
CTX,D,20240105,000000,101,101.5,99.6,101,12261,0
CTX,D,20240108,000000,99.4,101,99.4,100,4078,0
CTX,D,20240109,000000,101,101.5,101,101.5,2062,0
CTX,D,20240110,000000,101.5,102,100,102,11628,0
CTX,D,20240111,000000,100,101.5,100,101.5,1497,0
CTX,D,20240112,000000,101,102,97.4,99.8,3860,0
CTX,D,20240115,000000,97,99.6,96,98.6,726,0
CTX,D,20240116,000000,99,99,97,97,213,0
CTX,D,20240117,000000,96.2,99,95.8,99,1675,0
CTX,D,20240118,000000,99,99,95.8,99,285,0
CTX,D,20240119,000000,96,98.8,96,98.8,364,0
CTX,D,20240122,000000,98,99,96.8,98,69,0
CTX,D,20240123,000000,98.8,99,96.2,98.8,205,0
CTX,D,20240124,000000,97,98.4,97,98.4,100,0
CTX,D,20240125,000000,98.4,98.4,98.4,98.4,33,0
CTX,D,20240126,000000,98.4,98.4,95.2,97.8,807,0
CTX,D,20240129,000000,97.8,97.8,94,97,898,0
CTX,D,20240130,000000,96,97,95.4,96.8,49,0
CTX,D,20240131,000000,95,95,93,95,630,0
CTX,D,20240201,000000,95,97.4,95,97.4,3541,0
CTX,D,20240202,000000,97.4,97.4,97.2,97.4,431,0
CTX,D,20240205,000000,95.6,97.2,95.4,97.2,114,0
CTX,D,20240206,000000,95.4,97,95,97,784,0
CTX,D,20240207,000000,96.8,96.8,95,95,314,0
CTX,D,20240208,000000,95,95,93,94,2004,0
CTX,D,20240209,000000,93,94.6,91,93,1522,0
CTX,D,20240212,000000,93,94,87.6,92.8,1073,0
CTX,D,20240213,000000,90,92.4,90,91,686,0
CTX,D,20240214,000000,91.2,91.4,90,91.2,249,0
CTX,D,20240215,000000,91,93,91,93,70,0
CTX,D,20240216,000000,93,93.4,90,93.4,355,0
CTX,D,20240219,000000,90.4,95,90.4,94.4,1428,0
CTX,D,20240220,000000,94.4,94.4,90.2,94,398,0
CTX,D,20240221,000000,94,94.8,94,94,1676,0
CTX,D,20240222,000000,94,94,94,94,1508,0
CTX,D,20240223,000000,91.4,93.2,90.4,93,2772,0
CTX,D,20240226,000000,93.8,93.8,93,93.8,1249,0
CTX,D,20240227,000000,93,94.6,92.6,93.6,380,0
CTX,D,20240228,000000,92.4,92.4,89.8,92,1472,0
CTX,D,20240229,000000,92,92.4,90.2,90.2,88,0
CTX,D,20240301,000000,90.2,92.8,89.2,91,1474,0
CTX,D,20240304,000000,92,92,87.4,90,535,0
CTX,D,20240305,000000,87.4,90.6,87.4,90.6,779,0
CTX,D,20240306,000000,89.2,89.4,89.2,89.4,1418,0
CTX,D,20240307,000000,87.8,87.8,82.2,84.8,3426,0
CTX,D,20240308,000000,84.8,84.8,77,80.2,3440,0
CTX,D,20240311,000000,80,80,66.6,67,14320,0
CTX,D,20240312,000000,66.4,66.4,62,64,13189,0
CTX,D,20240313,000000,65.4,70,65.4,69.4,8217,0
CTX,D,20240314,000000,70,71,68.6,69,1612,0
CTX,D,20240315,000000,68,68,64.8,65.6,1676,0
CTX,D,20240318,000000,65.6,66.6,62.4,64.2,2590,0
CTX,D,20240319,000000,63.4,63.6,61,61.6,2801,0
CTX,D,20240320,000000,62.2,63,60.8,63,806,0
CTX,D,20240321,000000,63,63,61,62,6113,0
CTX,D,20240322,000000,63.6,63.6,61.8,62.8,719,0
CTX,D,20240325,000000,63,64.2,62,62,17164,0
CTX,D,20240326,000000,62.4,64,62.4,64,1654,0
CTX,D,20240327,000000,64,64.6,62.8,64.6,1220,0
CTX,D,20240328,000000,64.6,65,59,63,6935,0
CTX,D,20240402,000000,65.6,65.6,60,60.8,8345,0
CTX,D,20240403,000000,60.8,66,60.6,66,2196,0
CTX,D,20240404,000000,65.4,68,62.6,68,640,0
CTX,D,20240405,000000,68,72.2,67,69,3353,0
CTX,D,20240408,000000,69.2,71.8,69,69,146,0
CTX,D,20240409,000000,72,74,67.2,73,2555,0
CTX,D,20240410,000000,72.6,75,70.2,75,3930,0
CTX,D,20240411,000000,75.4,81.8,74.6,80,8520,0
CTX,D,20240412,000000,81.6,83.4,79,81,3727,0
CTX,D,20240415,000000,79,82.2,78.8,79,3181,0
CTX,D,20240416,000000,81.4,81.8,79,79.2,8185,0
CTX,D,20240417,000000,81.6,82,79.4,81.8,1257,0
CTX,D,20240418,000000,81.8,82.4,80.2,82.4,773,0
CTX,D,20240419,000000,82.2,82.2,80.2,80.2,409,0
CTX,D,20240422,000000,82,82,80,80,2337,0
CTX,D,20240423,000000,81.6,81.6,79.2,81.2,3626,0
CTX,D,20240424,000000,82,82,79.8,81.2,1092,0
CTX,D,20240425,000000,81.8,81.8,79.8,80,5722,0
CTX,D,20240426,000000,80,81.8,79.8,79.8,1019,0
CTX,D,20240429,000000,79.8,80,79.8,79.8,2411,0
CTX,D,20240430,000000,79.8,82.8,79.8,80,1054,0
CTX,D,20240502,000000,82.8,83,79.8,83,630,0
CTX,D,20240506,000000,83,86.4,80,80,1386,0
CTX,D,20240507,000000,81,83,81,82.8,680,0
CTX,D,20240508,000000,81,82.6,73,79.4,2553,0
CTX,D,20240509,000000,80.4,80.4,78,78,2228,0
CTX,D,20240510,000000,78,79.8,74.4,76.4,291,0
CTX,D,20240513,000000,76.2,79,75.2,77,106,0
CTX,D,20240514,000000,77,77.6,72.6,77.2,855,0
CTX,D,20240515,000000,77.2,77.4,72.8,77.2,2772,0
CTX,D,20240516,000000,74.8,77,73,76,1777,0
CTX,D,20240517,000000,74,77,74,76,444,0
CTX,D,20240520,000000,77.4,78,74,76,699,0
CTX,D,20240521,000000,77.8,77.8,76.4,76.4,333,0
CTX,D,20240522,000000,76.6,78,76.6,78,1250,0
CTX,D,20240523,000000,76.2,78.6,76,78.4,1203,0
CTX,D,20240524,000000,78.4,78.4,75.4,76,412,0
CTX,D,20240527,000000,76,76,74.6,74.8,396,0
CTX,D,20240528,000000,74.8,78.6,74.4,78.6,441,0
CTX,D,20240529,000000,78.4,78.4,75.6,75.8,107,0
CTX,D,20240531,000000,75,75,72.8,73,381,0
CTX,D,20240603,000000,73,75,72.8,72.8,70,0
CTX,D,20240604,000000,72.8,75,72.8,75,112,0
CTX,D,20240605,000000,78.4,78.4,69.6,73,5400,0
CTX,D,20240606,000000,73,73,70,71.6,238,0
CTX,D,20240607,000000,71.4,74,68.8,74,2170,0
CTX,D,20240610,000000,74,74,70.2,71.4,125,0
CTX,D,20240611,000000,71.4,71.4,69.6,70,544,0
CTX,D,20240612,000000,71.2,71.2,69.4,71,565,0
CTX,D,20240613,000000,73.6,78.8,71.4,78.8,5919,0
CTX,D,20240614,000000,79,79,74,79,1847,0
CTX,D,20240617,000000,79,79,74,74,280,0
CTX,D,20240618,000000,74,79,74,79,655,0
CTX,D,20240619,000000,78,79,78,78,423,0
CTX,D,20240620,000000,79,79,78,78.8,84,0
CTX,D,20240621,000000,78.8,80,78,80,1007,0
CTX,D,20240624,000000,80,80,75.2,80,822,0
CTX,D,20240625,000000,80.8,80.8,75.2,78.6,102,0
CTX,D,20240626,000000,76.4,80.4,76.2,80.2,561,0
CTX,D,20240627,000000,76.4,79.2,74.2,79.2,1007,0
CTX,D,20240628,000000,76,77.4,75.2,77.4,699,0
CTX,D,20240701,000000,77.4,77.4,76,76.8,906,0
CTX,D,20240702,000000,76,76,74,74.8,876,0
CTX,D,20240703,000000,74,74.6,70.2,73.6,993,0
CTX,D,20240704,000000,72.2,72.6,69.6,71.8,2048,0
CTX,D,20240705,000000,72.2,72.2,70,71.4,1526,0
CTX,D,20240708,000000,72,74.4,71.4,74.4,3009,0
CTX,D,20240709,000000,73,80,73,78,6594,0
CTX,D,20240710,000000,79.4,79.4,75.6,76.8,1713,0
CTX,D,20240711,000000,77,78,75.6,78,1216,0
CTX,D,20240712,000000,75.8,79,75.8,79,1808,0
CTX,D,20240715,000000,79,79,76,78,2697,0
CTX,D,20240716,000000,78.6,78.6,76,78,1925,0
CTX,D,20240717,000000,76.2,79,76.2,78,3046,0
CTX,D,20240718,000000,77.4,78.2,76.4,76.4,1845,0
CTX,D,20240719,000000,76.4,78,75.4,78,769,0
CTX,D,20240722,000000,78,80,77,79.8,7321,0
CTX,D,20240723,000000,80.4,81,78.8,80.4,3738,0
CTX,D,20240724,000000,81,81,78.6,79,572,0
CTX,D,20240725,000000,78.8,78.8,76,77,1232,0
CTX,D,20240726,000000,77,79,76.6,78.8,989,0
CTX,D,20240729,000000,78.8,78.8,76.6,76.6,266,0
CTX,D,20240730,000000,77.8,77.8,76.4,77.6,157,0
CTX,D,20240731,000000,77,80.6,77,80.6,1273,0
CTX,D,20240801,000000,79,83.8,79,83,2501,0
CTX,D,20240802,000000,82.8,82.8,81,82,3147,0
CTX,D,20240805,000000,81,81.6,75,78.2,3785,0
CTX,D,20240806,000000,78.2,82,78.2,82,679,0
CTX,D,20240807,000000,82.6,82.6,80.4,82.2,684,0
CTX,D,20240808,000000,82.2,82.2,80.4,81.8,243,0
CTX,D,20240809,000000,80.6,81.6,80.2,80.4,51,0
CTX,D,20240812,000000,80.6,82.2,80.6,80.6,267,0
CTX,D,20240813,000000,81,81,80,80,382,0
CTX,D,20240814,000000,80,81,79.6,80,493,0
CTX,D,20240816,000000,80,81,79,80,2968,0
CTX,D,20240819,000000,79,81,79,81,1963,0
CTX,D,20240820,000000,81,81,80,81,42,0
CTX,D,20240821,000000,80,82.4,79.6,80.8,8076,0
CTX,D,20240822,000000,81.6,81.6,80.4,80.8,794,0
CTX,D,20240823,000000,84,84,79,81,6648,0
CTX,D,20240826,000000,81,81,77.4,77.8,1198,0
CTX,D,20240827,000000,77.4,77.4,72,75.8,3883,0
CTX,D,20240828,000000,75.6,75.6,72.8,75,897,0
CTX,D,20240829,000000,74.6,76.8,74,76.8,259,0
CTX,D,20240830,000000,76,77.4,76,76.4,238,0
CTX,D,20240902,000000,76,76.6,74,75.6,2979,0
CTX,D,20240903,000000,75,76,75,76,518,0
CTX,D,20240904,000000,75,75.8,74,74,507,0
CTX,D,20240905,000000,74,75.6,74,75.6,342,0
CTX,D,20240906,000000,75.6,82,75.4,81.8,4090,0
CTX,D,20240909,000000,82.8,82.8,77.4,81,6065,0
CTX,D,20240910,000000,81,81,79,79,18797,0
CTX,D,20240911,000000,79,79.2,77.8,79,2499,0
CTX,D,20240912,000000,79,79,76,77,5406,0
CTX,D,20240913,000000,77,78,75.2,77,584,0
CTX,D,20240916,000000,77.6,77.6,77.6,77.6,3,0
CTX,D,20240917,000000,77.6,78,76.8,76.8,681,0
CTX,D,20240918,000000,76.6,76.6,72.6,73.4,965,0
CTX,D,20240919,000000,73.8,76.6,73,76.4,1184,0
CTX,D,20240920,000000,76.4,76.4,74.2,74.2,162,0
CTX,D,20240923,000000,74,76,73.4,76,663,0
CTX,D,20240924,000000,76,76.4,73.6,74.4,475,0
CTX,D,20240925,000000,76,76,73.8,75.2,16,0
CTX,D,20240926,000000,73.6,76,73.6,76,732,0
CTX,D,20240927,000000,74,76.4,74,76.4,2096,0
CTX,D,20240930,000000,77,77,75,75,564,0
CTX,D,20241001,000000,76.8,77,73.6,75.6,1118,0
CTX,D,20241002,000000,76.8,77,74,74,197,0
CTX,D,20241003,000000,74,75.4,72,75.4,2664,0
CTX,D,20241004,000000,76,76,72.2,76,993,0
CTX,D,20241007,000000,76,76,70,73,1220,0
CTX,D,20241008,000000,73,73,72,73,2672,0
CTX,D,20241009,000000,73,73,70,71,3219,0
CTX,D,20241010,000000,71.2,71.2,69,70,1067,0
CTX,D,20241011,000000,70,71.2,64.4,71.2,3317,0
CTX,D,20241014,000000,71.2,72.6,70.8,72.6,1738,0
CTX,D,20241015,000000,72.6,72.6,71.2,72.2,515,0
CTX,D,20241016,000000,71.4,72,70.4,72,1225,0
CTX,D,20241017,000000,72,72,68,68,2508,0
CTX,D,20241018,000000,69,69,66,66,1603,0
CTX,D,20241021,000000,67,67,65.8,66,614,0
CTX,D,20241022,000000,66,67,66,66,203,0
CTX,D,20241023,000000,67,68.6,66,68.6,1118,0
CTX,D,20241024,000000,68.4,68.4,67.2,68,302,0
CTX,D,20241025,000000,67.8,69.4,67.8,69.2,611,0
CTX,D,20241028,000000,69.8,71,68.4,71,1220,0
CTX,D,20241029,000000,71,72.2,70,70,1349,0
CTX,D,20241030,000000,70.8,70.8,69,69,327,0
CTX,D,20241031,000000,68.4,69,68.4,69,2,0
CTX,D,20241104,000000,68.4,70,66,70,269,0
CTX,D,20241105,000000,69.4,69.4,66.6,69,85,0
CTX,D,20241106,000000,68,69,64.8,65.8,1414,0
CTX,D,20241107,000000,64.2,66,58.2,63,5500,0
CTX,D,20241108,000000,63,63,59.6,62.6,1643,0
CTX,D,20241112,000000,62.6,63,59.6,59.6,3037,0
CTX,D,20241113,000000,59,60.8,58.2,59,1031,0
CTX,D,20241114,000000,59,60,56.8,59.4,796,0
CTX,D,20241115,000000,58.6,58.6,55,55.2,6345,0
CTX,D,20241118,000000,55,56.6,52.2,52.2,6634,0
CTX,D,20241119,000000,52,53.2,49.6,51,3951,0
CTX,D,20241120,000000,51.2,57.4,51,51.6,3033,0
CTX,D,20241121,000000,53,57,50,50,12926,0
CTX,D,20241122,000000,50,50,44.3,45.2,11183,0
CTX,D,20241125,000000,45.3,48,44.8,45.6,11181,0
CTX,D,20241126,000000,46,46.1,44.1,45,4912,0
CTX,D,20241127,000000,45.7,46.6,44,46.3,10325,0
CTX,D,20241128,000000,46.9,48,46.4,47.9,2522,0
CTX,D,20241129,000000,47.9,47.9,45.1,47.4,7908,0
CTX,D,20241202,000000,47.9,49.5,47.9,49,3275,0
CTX,D,20241203,000000,49.5,50,48.9,48.9,3323,0
CTX,D,20241204,000000,49.8,49.9,49.5,49.8,1404,0
CTX,D,20241205,000000,49.8,49.8,47,49.6,2632,0
CTX,D,20241206,000000,49.6,49.6,48,48,1539,0
CTX,D,20241209,000000,49.6,49.6,48,49.3,1946,0
CTX,D,20241210,000000,49.5,49.5,48.1,48.8,1689,0
CTX,D,20241211,000000,48.7,48.7,46.6,47.7,1286,0
CTX,D,20241212,000000,47.8,47.8,46.2,47.5,1005,0
CTX,D,20241213,000000,47.4,47.8,44.7,47.4,2810,0
CTX,D,20241216,000000,45.7,47.3,45.7,47.2,6366,0
CTX,D,20241217,000000,47.2,47.8,45.1,45.1,3437,0
CTX,D,20241218,000000,45.2,47.8,43.8,47.8,9314,0
CTX,D,20241219,000000,46.9,46.9,44.5,44.9,3801,0
CTX,D,20241220,000000,45.9,45.9,41.4,41.8,7849,0
CTX,D,20241223,000000,41.6,42.5,40.8,41.8,13283,0
CTX,D,20241227,000000,41.3,42.5,41.3,42,1038,0
CTX,D,20241230,000000,42.5,42.5,41.9,42.3,2160,0
CTX,D,20250102,000000,42.4,45.5,42.4,45,2537,0
CTX,D,20250103,000000,46.8,46.8,44,45,1834,0
CTX,D,20250107,000000,45,45.3,42.5,43.7,5316,0
CTX,D,20250108,000000,43.7,44,43,43.9,1571,0
CTX,D,20250109,000000,43.9,43.9,43,43,3153,0
CTX,D,20250110,000000,43.4,43.7,42.7,43.7,2389,0
CTX,D,20250113,000000,43.7,43.7,42.6,43.6,3009,0
CTX,D,20250114,000000,43.6,43.7,42.9,43.7,2077,0
CTX,D,20250115,000000,43.7,44.2,43,44.2,980,0
CTX,D,20250116,000000,44.2,45.4,43.5,44,5622,0
CTX,D,20250117,000000,44.9,44.9,44,44,229,0
CTX,D,20250120,000000,44,47.2,43.9,46.9,3696,0
CTX,D,20250121,000000,46.5,47.2,46.4,46.9,993,0
CTX,D,20250122,000000,46.9,48.2,46.9,48.2,3202,0
CTX,D,20250123,000000,45.4,48.2,45.4,48.2,1323,0
CTX,D,20250124,000000,48.2,53,48.2,51.8,9906,0
CTX,D,20250127,000000,51.8,51.8,50,51,1820,0
CTX,D,20250128,000000,51,51.8,50.2,51.8,2306,0
CTX,D,20250129,000000,52,52,51.2,51.2,1123,0
CTX,D,20250130,000000,51.8,51.8,49.8,50.8,1271,0
CTX,D,20250131,000000,51,52,51,52,472,0
CTX,D,20250203,000000,51.2,51.8,50,50.4,2315,0
CTX,D,20250204,000000,50.4,51.6,50.2,50.2,1022,0
CTX,D,20250205,000000,51,51.6,50,50.8,577,0
CTX,D,20250206,000000,51.6,51.6,51,51.6,2716,0
CTX,D,20250207,000000,51.2,52,50,52,1549,0
CTX,D,20250210,000000,53,54.8,52.2,54,5776,0
CTX,D,20250211,000000,53.8,54,52.6,52.6,2622,0
CTX,D,20250212,000000,54.4,54.4,52.6,53,2123,0
CTX,D,20250213,000000,53,53.2,50,51.2,4160,0
CTX,D,20250214,000000,49.9,51,48.3,49,4360,0
CTX,D,20250217,000000,50,52,49.8,52,5076,0
CTX,D,20250218,000000,52,52.6,51.4,52.6,1931,0
CTX,D,20250219,000000,52.6,52.6,48,51,9110,0
CTX,D,20250220,000000,51,51,50,50.4,500,0
CTX,D,20250221,000000,50,50,48,49.2,1533,0
CTX,D,20250224,000000,49.2,50.2,47,48.7,3553,0
CTX,D,20250225,000000,48,48.4,46.9,47.8,2982,0
CTX,D,20250226,000000,47.8,47.8,47,47.8,955,0
CTX,D,20250227,000000,47.8,47.8,46.3,47,1233,0
CTX,D,20250228,000000,47,47.4,45,47.4,6192,0
CTX,D,20250303,000000,47.4,47.4,46.9,47,416,0
CTX,D,20250304,000000,46.6,46.8,43,45.4,2694,0
CTX,D,20250305,000000,45.2,45.9,43.2,44.9,2630,0
CTX,D,20250306,000000,45.2,45.2,43,45.1,12461,0
CTX,D,20250307,000000,45,45,44.5,44.5,2912,0
CTX,D,20250310,000000,45.1,45.4,43.7,43.7,2332,0
CTX,D,20250311,000000,43.5,44,41.1,42,3249,0
CTX,D,20250312,000000,40.6,41.2,39,40.8,13020,0
CTX,D,20250313,000000,40.9,41.3,40,41.2,2580,0
CTX,D,20250314,000000,41.2,41.6,40.5,41.6,1068,0
CTX,D,20250317,000000,41.6,42.6,41.2,42.5,4071,0
CTX,D,20250318,000000,42.5,43.2,42,42.4,4247,0
CTX,D,20250319,000000,42.4,42.4,41.4,42,1275,0
CTX,D,20250320,000000,42,42.3,40.7,41.5,1960,0
CTX,D,20250321,000000,42.1,42.1,40,41.5,4243,0
CTX,D,20250324,000000,41,41.5,39,39.7,8551,0
CTX,D,20250325,000000,39.8,41.1,38.5,39.9,5948,0
CTX,D,20250326,000000,39.9,39.9,38.5,38.5,5099,0
CTX,D,20250327,000000,38.9,38.9,36.2,37.1,7895,0
CTX,D,20250328,000000,37.7,39.4,37.7,39.4,9635,0
CTX,D,20250331,000000,39.6,41.4,38,39,11764,0
CTX,D,20250401,000000,41,41,38.1,40.5,4162,0
CTX,D,20250402,000000,40.5,40.5,39.1,39.8,3430,0
CTX,D,20250403,000000,39.8,39.8,37.2,38.5,2016,0
CTX,D,20250404,000000,38.5,38.5,37,37,1157,0
CTX,D,20250407,000000,37,37,31.5,34.5,6028,0
CTX,D,20250408,000000,35.4,35.8,32.8,33.2,10535,0
CTX,D,20250409,000000,33.2,33.2,31.6,32,4324,0
CTX,D,20250410,000000,33.7,35.1,32.2,33,33698,0
CTX,D,20250411,000000,33.9,35,32.7,33.5,36044,0
CTX,D,20250414,000000,33.7,34.6,32.5,33.7,14638,0
CTX,D,20250415,000000,34.3,34.3,32.6,33.4,3369,0
CTX,D,20250416,000000,33.5,33.9,33.2,33.6,3685,0
CTX,D,20250417,000000,33.4,35.4,33.4,35.4,11827,0
CTX,D,20250422,000000,34.5,34.5,33,33.9,10922,0
CTX,D,20250423,000000,33.9,34.3,32.9,33.6,12229,0
CTX,D,20250424,000000,33.6,34,31.5,31.5,11009,0
CTX,D,20250425,000000,33,33,31.5,31.6,6313,0
CTX,D,20250428,000000,32.5,32.5,31.9,32,3815,0
CTX,D,20250429,000000,32.4,32.5,31.2,32,10856,0
CTX,D,20250430,000000,31.4,32,31.4,31.7,3233,0
CTX,D,20250502,000000,33,33,32.2,32.2,1629,0
CTX,D,20250505,000000,32.9,35.3,32.2,34.6,19195,0
CTX,D,20250506,000000,35.2,35.4,34,34.8,6774,0
CTX,D,20250507,000000,34.6,36.4,34,35.5,19814,0
CTX,D,20250508,000000,35.5,35.5,34.5,35.1,3588,0
CTX,D,20250509,000000,35.2,35.4,34.7,35,4795,0
CTX,D,20250512,000000,35.4,35.4,34.5,34.9,3213,0
CTX,D,20250513,000000,35.1,35.5,32.5,34.9,9121,0
CTX,D,20250514,000000,35.7,36.4,35.2,36.4,10042,0
CTX,D,20250515,000000,36.4,36.8,35.4,36.1,4880,0
CTX,D,20250516,000000,36.1,36.1,34.1,34.1,3043,0
CTX,D,20250519,000000,34.2,35,34.1,34.4,7346,0
CTX,D,20250520,000000,34.2,34.6,33.8,33.8,4376,0
CTX,D,20250521,000000,34.1,36.9,34,36.4,15602,0
CTX,D,20250522,000000,36.4,39,36.2,36.9,18456,0
CTX,D,20250523,000000,37.3,37.4,34.5,35.3,9589,0
CTX,D,20250526,000000,36.3,36.3,34.3,34.8,7952,0
CTX,D,20250527,000000,34.8,35,33.9,33.9,3482,0
CTX,D,20250528,000000,33.9,36.8,33.2,34.7,24590,0
CTX,D,20250529,000000,34.7,34.9,34,34,2656,0
CTX,D,20250530,000000,34.8,36.3,32.9,33.4,14551,0
CTX,D,20250602,000000,34.4,34.4,31.5,31.9,16939,0
CTX,D,20250603,000000,32,32.8,31.3,31.4,5642,0
CTX,D,20250604,000000,32.5,32.9,31.9,32.2,1780,0
CTX,D,20250605,000000,32.6,32.7,31.9,32.3,1921,0
CTX,D,20250606,000000,32.4,32.6,31.7,32.3,3206,0
CTX,D,20250609,000000,31.4,32.8,31.4,32.8,5950,0
CTX,D,20250610,000000,32.8,33.2,32.1,32.5,5234,0
CTX,D,20250611,000000,32.9,36,32.8,33.5,20600,0
CTX,D,20250612,000000,33.5,35,32.3,34.5,6818,0
CTX,D,20250613,000000,34.3,34.5,33,33.6,5613,0
CTX,D,20250616,000000,33.1,34.2,32.8,33.8,2517,0
CTX,D,20250617,000000,33.8,34.1,33,34.1,2392,0
CTX,D,20250618,000000,33.3,34.2,32.6,33.6,7842,0
CTX,D,20250620,000000,33.6,33.6,32.7,33.2,3874,0
CTX,D,20250623,000000,32.9,32.9,32,32.5,2566,0
CTX,D,20250624,000000,32.5,32.8,32.1,32.2,1671,0
CTX,D,20250625,000000,32.7,32.7,31.7,31.9,2556,0
CTX,D,20250626,000000,31.9,32.2,31.5,31.9,2899,0
CTX,D,20250627,000000,31.9,32.7,31.6,32.7,9362,0
CTX,D,20250630,000000,32.9,33.8,32.8,33.7,12489,0
CTX,D,20250701,000000,33.7,35,33.7,35,8739,0
CTX,D,20250702,000000,35,36,34.1,35,10149,0
CTX,D,20250703,000000,35.4,37,35,36.9,25902,0
CTX,D,20250704,000000,36.9,36.9,35.5,36,16962,0
CTX,D,20250707,000000,36.8,38.4,36.1,37,14967,0
CTX,D,20250708,000000,37.3,38,37.1,37.8,7636,0
CTX,D,20250709,000000,38.4,38.7,37.8,38.5,11887,0
CTX,D,20250710,000000,38.6,38.6,37.3,37.7,2787,0
CTX,D,20250711,000000,37.3,38,36.8,37.7,2887,0
CTX,D,20250714,000000,37.7,41.4,37.7,41.3,22809,0
CTX,D,20250715,000000,41.4,42.1,41.2,41.7,12801,0
CTX,D,20250716,000000,41.6,41.6,40.1,41.6,6786,0
CTX,D,20250717,000000,40.8,41.7,40.4,41.2,2665,0
CTX,D,20250718,000000,41.2,41.9,40.8,41.3,3992,0
CTX,D,20250721,000000,41.4,41.5,39.1,40.6,11922,0
CTX,D,20250722,000000,41.5,41.9,40.2,40.9,1257,0
CTX,D,20250723,000000,41.2,41.6,40.2,40.8,7140,0
CTX,D,20250724,000000,40.8,42.6,40.3,40.7,11984,0
CTX,D,20250725,000000,40.8,41.2,40.6,40.9,3219,0
CTX,D,20250728,000000,42.9,46.7,42.9,44.9,21983,0
CTX,D,20250729,000000,45.8,47.2,44.5,46.5,21665,0
CTX,D,20250730,000000,46.5,46.9,41.9,45,19665,0
CTX,D,20250731,000000,43.6,45.3,41,42,13987,0
CTX,D,20250801,000000,41.4,43,38,39.2,20921,0
CTX,D,20250804,000000,39.2,43,36.9,40.8,13795,0
CTX,D,20250805,000000,42.1,42.6,41.3,42.2,4087,0
CTX,D,20250806,000000,42.5,42.5,40.8,42.1,2803,0
CTX,D,20250807,000000,42,42.1,40.5,40.5,2714,0
CTX,D,20250808,000000,41,41.9,40.4,41.2,1325,0
CTX,D,20250811,000000,41.9,42.5,41.5,41.5,3251,0
CTX,D,20250812,000000,41.6,42.7,41.4,42.7,3285,0
CTX,D,20250813,000000,42.4,42.4,41.1,42,1448,0
CTX,D,20250814,000000,41.9,41.9,40,41.4,4583,0
CTX,D,20250818,000000,41.4,41.4,39,40.3,10628,0
CTX,D,20250819,000000,40,42.1,39.6,40.3,6804,0
CTX,D,20250820,000000,41.9,41.9,40,41.2,1163,0
CTX,D,20250821,000000,41.2,41.5,40.4,41.4,1858,0
CTX,D,20250822,000000,41.4,41.4,39.6,41,1500,0
CTX,D,20250825,000000,40.9,42.5,40,42.5,941,0
CTX,D,20250826,000000,42.3,42.3,41.3,42,2622,0
CTX,D,20250827,000000,41.2,42,41,41.1,1248,0
CTX,D,20250828,000000,41.3,41.3,40,41,1813,0
CTX,D,20250829,000000,40.6,41.2,40,41.1,1161,0
CTX,D,20250901,000000,41.2,41.2,39.8,40.4,1685,0
CTX,D,20250902,000000,40,40.8,38.1,39,5961,0
CTX,D,20250903,000000,39.4,39.4,37.5,38,6770,0
CTX,D,20250904,000000,36.7,38,36.4,37.2,9317,0
CTX,D,20250905,000000,37.7,38,34.3,35.2,12388,0
CTX,D,20250908,000000,35,35.9,33,34.6,12603,0
CTX,D,20250909,000000,34.6,36.6,34.3,36.1,4580,0
CTX,D,20250910,000000,36.1,36.3,34.3,35.8,4469,0
CTX,D,20250911,000000,35.9,36.8,33.9,36.3,3144,0
CTX,D,20250912,000000,36.3,37.3,36,36.6,8095,0
CTX,D,20250915,000000,36.6,36.8,35.4,36.8,4411,0
CTX,D,20250916,000000,35.7,36.8,35.5,36.7,2621,0
CTX,D,20250917,000000,36.6,36.6,34.6,35.5,11821,0
CTX,D,20250918,000000,35.5,36.5,35.1,36.2,1297,0
CTX,D,20250919,000000,36.8,36.8,35.5,36.7,4690,0
CTX,D,20250922,000000,36.8,36.8,36,36.6,5958,0
CTX,D,20250923,000000,36.7,36.8,36.3,36.6,853,0
CTX,D,20250924,000000,36.6,36.6,35.1,36.1,1828,0
CTX,D,20250925,000000,36.6,39.5,36.5,38,45539,0
CTX,D,20250926,000000,38.2,38.4,37.2,38.4,6368,0
CTX,D,20250929,000000,38.6,43,38.6,40.3,55489,0
CTX,D,20250930,000000,41,41.2,39.7,40.4,12909,0
CTX,D,20251001,000000,39.7,40.8,39.3,40,8561,0
CTX,D,20251002,000000,39.5,40.6,38.9,38.9,4398,0
CTX,D,20251003,000000,38.9,38.9,37.2,38,7720,0
CTX,D,20251006,000000,38,40.1,37.6,39.1,12111,0
CTX,D,20251007,000000,39.1,39.9,38.6,38.8,3589,0
CTX,D,20251008,000000,39.6,39.6,38.4,38.7,987,0
CTX,D,20251009,000000,38.8,39.2,38.1,38.2,3930,0
CTX,D,20251010,000000,38.1,38.4,37.7,38,3477,0
CTX,D,20251013,000000,38.1,39.4,37.7,38.1,3145,0
CTX,D,20251014,000000,39.1,39.2,37.7,38.6,2770,0
CTX,D,20251015,000000,38.6,40.6,38,39.5,10296,0
CTX,D,20251016,000000,39.3,42.2,39.3,42.2,25342,0
CTX,D,20251017,000000,42.2,42.2,40,41.3,16109,0
CTX,D,20251020,000000,41.9,42.4,40.1,42.2,15485,0
CTX,D,20251021,000000,42,45.4,41.6,44.9,25140,0
CTX,D,20251022,000000,44.9,45.3,43.5,43.8,8835,0
CTX,D,20251023,000000,44.3,44.3,43.1,43.5,14089,0
CTX,D,20251024,000000,44.2,48.5,43.5,47,19954,0
CTX,D,20251027,000000,50,50.8,48.1,49.1,61812,0
CTX,D,20251028,000000,49.5,49.5,47.2,48.5,20221,0
CTX,D,20251029,000000,48.3,48.3,47,47.9,9112,0
CTX,D,20251030,000000,48.5,48.8,47.1,48,3495,0
CTX,D,20251031,000000,47.1,48.4,47.1,48.3,4314,0
CTX,D,20251103,000000,48,48.5,47.6,48.4,5958,0
CTX,D,20251104,000000,48.4,49.6,48.3,48.9,6641,0
CTX,D,20251105,000000,48.9,48.9,46.2,47,7065,0
CTX,D,20251106,000000,46.6,47.8,46.5,46.7,4204,0
CTX,D,20251107,000000,46.4,46.5,44.1,45,16331,0
CTX,D,20251110,000000,44.1,45.2,44.1,44.1,5681,0
CTX,D,20251112,000000,44.9,48.4,44.8,47.5,17582,0
CTX,D,20251113,000000,47.9,48,47.2,47.6,6715,0
CTX,D,20251114,000000,48,48,45.4,47.1,3865,0
CTX,D,20251117,000000,47,47,45.6,46.3,3783,0
CTX,D,20251118,000000,51,52.8,49.3,51.2,46796,0
CTX,D,20251119,000000,51.8,52,50.2,51.2,8173,0
CTX,D,20251120,000000,51.6,51.6,49.3,51.4,10134,0
CTX,D,20251121,000000,50,51.4,48.1,51.2,17342,0
CTX,D,20251124,000000,51.8,51.8,49,51.6,6902,0
CTX,D,20251125,000000,51.4,54,50.6,54,24858,0
CTX,D,20251126,000000,53.2,62,53.2,60.4,45994,0
CTX,D,20251127,000000,60,64.8,59,64.4,37138,0
CTX,D,20251128,000000,64.8,66.4,63.8,65.8,17242,0
CTX,D,20251201,000000,66,69.2,62,67.8,21417,0
CTX,D,20251202,000000,68,74.8,66.8,73.2,22190,0
CTX,D,20251203,000000,72.6,77,72,75.4,22345,0
CTX,D,20251204,000000,75.8,76.2,71.2,73.4,19777,0
CTX,D,20251205,000000,73,74.8,72.4,73,12810,0
CTX,D,20251208,000000,72,73,67,70.6,24442,0
CTX,D,20251209,000000,70.4,70.8,69,69.6,7148,0
CTX,D,20251210,000000,69,69.8,67.2,68.2,9910,0
CTX,D,20251211,000000,68,68.2,65.4,66.8,9671,0
CTX,D,20251212,000000,66,66,61.6,64.8,29892,0
CTX,D,20251215,000000,64.2,71.4,64.2,69.4,12404,0
CTX,D,20251216,000000,69.4,71,66.2,67.8,7219,0
CTX,D,20251217,000000,69,69,67,69,2378,0
CTX,D,20251218,000000,69,69,66.6,67,2342,0
CTX,D,20251219,000000,67,68.6,66,68,4069,0
CTX,D,20251222,000000,67.2,69.4,67.2,68,7208,0
CTX,D,20251223,000000,69.2,69.8,67.6,69.8,6453,0
CTX,D,20251229,000000,69.8,73,69.4,71.6,14845,0
CTX,D,20251230,000000,72,72,70.8,72,10267,0
CTX,D,20260102,000000,73.4,76,71.8,75,6804,0
CTX,D,20260105,000000,75.8,80,75.2,80,24364,0
CTX,D,20260107,000000,81,81.8,79,81,18039,0
CTX,D,20260108,000000,81,84,80.2,84,21487,0
CTX,D,20260109,000000,84,84.8,82.6,84,8745,0
CTX,D,20260112,000000,84,84,81.2,82.8,8982,0
CTX,D,20260113,000000,82.2,82.2,79,82,8137,0
CTX,D,20260114,000000,81.6,81.6,78.2,78.4,7829,0
CTX,D,20260115,000000,79.4,83.6,76.8,82.4,6410,0
CTX,D,20260116,000000,82.2,83.6,81,82,4932,0
CTX,D,20260119,000000,81,81.8,80,80.8,4160,0
CTX,D,20260120,000000,81,81.6,76,80.6,4437,0
CTX,D,20260121,000000,81,81,77.4,79,4144,0
CTX,D,20260122,000000,79,79.6,76.2,78.8,2798,0
CTX,D,20260123,000000,78,78.8,77.4,77.4,2443,0
CTX,D,20260126,000000,76.4,82.4,75.8,81,7573,0
CTX,D,20260127,000000,81,82,79.2,81,2752,0
CTX,D,20260128,000000,81,81,74.6,77.8,16620,0
CTX,D,20260129,000000,78,78.6,75.8,75.8,5139,0
CTX,D,20260130,000000,75.6,78,73.8,76.6,5432,0
CTX,D,20260202,000000,76.8,78.8,76.2,78.8,7589,0
CTX,D,20260203,000000,78.4,86,77.6,79,18354,0
CTX,D,20260204,000000,77,81.6,73,79,34070,0
CTX,D,20260205,000000,79.6,79.6,76.2,78,9023,0
CTX,D,20260206,000000,78,82.2,77.8,82,15138,0
CTX,D,20260209,000000,82.2,83.8,80.2,83.4,9187,0
CTX,D,20260210,000000,83.6,83.6,82.4,83.4,5000,0
CTX,D,20260211,000000,83.6,83.6,81.8,83.4,6452,0
CTX,D,20260212,000000,83.2,83.4,81.2,83,6167,0
CTX,D,20260213,000000,81.8,81.8,80.2,81.8,15464,0
CTX,D,20260216,000000,81,82.2,81,81.4,3974,0
CTX,D,20260217,000000,81.8,82,81,81.4,7026,0
CTX,D,20260218,000000,83,83.4,81.6,82,3630,0
CTX,D,20260219,000000,82.8,82.8,81.6,82.8,4565,0
CTX,D,20260220,000000,83.4,83.4,82.2,82.4,8460,0
CTX,D,20260223,000000,82.2,83,82,82.4,7151,0
CTX,D,20260224,000000,82.2,83.2,81.6,81.6,6093,0
CTX,D,20260225,000000,82,82,78.2,80.6,11814,0
CTX,D,20260226,000000,80.2,82,80,81.8,3959,0
CTX,D,20260227,000000,82,82.8,81,82,6462,0
CTX,D,20260302,000000,82,83,78.6,82.8,10066,0
CTX,D,20260303,000000,82.6,86,80.2,81.8,17713,0
CTX,D,20260304,000000,82.4,85,80.4,83.8,5690,0
CTX,D,20260305,000000,84.4,85,82.8,84.6,4543,0
CTX,D,20260306,000000,85.2,89.2,83.2,87.4,21006,0
CTX,D,20260309,000000,85,87,82.4,86.8,6138,0
CTX,D,20260310,000000,88,89,86.2,87.6,5643,0
CTX,D,20260311,000000,87.8,88,85.2,87.4,3335,0
CTX,D,20260312,000000,85.6,87.4,82.4,84.6,6211,0
CTX,D,20260313,000000,84.4,84.4,79.2,80.4,5229,0
CTX,D,20260316,000000,79,79.8,75.4,79,20340,0
CTX,D,20260317,000000,80,81,78,81,4846,0
CTX,D,20260318,000000,80.8,81.8,76.2,79.8,6881,0
CTX,D,20260319,000000,78,79.4,76,79,11606,0
CTX,D,20260320,000000,77,79,76.2,76.4,11511,0
CTX,D,20260323,000000,75,76.4,70.2,75.2,20241,0
CTX,D,20260324,000000,75.6,76,72.6,74.2,3899,0
CTX,D,20260325,000000,75,80,74,78,6352,0
CTX,D,20260326,000000,77,80.8,76.8,79,3705,0
CTX,D,20260327,000000,79,80.4,78,78.4,4469,0
CTX,D,20260330,000000,78,78.6,75.6,77.6,3398,0
CTX,D,20260331,000000,78,82,77.6,80,3730,0
CTX,D,20260401,000000,79.6,81.8,78.2,80.8,3244,0
CTX,D,20260402,000000,80,81,78.4,80.8,3188,0
CTX,D,20260407,000000,81,83,77.5,80,6835,0
CTX,D,20260408,000000,82,83.7,80.8,80.8,3055,0
CTX,D,20260409,000000,82.2,82.2,80.1,80.4,757,0
CTX,D,20260410,000000,81,81,79.4,79.5,2211,0
CTX,D,20260413,000000,78.8,80.4,78,80.1,1532,0
CTX,D,20260414,000000,80,80,78.3,78.7,1773,0
CTX,D,20260415,000000,78.8,82.6,78.8,81.7,5795,0
CTX,D,20260416,000000,82,82,80.2,81.4,2136,0
CTX,D,20260417,000000,81.4,82,78.5,81.9,4379,0
CTX,D,20260420,000000,80.1,81.9,80.1,81.8,1773,0
CTX,D,20260421,000000,81.8,81.8,80.2,81.8,2301,0
CTX,D,20260422,000000,81.8,82.6,80.9,81,686,0
CTX,D,20260423,000000,80.6,81.9,79.7,80,1726,0
CTX,D,20260424,000000,79.8,81.6,79.2,80,3368,0
CTX,D,20260427,000000,80,80.8,79.4,80.6,1367,0
CTX,D,20260428,000000,79.6,80.6,79.2,79.2,1572,0
CTX,D,20260429,000000,79.2,81,79.2,80.5,531,0
CTX,D,20260430,000000,79.1,80.1,78,78.8,2626,0
CTX,D,20260504,000000,79,80.3,75.6,79.9,4532,0
CTX,D,20260505,000000,81.3,81.3,78.4,79.5,1343,0
CTX,D,20260506,000000,79.5,80.5,79,79.8,5368,0
CTX,D,20260507,000000,78,79.5,76.5,77.3,3854,0
CTX,D,20260508,000000,78,79,77,79,3352,0
CTX,D,20260511,000000,78,79,78,79,1288,0
CTX,D,20260512,000000,79,79,77,77.6,1708,0
CTX,D,20260513,000000,78,78.9,77.1,78,2569,0
CTX,D,20260514,000000,77.3,79,77.2,79,2052,0
CTX,D,20260515,000000,77.5,79.1,77.3,78.6,1029,0
CTX,D,20260518,000000,78.6,79.2,77.6,77.9,1663,0
CTX,D,20260519,000000,77.9,78.4,77.6,77.6,613,0
CTX,D,20260520,000000,78,78.7,74.2,78.3,2066,0
CTX,D,20260521,000000,77.2,78,76.7,77.9,1427,0
CTX,D,20260522,000000,77,78,75.5,78,3933,0
CTX,D,20260525,000000,77.8,78,76.1,78,2888,0
CTX,D,20260526,000000,76.5,78,76.5,78,1329,0
CTX,D,20260527,000000,76.6,77.8,76.6,76.9,1491,0
CTX,D,20260528,000000,74.3,78,74.3,76,6306,0
CTX,D,20260529,000000,76.6,78,75.1,78,5634,0
CTX,D,20260601,000000,76.2,76.5,74.4,75,10716,0
CTX,D,20260602,000000,74.2,75.8,71,75.5,15874,0
CTX,D,20260603,000000,75.2,75.8,73.3,75.5,1680,0
CTX,D,20260605,000000,75.5,78,73.6,77.8,4490,0
CTX,D,20260608,000000,75.1,78,75.1,78,2053,0
CTX,D,20260609,000000,75.8,78.1,75.8,78,2209,0
CTX,D,20260610,000000,77.9,79.9,75.8,77.2,4710,0
CTX,D,20260611,000000,77.1,77.1,75.5,77,2312,0
CTX,D,20260612,000000,77,80,75.6,78.9,15700,0
CTX,D,20260615,000000,79,80,76.7,78,4018,0
CTX,D,20260616,000000,76.4,77.9,76,77.6,2909,0
CTX,D,20260617,000000,77.6,77.6,75.7,76,3234,0
CTX,D,20260618,000000,75,76.6,75,76.5,603,0
CTX,D,20260619,000000,75.4,79,75.4,79,4630,0
CTX,D,20260622,000000,79,79,76.6,77.5,480,0
CTX,D,20260623,000000,77.5,77.5,76.7,76.8,2271,0
CTX,D,20260624,000000,76.8,77.5,76.1,76.1,556,0
CTX,D,20260625,000000,76.2,78,76.2,78,1656,0
CTX,D,20260626,000000,77.4,78.2,76.9,78.2,1586,0
CTX,D,20260629,000000,76.2,79,76.2,76.6,884,0
CTX,D,20260630,000000,76.6,77.7,76.5,76.6,884,0
CTX,D,20260701,000000,76.5,77.6,75.5,75.5,3557,0
CTX,D,20260702,000000,75.2,76,72.8,75.1,8209,0
CTX,D,20260703,000000,74,75.8,73.4,74.8,2248,0
CTX,D,20260706,000000,74,76,73.7,75.7,1702,0
CTX,D,20260707,000000,74.1,75.7,74.1,75,2213,0
CTX,D,20260708,000000,74.3,75,74,74,2110,0
CTX,D,20260709,000000,75,75.5,74.6,75.5,1649,0
CTX,D,20260710,000000,74.7,75.4,74,75.4,2333,0
CTX,D,20260713,000000,75,75,73,73.5,4953,0
CTX,D,20260714,000000,73.1,73.1,71.5,72.9,5747,0
CTX,D,20260715,000000,72.4,72.6,70.8,72.2,6247,0
CTX,D,20260716,000000,72.5,75.9,71.3,74.9,4892,0
CTX,D,20260717,000000,73.5,75.5,72.2,75.3,1118,0
CTX,D,20260720,000000,73,75.4,71.6,75.4,1897,0
CTX,D,20260721,000000,73,75.4,73,75.4,1759,0
CTX,D,20260722,000000,73.2,75.4,73.2,75.4,1457,0
CTX,D,20260723,000000,74.2,75.3,74,74,898,0
CTX,D,20260724,000000,73.4,75.4,73.4,75.4,1350,0
CTX,D,20260727,000000,75.4,75.4,74.1,74.9,1848,0
CTX,D,20260728,000000,73.6,74.6,73.5,74.6,970,0
CTX,D,20260729,000000,73.7,75,73.1,74.6,1619,0
CTX,D,20260730,000000,75,75,73.4,74.2,2282,0
CTX,D,20260731,000000,74.2,74.3,72.1,74.2,2718,0
CTX,D,20260803,000000,73.2,73.9,71.9,73,6168,0
CTX,D,20260804,000000,71.7,72.8,71.7,72.8,2376,0
CTX,D,20260805,000000,72.1,72.8,69.1,70.7,7172,0
CTX,D,20260806,000000,70,71,67.2,70,17824,0
CTX,D,20260807,000000,69.9,70.9,68.2,70,8291,0
CTX,D,20260810,000000,68.3,69.9,68,69.9,6010,0
CTX,D,20260811,000000,68.4,73.5,68.4,73.5,7218,0
CTX,D,20260812,000000,72,73.5,70.6,72.7,3719,0
CTX,D,20260813,000000,71,72,70.6,72,2714,0
CTX,D,20260814,000000,72,72.4,70.9,72,1711,0
CTX,D,20260817,000000,72.8,72.8,70,71,1166,0
CTX,D,20260818,000000,70.1,72,70,70.7,1523,0
