<TICKER>,<PER>,<DATE>,<TIME>,<OPEN>,<HIGH>,<LOW>,<CLOSE>,<VOL>,<OPENINT>
DGE,D,20210428,000000,28.6,29,24.11,25.45,52828,0
DGE,D,20210429,000000,25.9,26.76,21.99,22.39,20940,0
DGE,D,20210430,000000,22.4,26.8,22.4,26,20229,0
DGE,D,20210504,000000,27,32.2,26.65,30,28012,0
DGE,D,20210505,000000,31,31.8,28.1,29.495,6295,0
DGE,D,20210506,000000,30,30,27.505,28.7,2481,0
DGE,D,20210507,000000,29.2,29.2,28.3,28.99,5954,0
DGE,D,20210510,000000,29.8,30.9,28.01,28.75,5297,0
DGE,D,20210511,000000,28.5,28.5,28,28.34,3498,0
DGE,D,20210512,000000,28.3,29.6,27,29.295,4410,0
DGE,D,20210513,000000,29,29.5,28,29.3,5143,0
DGE,D,20210514,000000,28.5,29.1,28,28.985,4275,0
DGE,D,20210517,000000,28.985,31.845,28.35,31.8,4662,0
DGE,D,20210518,000000,31.79,31.79,29.8,30.7,5091,0
DGE,D,20210519,000000,30.005,30.4,29.4,30.4,991,0
DGE,D,20210520,000000,29.8,30.79,29.3,30.4,4673,0
DGE,D,20210521,000000,29.7,30.3,29.5,30,2240,0
DGE,D,20210524,000000,28.55,30.495,28.5,30,3823,0
DGE,D,20210525,000000,29.5,29.5,28.5,29.45,2101,0
DGE,D,20210526,000000,29.5,29.5,28,29,2019,0
DGE,D,20210527,000000,28.99,29.5,28.1,29.495,2978,0
DGE,D,20210528,000000,29.485,31.37,28.5,30.85,11229,0
DGE,D,20210531,000000,30.885,31.88,30.885,31.5,4866,0
DGE,D,20210601,000000,31.87,31.89,30.6,31.5,2701,0
DGE,D,20210602,000000,31.5,31.99,30.985,31.975,3145,0
DGE,D,20210604,000000,31.975,32.5,30.71,32.48,3725,0
DGE,D,20210607,000000,32.5,33.61,32.01,33.61,4708,0
DGE,D,20210608,000000,33.7,35.95,33.7,35,3808,0
DGE,D,20210609,000000,35.2,40.3,34.9,39.8,12668,0
DGE,D,20210610,000000,40,42,38,40.8,5342,0
DGE,D,20210611,000000,42.4,50,35.2,41,4835,0
DGE,D,20210614,000000,42.9,43,40,41,517,0
DGE,D,20210615,000000,40.5,41.5,37.5,40.3,1711,0
DGE,D,20210616,000000,39.4,40,38.055,40,276,0
DGE,D,20210617,000000,39.01,39.9,37.5,39.89,1055,0
DGE,D,20210618,000000,37.61,38.8,37.5,38.8,530,0
DGE,D,20210621,000000,38.8,38.8,37,37.9,427,0
DGE,D,20210622,000000,38.5,40,36.65,39,3429,0
DGE,D,20210623,000000,37.5,39,36.925,39,1734,0
DGE,D,20210624,000000,37.51,39.47,37.51,39.47,1603,0
DGE,D,20210625,000000,38.5,39.9,37.7,39.2,1442,0
DGE,D,20210628,000000,39.885,39.9,37.41,37.9,2828,0
DGE,D,20210629,000000,37.15,37.15,35.6,36.5,3183,0
DGE,D,20210630,000000,35.2,37.5,31.56,34.98,7077,0
DGE,D,20210701,000000,35.5,35.5,33.56,35.49,3549,0
DGE,D,20210702,000000,36,36.8,36,36.8,144,0
DGE,D,20210705,000000,36.9,39.48,36.9,39.19,1652,0
DGE,D,20210706,000000,39,39,37,38,1965,0
DGE,D,20210707,000000,37.99,37.99,37,37.5,61,0
DGE,D,20210708,000000,36.5,38,35.7,37.99,453,0
DGE,D,20210709,000000,37.99,37.99,36.8,37.89,65,0
DGE,D,20210712,000000,37.2,37.5,35.015,36.95,4418,0
DGE,D,20210713,000000,37,37,34.65,35.9,1097,0
DGE,D,20210714,000000,36.98,36.98,36,36,10,0
DGE,D,20210715,000000,36,36.98,35.35,36.97,68,0
DGE,D,20210716,000000,36.97,37.5,36.11,37.5,271,0
DGE,D,20210719,000000,36.14,38.5,35.42,38.5,1255,0
DGE,D,20210720,000000,37.9,44,37.9,40.56,8239,0
DGE,D,20210721,000000,42,43.4,40.85,42.89,2080,0
DGE,D,20210722,000000,43,43,40.6,41.99,678,0
DGE,D,20210723,000000,42,42,40.6,41.9,414,0
DGE,D,20210726,000000,41.6,41.6,39.1,41.2,332,0
DGE,D,20210727,000000,39.1,41.2,39,40.6,1062,0
DGE,D,20210728,000000,39,41,39,41,1551,0
DGE,D,20210729,000000,40.8,40.8,39,40.6,3277,0
DGE,D,20210730,000000,39,40,38,40,1009,0
DGE,D,20210802,000000,39.9,41,38.13,39.5,998,0
DGE,D,20210803,000000,39.5,41,38.5,40.99,1974,0
DGE,D,20210804,000000,40.99,41.2,38.11,38.35,2850,0
DGE,D,20210805,000000,38.35,42,38.35,40,1978,0
DGE,D,20210806,000000,40,40.65,39,39.8,1887,0
DGE,D,20210809,000000,39.8,40.2,38.76,40.195,1667,0
DGE,D,20210810,000000,40.3,41.4,40.1,41.4,1016,0
DGE,D,20210811,000000,41.8,41.8,40.95,40.95,71,0
DGE,D,20210812,000000,40.95,42,39.41,41.59,983,0
DGE,D,20210813,000000,42.5,42.5,39.65,41.7,399,0
DGE,D,20210816,000000,40.505,42.48,40.505,42.48,1325,0
DGE,D,20210817,000000,42.5,46.05,42.11,45.9,3785,0
DGE,D,20210818,000000,48,49.575,45.5,49,5697,0
DGE,D,20210819,000000,49.245,49.99,47.5,49.46,1927,0
DGE,D,20210820,000000,47.565,49.46,47.565,49.4,279,0
DGE,D,20210823,000000,49.4,50,48.1,48.98,2651,0
DGE,D,20210824,000000,50,50,46.32,47.5,1283,0
DGE,D,20210825,000000,47.6,50,46.6,47.5,501,0
DGE,D,20210826,000000,47,48.5,47,47.5,1283,0
DGE,D,20210827,000000,47.9,47.9,46.32,47,312,0
DGE,D,20210830,000000,47.8,48.9,45.6,45.995,1183,0
DGE,D,20210831,000000,46.695,46.695,43.6,44.9,2257,0
DGE,D,20210901,000000,44.9,46,43.7,44.94,2080,0
DGE,D,20210902,000000,44.88,45.98,43.1,45.98,1398,0
DGE,D,20210903,000000,46,47.4,45.5,46.49,892,0
DGE,D,20210906,000000,45.2,46.3,44,45.94,1463,0
DGE,D,20210907,000000,44.5,45.9,44,44.95,740,0
DGE,D,20210908,000000,44.95,45.9,43,44,2338,0
DGE,D,20210909,000000,43.62,45.8,43.6,44.78,207,0
DGE,D,20210910,000000,44.77,45,43.1,45,1274,0
DGE,D,20210913,000000,46,46,44.1,44.88,2965,0
DGE,D,20210914,000000,44.88,44.88,38.32,42.96,11582,0
DGE,D,20210915,000000,40,43.5,39.19,42.95,6581,0
DGE,D,20210916,000000,55,60,46,58,128599,0
DGE,D,20210917,000000,63,66.5,54.22,57.5,75629,0
DGE,D,20210920,000000,72,86.4,67,83.32,126373,0
DGE,D,20210921,000000,85,121.8,85,107.4,86643,0
DGE,D,20210922,000000,95,107,93.2,95.8,58677,0
DGE,D,20210923,000000,99.9,101.78,85.5,90,39713,0
DGE,D,20210924,000000,90,98.7,87.5,93.5,36323,0
DGE,D,20210927,000000,105,106.96,87.55,87.83,54223,0
DGE,D,20210928,000000,88.46,92,84.5,89.03,23432,0
DGE,D,20210929,000000,89.1,91.9,79.3,80,46117,0
DGE,D,20210930,000000,80,87.7,76.33,85.8,24277,0
DGE,D,20211001,000000,85.5,85.5,80.52,83.6,12056,0
DGE,D,20211004,000000,83.8,85.99,80.61,85.6,8230,0
DGE,D,20211005,000000,84.99,87,83,84.4,5218,0
DGE,D,20211006,000000,83,87,81.2,83.62,7031,0
DGE,D,20211007,000000,85.87,94.34,83.1,91.98,22072,0
DGE,D,20211008,000000,93.2,97.6,75.02,89.8,35231,0
DGE,D,20211011,000000,90.8,91.4,84.2,88.3,13150,0
DGE,D,20211012,000000,84.99,92.5,82.3,91.9,12163,0
DGE,D,20211013,000000,91,93.8,89,91.9,5119,0
DGE,D,20211014,000000,89.66,91.57,87.2,90,4728,0
DGE,D,20211015,000000,90.01,90.01,85.4,87.64,4949,0
DGE,D,20211018,000000,87,87.8,83.5,86.7,3016,0
DGE,D,20211019,000000,87.68,89.5,86.04,87.2,7157,0
DGE,D,20211020,000000,88.3,88.3,83.6,85.5,4209,0
DGE,D,20211021,000000,85.59,86.34,83.1,86,2456,0
DGE,D,20211022,000000,85.81,87.7,83.81,86.4,3057,0
DGE,D,20211025,000000,86,86.79,85.32,86.52,2822,0
DGE,D,20211026,000000,85.55,86.55,84,86,2163,0
DGE,D,20211027,000000,87.98,87.98,85.31,86.36,1609,0
DGE,D,20211028,000000,86.36,87.01,85.41,86.8,1209,0
DGE,D,20211029,000000,85.89,87.11,85,86.9,1783,0
DGE,D,20211102,000000,86.01,90.8,85.49,89.56,5211,0
DGE,D,20211103,000000,90.5,91.3,84.9,86.95,11448,0
DGE,D,20211104,000000,86.1,89.19,85.66,88.9,1854,0
DGE,D,20211105,000000,87.2,88.81,85.6,88,3197,0
DGE,D,20211108,000000,86,86.92,84.41,86.47,2624,0
DGE,D,20211109,000000,86,86.63,76.8,76.8,18514,0
DGE,D,20211110,000000,77,77,68,68,37542,0
DGE,D,20211112,000000,73.8,87,73.4,80,36596,0
DGE,D,20211115,000000,81.7,81.7,72.4,76.8,11667,0
DGE,D,20211116,000000,76.8,76.8,72,73.96,13614,0
DGE,D,20211117,000000,73.9,73.9,70.7,72.6,6167,0
DGE,D,20211118,000000,71.21,72.51,66.5,70.59,11074,0
DGE,D,20211119,000000,71.2,72.99,71.2,72.7,3353,0
DGE,D,20211122,000000,71.1,82,71.1,82,9670,0
DGE,D,20211123,000000,82,82,79,80.85,2873,0
DGE,D,20211124,000000,80.61,80.71,76,76.05,3213,0
DGE,D,20211125,000000,76.35,79,73.6,74,4337,0
DGE,D,20211126,000000,73.61,75.3,71.89,74.3,6475,0
DGE,D,20211129,000000,72.54,75.51,71.6,73.88,4227,0
DGE,D,20211130,000000,72.49,77.9,72.2,77.5,1257,0
DGE,D,20211201,000000,76.89,77,73.04,74.25,4315,0
DGE,D,20211202,000000,73.49,74.61,72.51,74.2,1321,0
DGE,D,20211203,000000,74.2,75.59,74.02,75.56,2034,0
DGE,D,20211206,000000,75.56,76.39,72.2,74.5,5231,0
DGE,D,20211207,000000,73.39,77,73.3,75.8,2233,0
DGE,D,20211208,000000,75.41,75.89,73,74.97,3557,0
DGE,D,20211209,000000,74.98,77,73,74.54,5725,0
DGE,D,20211210,000000,73.96,73.96,72.2,73.25,2909,0
DGE,D,20211213,000000,72.1,72.98,69.95,70.99,7357,0
DGE,D,20211214,000000,70.99,71,68.2,69.85,2393,0
DGE,D,20211215,000000,69.85,71,68.1,69.88,4606,0
DGE,D,20211216,000000,68.7,71,68.2,70.85,4080,0
DGE,D,20211217,000000,69.01,70.98,68.5,69.2,1136,0
DGE,D,20211220,000000,69.01,69.39,68.11,68.75,3180,0
DGE,D,20211221,000000,69.89,69.89,65,66.9,10325,0
DGE,D,20211222,000000,66.01,66.01,64.3,64.8,4392,0
DGE,D,20211223,000000,63.55,64.8,60,64.28,34341,0
DGE,D,20211227,000000,64.29,64.56,60.55,62.99,9572,0
DGE,D,20211228,000000,61.56,68.7,61,66.66,22536,0
DGE,D,20211229,000000,68,68.39,63,67.88,6645,0
DGE,D,20211230,000000,67.87,67.87,66.59,67.5,2959,0
DGE,D,20220103,000000,69.9,73.8,66.7,70.98,10753,0
DGE,D,20220104,000000,70.8,71.7,67.01,67.82,8571,0
DGE,D,20220105,000000,67.62,69.4,67.62,68.28,4028,0
DGE,D,20220107,000000,68,69.79,67.5,69.79,4094,0
DGE,D,20220110,000000,69.7,71.85,68.6,69.87,11137,0
DGE,D,20220111,000000,70.96,75,70.5,75,8742,0
DGE,D,20220112,000000,75.9,77,73.5,74.86,2478,0
DGE,D,20220113,000000,76,78,73.86,74.5,7809,0
DGE,D,20220114,000000,75.56,75.72,70.2,71.56,8401,0
DGE,D,20220117,000000,72,74.39,70.2,72.44,1846,0
DGE,D,20220118,000000,72.8,72.8,69.8,70.85,3210,0
DGE,D,20220119,000000,69.01,69.99,67,67.98,13160,0
DGE,D,20220120,000000,67.01,69,66.15,67.9,4197,0
DGE,D,20220121,000000,66.56,67.1,64.51,65.4,4513,0
DGE,D,20220124,000000,65.5,65.5,60.01,61.7,9965,0
DGE,D,20220125,000000,62,63.5,61.69,62.75,5208,0
DGE,D,20220126,000000,62,64.95,61.7,63.99,2982,0
DGE,D,20220127,000000,63.98,64.2,61.8,64.2,2506,0
DGE,D,20220128,000000,64,65,60.8,62.18,3641,0
DGE,D,20220131,000000,63.2,65,62.11,62.43,2927,0
DGE,D,20220201,000000,62.52,63.9,61.6,62.95,3002,0
DGE,D,20220202,000000,62.95,62.95,56.31,61.4,5586,0
DGE,D,20220203,000000,61,61.4,60.01,61.08,3502,0
DGE,D,20220204,000000,60.6,61.85,59.8,60.65,2768,0
DGE,D,20220207,000000,60.65,61.2,59,60.85,2322,0
DGE,D,20220208,000000,61.69,63.7,60,63.39,8678,0
DGE,D,20220209,000000,64,64,62.21,63.99,2234,0
DGE,D,20220210,000000,64.48,65.6,63.6,65,1816,0
DGE,D,20220211,000000,64.96,65.6,63.15,65,3692,0
DGE,D,20220214,000000,60.04,61.92,59.1,60.95,6942,0
DGE,D,20220215,000000,60.2,62.5,59.55,60.7,4529,0
DGE,D,20220216,000000,60.9,65,60.05,63.1,5596,0
DGE,D,20220217,000000,63.1,64.5,60.51,61.9,7528,0
DGE,D,20220218,000000,61,61.99,60,60.9,1422,0
DGE,D,20220221,000000,62.05,62.6,57.22,60.8,4195,0
DGE,D,20220222,000000,58.6,62.44,58.6,60.98,2486,0
DGE,D,20220223,000000,61.79,64.3,60.4,61.78,4659,0
DGE,D,20220224,000000,57,58,47,51.4,24735,0
DGE,D,20220225,000000,53.5,55.78,52,54.4,5477,0
DGE,D,20220228,000000,54.49,58.8,53.5,58,5900,0
DGE,D,20220301,000000,57.8,59.4,55.1,56.3,5314,0
DGE,D,20220302,000000,54.55,56,52.05,53.67,5572,0
DGE,D,20220303,000000,52.5,52.98,50,52.39,5028,0
DGE,D,20220304,000000,51.1,52.9,49.9,52.4,6672,0
DGE,D,20220307,000000,50,51,46.8,50.92,17988,0
DGE,D,20220308,000000,49.9,50.5,47.05,49.4,3749,0
DGE,D,20220309,000000,49.4,52.5,48,52.5,10541,0
DGE,D,20220310,000000,50.8,53.8,50.62,51.01,3131,0
DGE,D,20220311,000000,53,53.6,50,53.2,3919,0
DGE,D,20220314,000000,51.04,52.44,50.01,51.36,4519,0
DGE,D,20220315,000000,51.2,52.2,50.12,52,1745,0
DGE,D,20220316,000000,52.5,54.5,52.5,54.3,2097,0
DGE,D,20220317,000000,53.33,56.5,53.33,54.15,3482,0
DGE,D,20220318,000000,56.28,56.29,54.14,54.99,1018,0
DGE,D,20220321,000000,55.99,56,54,55.42,1831,0
DGE,D,20220322,000000,55.55,56.48,54.5,56.47,2123,0
DGE,D,20220323,000000,56.47,58,56,57,2817,0
DGE,D,20220324,000000,56.12,57.97,56.12,57,1455,0
DGE,D,20220325,000000,57.9,60.8,56.84,59.8,3734,0
DGE,D,20220328,000000,60.79,60.79,57.42,58.8,1309,0
DGE,D,20220329,000000,56.4,60.8,56.4,60.68,1185,0
DGE,D,20220330,000000,60.6,63.8,59.1,61,2493,0
DGE,D,20220331,000000,62.2,62.2,60,60.7,710,0
DGE,D,20220401,000000,60.7,61.4,59.8,60,2405,0
DGE,D,20220404,000000,61.2,61.4,60,61.28,840,0
DGE,D,20220405,000000,61.7,61.7,60,61.3,560,0
DGE,D,20220406,000000,60.4,61,60,60.8,652,0
DGE,D,20220407,000000,61,61,59,59,739,0
DGE,D,20220408,000000,59.95,59.96,58.2,58.4,3553,0
DGE,D,20220411,000000,59.2,59.5,58.05,58.05,1301,0
DGE,D,20220412,000000,59.45,59.45,56.01,57.9,1021,0
DGE,D,20220413,000000,57.9,57.9,56,57.8,1648,0
DGE,D,20220414,000000,56.9,57.6,55.8,55.8,1115,0
DGE,D,20220419,000000,56,57,54,54.6,2257,0
DGE,D,20220420,000000,54.9,54.9,53.3,54,1312,0
DGE,D,20220421,000000,54.8,55,53.3,54,645,0
DGE,D,20220422,000000,54,54.9,52.7,53.5,1037,0
DGE,D,20220425,000000,53.7,53.7,51.2,51.2,1030,0
DGE,D,20220426,000000,52.6,54.2,51.6,51.9,1867,0
DGE,D,20220427,000000,51.9,51.9,50.3,50.7,1328,0
DGE,D,20220428,000000,52.3,53,50.2,50.4,2637,0
DGE,D,20220429,000000,51,52.9,50.5,52,1467,0
DGE,D,20220502,000000,50.8,52.6,50.7,52,757,0
DGE,D,20220504,000000,52,53.5,51.1,53.2,2272,0
DGE,D,20220505,000000,53.2,54,52.7,53.7,1006,0
DGE,D,20220506,000000,53.7,54,47.05,50,2021,0
DGE,D,20220509,000000,50.6,51.4,47.4,49.9,2133,0
DGE,D,20220510,000000,49.8,49.8,47,47.65,3165,0
DGE,D,20220511,000000,49.2,49.8,48,49,1557,0
DGE,D,20220512,000000,48.2,48.2,46,47.4,1527,0
DGE,D,20220513,000000,48.8,48.8,45.6,47.8,1309,0
DGE,D,20220516,000000,48.5,48.7,46,48.7,3086,0
DGE,D,20220517,000000,48.4,48.4,46.7,48.4,1696,0
DGE,D,20220518,000000,47.2,49.7,47,49,1394,0
DGE,D,20220519,000000,47.2,48.7,46.6,48.35,1041,0
DGE,D,20220520,000000,47.5,48.6,46.75,48.3,1272,0
DGE,D,20220523,000000,48.8,49.6,47.3,49,466,0
DGE,D,20220524,000000,47.7,49.5,47.5,49.5,1396,0
DGE,D,20220525,000000,48.05,49,47.8,47.9,641,0
DGE,D,20220526,000000,48.7,48.9,47.5,48.5,1364,0
DGE,D,20220527,000000,47.6,49.65,47.5,48.9,1334,0
DGE,D,20220530,000000,48.9,49.8,48.15,49,1023,0
DGE,D,20220531,000000,49.65,53.1,49.2,50.8,3461,0
DGE,D,20220601,000000,51.7,51.7,49.4,50,698,0
DGE,D,20220602,000000,50.8,52,49,51.5,1417,0
DGE,D,20220603,000000,50,51,49.65,51,557,0
DGE,D,20220606,000000,51,51,49.2,50.3,626,0
DGE,D,20220607,000000,49.5,49.9,48.65,48.95,215,0
DGE,D,20220608,000000,48.95,49.25,47.1,48.25,1976,0
DGE,D,20220609,000000,48.5,48.5,47,47.4,1730,0
DGE,D,20220610,000000,47.6,47.6,44.8,44.8,3702,0
DGE,D,20220613,000000,44.1,44.5,40.6,40.7,11604,0
DGE,D,20220614,000000,42.9,43.4,41.1,42.85,703,0
DGE,D,20220615,000000,43,43.75,42,42.8,1277,0
DGE,D,20220617,000000,42.65,43.7,42,42,1557,0
DGE,D,20220620,000000,42,43.8,42,42.7,1532,0
DGE,D,20220621,000000,42.4,43.7,42.3,43,690,0
DGE,D,20220622,000000,43,43,42.6,43,774,0
DGE,D,20220623,000000,43,43,42.2,42.65,291,0
DGE,D,20220624,000000,42.1,44.1,42.05,42.35,981,0
DGE,D,20220627,000000,42.4,44.4,42,42.2,1699,0
DGE,D,20220628,000000,42.25,43.5,42,42.1,1215,0
DGE,D,20220629,000000,42,43.45,42,42.1,1568,0
DGE,D,20220630,000000,42.2,44.2,42.1,42.6,2803,0
DGE,D,20220701,000000,43.4,46,43.2,43.2,3953,0
DGE,D,20220704,000000,45.4,45.5,43.7,44.1,1333,0
DGE,D,20220705,000000,44.5,45.4,42,42.5,2621,0
DGE,D,20220706,000000,42.5,44.1,42.5,44.1,943,0
DGE,D,20220707,000000,44.1,46.7,44.1,46.1,711,0
DGE,D,20220708,000000,46,46.9,44.8,45.5,826,0
DGE,D,20220711,000000,45.5,47.75,44.9,47.7,827,0
DGE,D,20220712,000000,47.7,47.7,45.2,46.7,1383,0
DGE,D,20220713,000000,46.7,46.7,44.5,45.45,1783,0
DGE,D,20220714,000000,44.3,44.7,43.4,43.4,712,0
DGE,D,20220715,000000,43.4,44.4,40.2,43.5,1979,0
DGE,D,20220718,000000,42.3,44.25,41.05,44,2759,0
DGE,D,20220719,000000,42.6,43.7,42.5,42.65,1001,0
DGE,D,20220720,000000,42.65,43.95,42.1,43.95,2098,0
DGE,D,20220721,000000,44.15,45.9,44,44,1107,0
DGE,D,20220722,000000,44.9,45.2,43.9,45.2,777,0
DGE,D,20220725,000000,45.5,47.2,44.5,46.9,932,0
DGE,D,20220726,000000,46.9,46.9,45.1,46.5,627,0
DGE,D,20220727,000000,46.5,47,45.65,45.95,1272,0
DGE,D,20220728,000000,45.95,47.8,45.3,46,1343,0
DGE,D,20220729,000000,47,49.2,46.9,49.2,2795,0
DGE,D,20220801,000000,49.5,58.6,49.5,58.5,6096,0
DGE,D,20220802,000000,59.9,60.1,56,57.9,2441,0
DGE,D,20220803,000000,57.9,62.5,57.9,62.5,6073,0
DGE,D,20220804,000000,62.6,62.6,58.5,60.2,3704,0
DGE,D,20220805,000000,59.4,59.8,56.4,59,2291,0
DGE,D,20220808,000000,57.5,58.9,56,58,3549,0
DGE,D,20220809,000000,58.4,60.6,57.4,60.5,3715,0
DGE,D,20220810,000000,60.5,61.2,59.1,60.9,1598,0
DGE,D,20220811,000000,59.5,62.9,59,62.6,1740,0
DGE,D,20220812,000000,61.3,63,60.1,63,2964,0
DGE,D,20220816,000000,59.1,62.7,59.1,61.9,2752,0
DGE,D,20220817,000000,61.9,64,58.1,59.8,4969,0
DGE,D,20220818,000000,58.9,61,58.1,59.3,1260,0
DGE,D,20220819,000000,60,62,59.4,60.1,1632,0
DGE,D,20220822,000000,61.4,61.9,60.3,60.4,2394,0
DGE,D,20220823,000000,62,65,60.3,61.7,3772,0
DGE,D,20220824,000000,62.6,63.6,62.1,62.1,538,0
DGE,D,20220825,000000,63.1,63.5,61.8,62,711,0
DGE,D,20220826,000000,62,62,58,58.6,853,0
DGE,D,20220829,000000,58.6,60.9,58.5,58.5,1120,0
DGE,D,20220830,000000,58.6,59.5,57.1,57.6,980,0
DGE,D,20220831,000000,58.9,60.9,57.8,59.2,1398,0
DGE,D,20220901,000000,60.6,60.6,57.5,58.2,1314,0
DGE,D,20220902,000000,59.8,60.9,58.6,60,1198,0
DGE,D,20220905,000000,60.5,63.5,60.5,63.4,4294,0
DGE,D,20220906,000000,63.2,63.5,60.5,63,936,0
DGE,D,20220907,000000,64,64.4,61,62,1206,0
DGE,D,20220908,000000,62,62,60.4,60.9,795,0
DGE,D,20220909,000000,61.3,61.3,58.1,59.5,1165,0
DGE,D,20220912,000000,58.9,58.9,50.7,51.1,16581,0
DGE,D,20220913,000000,53,53,48,51.3,7481,0
DGE,D,20220914,000000,50.1,51,49,50.1,4864,0
DGE,D,20220915,000000,45,46.95,42,42.7,25646,0
DGE,D,20220916,000000,42.8,43.6,40.6,42.9,8289,0
DGE,D,20220919,000000,46,47,43.8,43.8,10744,0
DGE,D,20220920,000000,44,44.95,42,42.7,1989,0
DGE,D,20220921,000000,42.7,42.7,39.1,40.1,3352,0
DGE,D,20220922,000000,40.55,42.7,39.6,39.8,3472,0
DGE,D,20220923,000000,39.8,40.35,37.4,37.55,5055,0
DGE,D,20220926,000000,37.6,38,34.6,36.5,8569,0
DGE,D,20220927,000000,36.6,39.4,36.6,39.25,2696,0
DGE,D,20220928,000000,39.4,39.8,37.7,37.9,1678,0
DGE,D,20220929,000000,38.95,38.95,36.2,36.5,3049,0
DGE,D,20220930,000000,37.5,38.4,36.2,37.7,1438,0
DGE,D,20221003,000000,37.4,37.4,34,35.7,5001,0
DGE,D,20221004,000000,37.7,37.7,35.2,35.4,1792,0
DGE,D,20221005,000000,36.5,37.35,35.6,37.3,1983,0
DGE,D,20221006,000000,37.6,37.6,36.5,37.6,892,0
DGE,D,20221007,000000,37.6,37.6,35.2,35.2,4552,0
DGE,D,20221010,000000,34.05,35.5,33.1,33.9,4087,0
DGE,D,20221011,000000,33.4,35.4,32.2,35.15,2726,0
DGE,D,20221012,000000,35.35,35.35,34.1,35,117,0
DGE,D,20221013,000000,34.7,36,33.1,35.4,2277,0
DGE,D,20221014,000000,35.5,37.45,34.4,36.4,3047,0
DGE,D,20221017,000000,36.4,37.2,35.5,36.5,945,0
DGE,D,20221018,000000,36.8,36.8,34.8,36.5,2613,0
DGE,D,20221019,000000,36.45,36.7,34.85,36.7,841,0
DGE,D,20221020,000000,36,37.85,36,37.8,1549,0
DGE,D,20221021,000000,37.85,38.8,36.1,37.45,1893,0
DGE,D,20221024,000000,37.7,37.7,34.05,34.9,4517,0
DGE,D,20221025,000000,35.35,36,34.35,35.55,1218,0
DGE,D,20221026,000000,36.1,36.4,33,34.25,7322,0
DGE,D,20221027,000000,34.9,34.9,32,33.8,3044,0
DGE,D,20221028,000000,33.3,34.85,32.95,34,1884,0
DGE,D,20221031,000000,33.7,35.9,33.6,35.5,1248,0
DGE,D,20221102,000000,36,36.95,34.6,35,4551,0
DGE,D,20221103,000000,34.85,40.7,34.85,37.8,7785,0
DGE,D,20221104,000000,39.6,42.65,39,42.4,10517,0
DGE,D,20221107,000000,42.8,47.2,42.8,45.2,10549,0
DGE,D,20221108,000000,44.1,45,41.75,44.4,2725,0
DGE,D,20221109,000000,44.9,45,42.5,43.9,2627,0
DGE,D,20221110,000000,44.4,47.2,42.9,45,8106,0
DGE,D,20221114,000000,45.2,48.3,43.6,44.6,11413,0
DGE,D,20221115,000000,43.4,47,41,46.4,9496,0
DGE,D,20221116,000000,43.8,46.75,43.7,45,2053,0
DGE,D,20221117,000000,46.2,47.8,44.2,44.5,4335,0
DGE,D,20221118,000000,47.1,47.4,45.4,47.05,2806,0
DGE,D,20221121,000000,47.5,50.2,47,48.3,4576,0
DGE,D,20221122,000000,48,52,45,51.6,6400,0
DGE,D,20221123,000000,49.8,50.5,48.05,50.5,5767,0
DGE,D,20221124,000000,51.1,51.1,49.1,49.1,1906,0
DGE,D,20221125,000000,49.15,53.8,47,53,5778,0
DGE,D,20221128,000000,52.5,52.8,50.8,52.2,1688,0
DGE,D,20221129,000000,52.7,52.7,49,50,623,0
DGE,D,20221130,000000,48.7,51.8,48.4,51.8,2188,0
DGE,D,20221201,000000,51.8,51.8,47.5,48.05,3636,0
DGE,D,20221202,000000,48.4,50.1,45.4,47.8,5591,0
DGE,D,20221205,000000,48,49.45,47.5,47.8,1498,0
DGE,D,20221206,000000,48.5,48.8,47.2,48.4,1584,0
DGE,D,20221207,000000,47.35,47.35,46.5,47,1567,0
DGE,D,20221208,000000,48,48.3,47.4,48.3,375,0
DGE,D,20221209,000000,48.4,48.5,47.1,48.2,193,0
DGE,D,20221212,000000,47.2,49,46.6,49,1239,0
DGE,D,20221213,000000,49,51.1,48.9,50.1,5852,0
DGE,D,20221214,000000,50,50.2,49,50,2875,0
DGE,D,20221215,000000,50.2,50.4,49,49,1624,0
DGE,D,20221216,000000,49,49,47.2,47.95,1295,0
DGE,D,20221219,000000,47.2,48.3,47.2,48.3,916,0
DGE,D,20221220,000000,47.95,48.85,46.2,47.5,1430,0
DGE,D,20221221,000000,47.2,48.8,45.6,48.55,6353,0
DGE,D,20221222,000000,48.2,51,47.7,49.1,3283,0
DGE,D,20221223,000000,51.6,51.8,50,50.8,3330,0
DGE,D,20221227,000000,51.5,51.8,48.2,50.5,1714,0
DGE,D,20221228,000000,51,51,48.85,50,1565,0
DGE,D,20221229,000000,49.9,50.5,49.15,50.5,311,0
DGE,D,20221230,000000,52.4,52.4,49.5,49.5,2906,0
DGE,D,20230102,000000,51,52.8,49,49.9,3271,0
DGE,D,20230103,000000,49,49.5,48,49.4,1321,0
DGE,D,20230104,000000,49.5,49.5,48.15,48.35,1379,0
DGE,D,20230105,000000,48.2,49,47,48,1073,0
DGE,D,20230109,000000,47.2,48,46.8,47.95,2211,0
DGE,D,20230110,000000,47.95,48,47.5,48,1254,0
DGE,D,20230111,000000,48,52.5,48,50.2,4815,0
DGE,D,20230112,000000,50.2,51,48.4,49.5,1110,0
DGE,D,20230113,000000,49.8,50,49.6,49.9,251,0
DGE,D,20230116,000000,49.5,49.8,48.5,49.1,910,0
DGE,D,20230117,000000,49,50.5,47.7,48.95,1442,0
DGE,D,20230118,000000,48.95,48.95,47.6,48.4,255,0
DGE,D,20230119,000000,48.6,49.6,47.8,47.8,891,0
DGE,D,20230120,000000,47.95,50.8,47.95,50.3,1280,0
DGE,D,20230123,000000,50.2,53.8,49.5,53.8,2627,0
DGE,D,20230124,000000,51,53.5,50,53.4,15642,0
DGE,D,20230125,000000,54,57.9,53.8,55.9,10437,0
DGE,D,20230126,000000,56,57,54.5,56.7,3643,0
DGE,D,20230127,000000,56.9,60.4,56,60,6621,0
DGE,D,20230130,000000,59.9,60,56.6,58,2606,0
DGE,D,20230131,000000,58.9,59.8,55.3,57.4,4255,0
DGE,D,20230201,000000,57,58.5,55.5,57.5,2089,0
DGE,D,20230202,000000,56.5,56.5,54,54.5,4229,0
DGE,D,20230203,000000,53.1,54.8,50.8,51.9,3440,0
DGE,D,20230206,000000,52,53.3,51,51.7,1957,0
DGE,D,20230207,000000,51.2,56.6,51.2,52.3,4060,0
DGE,D,20230208,000000,52.3,56.7,52.3,55.6,1903,0
DGE,D,20230209,000000,55.6,57.5,54,54,4608,0
DGE,D,20230210,000000,56,57.3,52.7,54.3,3012,0
DGE,D,20230213,000000,56.3,57.4,56,57.2,1678,0
DGE,D,20230214,000000,57.2,59.6,54.4,58.7,3318,0
DGE,D,20230215,000000,55,56.3,51,55.3,14125,0
DGE,D,20230216,000000,48,49,43,47.4,49807,0
DGE,D,20230217,000000,47.2,47.2,42.85,45.9,14415,0
DGE,D,20230220,000000,45.35,49.75,44.9,49.2,7643,0
DGE,D,20230221,000000,49.2,49.8,46.35,47.6,4441,0
DGE,D,20230222,000000,48.3,49.4,46,47,2287,0
DGE,D,20230223,000000,48.4,48.5,45.2,46.2,786,0
DGE,D,20230224,000000,46.3,46.6,45,45.3,1603,0
DGE,D,20230227,000000,45,47.4,44.2,47,8896,0
DGE,D,20230228,000000,46.7,47.2,45.7,46.7,438,0
DGE,D,20230301,000000,46.6,47.8,45.65,46.8,6311,0
DGE,D,20230302,000000,46.8,46.8,45.2,46.4,615,0
DGE,D,20230303,000000,45.5,47,45.5,45.95,1418,0
DGE,D,20230306,000000,45.95,45.95,43,44.15,4529,0
DGE,D,20230307,000000,44.1,45.4,43.8,44.5,2011,0
DGE,D,20230308,000000,45.4,45.4,44.2,45,593,0
DGE,D,20230309,000000,45,45.1,44.1,45.05,506,0
DGE,D,20230310,000000,45.05,45.05,43.7,43.7,4175,0
DGE,D,20230313,000000,43,44.4,40.75,42,2631,0
DGE,D,20230314,000000,42,42.2,41,42.2,1123,0
DGE,D,20230315,000000,42.2,43.5,41,42.2,2165,0
DGE,D,20230316,000000,42.3,44.5,41.8,44.5,1335,0
DGE,D,20230317,000000,44.4,44.4,42.6,44,120,0
DGE,D,20230320,000000,42.7,43.5,41.8,42.5,106,0
DGE,D,20230321,000000,42.1,43.8,40.9,42.5,7133,0
DGE,D,20230322,000000,42,42.3,41,42,394,0
DGE,D,20230323,000000,41.85,42,41.15,41.95,627,0
DGE,D,20230324,000000,42,42,41,41.7,520,0
DGE,D,20230327,000000,41.7,41.9,39.9,40,1727,0
DGE,D,20230328,000000,40.8,42.5,39.3,42.2,2403,0
DGE,D,20230329,000000,42.9,43.2,41.1,42.8,2071,0
DGE,D,20230330,000000,42.3,42.9,40.75,41.25,1074,0
DGE,D,20230331,000000,42,42.3,41,41.9,2395,0
DGE,D,20230403,000000,41.9,41.9,40.55,40.65,806,0
DGE,D,20230404,000000,40.65,41.6,40.5,40.5,540,0
DGE,D,20230405,000000,40.45,41.2,40.25,40.25,1468,0
DGE,D,20230406,000000,41,41.8,40.45,41.5,623,0
DGE,D,20230411,000000,41.4,41.4,40.35,41.2,931,0
DGE,D,20230412,000000,41.15,41.2,40.25,40.25,1628,0
DGE,D,20230413,000000,40.6,41.7,38.5,41.4,6882,0
DGE,D,20230414,000000,41.5,41.9,41,41.8,433,0
DGE,D,20230417,000000,42,42,40.6,40.6,1040,0
DGE,D,20230418,000000,41,43,40.6,42.95,644,0
DGE,D,20230419,000000,42.95,43.5,41.3,43,2558,0
DGE,D,20230420,000000,43.5,44.1,41.9,43.8,889,0
DGE,D,20230421,000000,43.9,44.3,42.9,42.9,926,0
DGE,D,20230424,000000,44.4,44.4,42.6,42.6,700,0
DGE,D,20230425,000000,42.6,44.3,42.2,44,3671,0
DGE,D,20230426,000000,44,44.3,42.6,44,2229,0
DGE,D,20230427,000000,45.5,46.4,44,45.9,4024,0
DGE,D,20230428,000000,45.1,45.6,44,44.1,723,0
DGE,D,20230502,000000,44.2,44.2,43,43,835,0
DGE,D,20230504,000000,44,44,43,43.7,244,0
DGE,D,20230505,000000,43.9,44.7,42.2,44.7,1400,0
DGE,D,20230508,000000,44.5,44.5,43.4,43.4,15,0
DGE,D,20230509,000000,43.2,44,43.2,44,162,0
DGE,D,20230510,000000,43,43.6,42.6,42.6,493,0
DGE,D,20230511,000000,42.6,43.6,41.5,41.5,1041,0
DGE,D,20230512,000000,42.7,42.8,41.3,42,555,0
DGE,D,20230515,000000,42.6,42.9,41.8,41.8,1025,0
DGE,D,20230516,000000,42.3,43,41.6,42.7,2830,0
DGE,D,20230517,000000,42.7,42.7,41.5,42.2,345,0
DGE,D,20230518,000000,41.8,42.3,41,42.1,819,0
DGE,D,20230519,000000,41.8,42.5,41.1,42.4,437,0
DGE,D,20230522,000000,42.4,42.8,41,41.8,1099,0
DGE,D,20230523,000000,41.7,42.1,40.5,41.4,777,0
DGE,D,20230524,000000,41.4,41.7,40.1,41.2,617,0
DGE,D,20230525,000000,41.3,41.3,40,40,1279,0
DGE,D,20230526,000000,39.7,40.9,39.7,40.9,106,0
DGE,D,20230529,000000,40.8,41.4,40,41.4,423,0
DGE,D,20230530,000000,41,42,41,42,204,0
DGE,D,20230531,000000,40.7,42,40.1,40.1,357,0
DGE,D,20230601,000000,40.1,41,39.2,39.2,1399,0
DGE,D,20230602,000000,40.4,40.4,38.9,39.2,1571,0
DGE,D,20230605,000000,39.2,40.5,38.3,40.5,2151,0
DGE,D,20230606,000000,40.6,40.6,39.6,39.6,371,0
DGE,D,20230607,000000,40.4,40.5,39.5,39.8,175,0
DGE,D,20230609,000000,39.8,41.4,39.4,41,2058,0
DGE,D,20230612,000000,40.2,41,39.6,39.8,1786,0
DGE,D,20230613,000000,39.7,40.3,39.3,40,356,0
DGE,D,20230614,000000,40,41,39.8,39.8,1428,0
DGE,D,20230615,000000,40,41.1,39.7,39.7,608,0
DGE,D,20230616,000000,39.6,40.4,39,39.3,1313,0
DGE,D,20230619,000000,40.4,40.4,38.1,39.2,1304,0
DGE,D,20230620,000000,39,40.1,38.6,40.1,1505,0
DGE,D,20230621,000000,38.9,41,38.9,41,1758,0
DGE,D,20230622,000000,42,42,40.9,41.5,2798,0
DGE,D,20230623,000000,40.6,41.3,39.3,41,826,0
DGE,D,20230626,000000,41,41,40.3,40.3,113,0
DGE,D,20230627,000000,40.9,41.3,40,40.6,838,0
DGE,D,20230628,000000,40.6,40.8,40,40.1,725,0
DGE,D,20230629,000000,40.6,40.7,40,40,356,0
DGE,D,20230630,000000,40,40.5,40,40.1,253,0
DGE,D,20230703,000000,40.2,40.5,40,40,861,0
DGE,D,20230704,000000,40,40,40,40,309,0
DGE,D,20230705,000000,40,40.5,39.6,39.6,797,0
DGE,D,20230706,000000,39.6,40,39.5,39.6,319,0
DGE,D,20230707,000000,39.6,39.8,37.5,39.1,976,0
DGE,D,20230710,000000,39.1,41.1,39.1,40.9,881,0
DGE,D,20230711,000000,40.9,42.7,40.9,42,2232,0
DGE,D,20230712,000000,42,44,42,43.7,393,0
DGE,D,20230713,000000,43.9,43.9,42.3,43.8,1777,0
DGE,D,20230714,000000,43.8,48.2,43.8,47,5190,0
DGE,D,20230717,000000,46.9,50,46.9,48.4,4521,0
DGE,D,20230718,000000,48.7,49,47.6,48.7,658,0
DGE,D,20230719,000000,48.1,48.8,47.5,48.4,705,0
DGE,D,20230720,000000,48.4,48.4,47.3,47.3,1643,0
DGE,D,20230721,000000,48.1,49.7,48,48.9,2918,0
DGE,D,20230724,000000,49,49,47.7,48.5,1596,0
DGE,D,20230725,000000,48.5,48.5,47.5,48.2,1286,0
DGE,D,20230726,000000,48.3,49,47.6,47.6,991,0
DGE,D,20230727,000000,47.9,48,47.1,47.2,470,0
DGE,D,20230728,000000,47.5,48.4,47.5,47.5,221,0
DGE,D,20230731,000000,48.3,51,48.2,50.6,2426,0
DGE,D,20230801,000000,51,54.6,51,52.6,6762,0
DGE,D,20230802,000000,52.8,54.8,51,52.2,3478,0
DGE,D,20230803,000000,52.4,53,50.2,50.2,2148,0
DGE,D,20230804,000000,49.5,51.6,49.5,51,159,0
DGE,D,20230807,000000,51.8,53.6,50.6,51.4,1444,0
DGE,D,20230808,000000,52,54,51.6,54,851,0
DGE,D,20230809,000000,55,56.8,52.6,52.6,2977,0
DGE,D,20230810,000000,52.8,57,52.8,54.4,2416,0
DGE,D,20230811,000000,54,56.2,52,56.2,2502,0
DGE,D,20230814,000000,56.8,57.6,54.6,55.6,2422,0
DGE,D,20230816,000000,55,55,49,52.6,4999,0
DGE,D,20230817,000000,52.4,52.4,50.6,51.8,1311,0
DGE,D,20230818,000000,51.8,54.6,51.8,54.6,3144,0
DGE,D,20230821,000000,54.4,54.4,51.8,52.8,316,0
DGE,D,20230822,000000,52,52,50.4,52,696,0
DGE,D,20230823,000000,52,53,50.6,53,1034,0
DGE,D,20230824,000000,50.6,50.8,50,50.8,1144,0
DGE,D,20230825,000000,50,51.4,49.6,49.6,374,0
DGE,D,20230828,000000,49.6,50.6,49.6,50.6,401,0
DGE,D,20230829,000000,50.2,50.8,50,50.8,85,0
DGE,D,20230830,000000,50.4,50.4,48.4,50,392,0
DGE,D,20230831,000000,50,50,44.2,46.1,3164,0
DGE,D,20230901,000000,45.7,45.7,44.1,45.4,1650,0
DGE,D,20230904,000000,45.4,45.5,44.3,45,391,0
DGE,D,20230905,000000,44.8,47.7,44.8,47.5,938,0
DGE,D,20230906,000000,47.4,47.4,46.2,46.2,629,0
DGE,D,20230907,000000,46.2,47.4,45.5,46.4,450,0
DGE,D,20230908,000000,45.7,47.2,45.6,47.2,447,0
DGE,D,20230911,000000,47.2,47.4,46,46.5,160,0
DGE,D,20230912,000000,46.5,47.2,45.6,46.6,252,0
DGE,D,20230913,000000,46.5,51.8,46.5,50.6,2634,0
DGE,D,20230914,000000,49,51,49,50,2496,0
DGE,D,20230915,000000,50.4,52,50.4,52,1602,0
DGE,D,20230918,000000,51.8,52.4,51,51.4,1528,0
DGE,D,20230919,000000,51.6,55,51.2,51.8,1563,0
DGE,D,20230920,000000,53.4,55,50.4,53.6,1813,0
DGE,D,20230921,000000,53.6,54.8,51,52.4,529,0
DGE,D,20230922,000000,52.4,52.8,51.4,52.4,253,0
DGE,D,20230925,000000,54.2,54.2,52.6,52.8,289,0
DGE,D,20230926,000000,52.6,54,51.6,51.6,651,0
DGE,D,20230927,000000,51.6,55,51.6,54.8,2674,0
DGE,D,20230928,000000,53.2,55,52.8,54.6,2428,0
DGE,D,20230929,000000,54.8,55,53,55,1464,0
DGE,D,20231002,000000,55,55,53.2,54.6,429,0
DGE,D,20231003,000000,53.8,54.2,53.8,54.2,175,0
DGE,D,20231004,000000,54.6,54.6,53,53.2,380,0
DGE,D,20231005,000000,53.4,55.8,53.4,55.8,2344,0
DGE,D,20231006,000000,55.6,57,53,55.6,1383,0
DGE,D,20231009,000000,55.8,58.8,55.8,57,1620,0
DGE,D,20231010,000000,58,58,54.8,56,919,0
DGE,D,20231011,000000,56,57,55.6,55.6,1384,0
DGE,D,20231012,000000,57,57,53.4,53.4,1502,0
DGE,D,20231013,000000,54.8,56,54.6,54.8,284,0
DGE,D,20231016,000000,54.4,57.8,52,57,4204,0
DGE,D,20231017,000000,56.8,57,54.2,56.6,282,0
DGE,D,20231018,000000,56.2,57,51,55.4,318,0
DGE,D,20231019,000000,54,54,52.4,54,69,0
DGE,D,20231020,000000,52.8,53.2,52.4,53.2,441,0
DGE,D,20231023,000000,53.2,54.8,48.6,48.6,1329,0
DGE,D,20231024,000000,49.1,51.8,49,49,485,0
DGE,D,20231025,000000,53,55,52,54.2,944,0
DGE,D,20231026,000000,54.6,55,52,52,534,0
DGE,D,20231027,000000,54.4,54.6,52,52,88,0
DGE,D,20231030,000000,52,57,52,57,3530,0
DGE,D,20231031,000000,57,59.8,56,59.4,3733,0
DGE,D,20231102,000000,60,62.6,57.2,59,4431,0
DGE,D,20231103,000000,59.8,60.4,56,57,4039,0
DGE,D,20231106,000000,57.4,62.8,57.2,61,20682,0
DGE,D,20231107,000000,62.6,62.6,57,58.8,2547,0
DGE,D,20231108,000000,58.8,58.8,56,56.4,1843,0
DGE,D,20231109,000000,56.6,57.8,55.4,55.6,1351,0
DGE,D,20231110,000000,57.2,58.6,55.6,56.8,1662,0
DGE,D,20231113,000000,56.8,60.8,56.8,57,1812,0
DGE,D,20231114,000000,56.2,58.6,55.6,58.2,371,0
DGE,D,20231115,000000,57.8,59.2,57,57.6,680,0
DGE,D,20231116,000000,57.6,58,53,53.8,6299,0
DGE,D,20231117,000000,54.8,56,54,55.6,919,0
DGE,D,20231120,000000,53.6,55.4,53.6,55,1004,0
DGE,D,20231121,000000,55,55.4,53.6,53.6,551,0
DGE,D,20231122,000000,53.6,54.8,52.8,54,521,0
DGE,D,20231123,000000,54,57,51,51.6,542,0
DGE,D,20231124,000000,53.8,54,51.8,51.8,650,0
DGE,D,20231127,000000,53.2,53.4,51.2,53,973,0
DGE,D,20231128,000000,53,55,50.6,54.4,561,0
DGE,D,20231129,000000,52.2,54.8,52,52,575,0
DGE,D,20231130,000000,52,54.4,52,53.8,330,0
DGE,D,20231201,000000,53.2,54.6,53.2,53.2,759,0
DGE,D,20231204,000000,57.6,57.6,52,52,1165,0
DGE,D,20231205,000000,54.2,54.4,52.6,53,571,0
DGE,D,20231206,000000,54,54.2,51.6,52,2263,0
DGE,D,20231207,000000,52,53.4,52,53.4,349,0
DGE,D,20231208,000000,54.2,56,53.8,54.8,1595,0
DGE,D,20231211,000000,54,55.8,53.4,55.4,793,0
DGE,D,20231212,000000,55.4,55.4,53.2,54.8,552,0
DGE,D,20231213,000000,53.2,54.8,53,53.6,769,0
DGE,D,20231214,000000,53.6,55.8,53.6,55.8,1272,0
DGE,D,20231215,000000,55.6,56,54,56,1646,0
DGE,D,20231218,000000,56,56,53.2,53.2,1102,0
DGE,D,20231219,000000,55.6,56.2,55,55.6,3381,0
DGE,D,20231220,000000,55.6,58,54.2,57,2334,0
DGE,D,20231221,000000,57.8,57.8,55.2,57.4,312,0
DGE,D,20231222,000000,55.8,57.4,54,57.2,2600,0
DGE,D,20231227,000000,57,57.2,54,54,5243,0
DGE,D,20231228,000000,55.4,56.4,54.2,56.2,582,0
DGE,D,20231229,000000,54.6,58,54.6,58,754,0
DGE,D,20240102,000000,60,61.8,58,58.8,1660,0
DGE,D,20240103,000000,58,58.8,57,58,245,0
DGE,D,20240104,000000,57.8,58,56.8,58,1185,0
DGE,D,20240105,000000,55.2,60,55.2,60,1445,0
DGE,D,20240108,000000,58,60,57.8,57.8,814,0
DGE,D,20240109,000000,59.8,59.8,57.8,58.8,739,0
DGE,D,20240110,000000,58.2,58.2,57.8,58.2,554,0
DGE,D,20240111,000000,58.4,59,56.2,56.2,766,0
DGE,D,20240112,000000,58.4,58.4,57,58.4,539,0
DGE,D,20240115,000000,58.4,58.4,57.8,58.2,262,0
DGE,D,20240116,000000,58.2,58.2,55.4,56.4,1455,0
DGE,D,20240117,000000,57,58.2,55.4,56.8,1286,0
DGE,D,20240118,000000,58.2,58.4,55.8,56.2,716,0
DGE,D,20240119,000000,56,56,53.6,53.6,1057,0
DGE,D,20240122,000000,53.6,55.4,52.6,52.6,553,0
DGE,D,20240123,000000,52.6,55.4,52.6,55,1539,0
DGE,D,20240124,000000,56.8,57.6,55,57.4,820,0
DGE,D,20240125,000000,57.4,58.2,55.6,55.6,1012,0
DGE,D,20240126,000000,57,57.2,55,56,965,0
DGE,D,20240129,000000,56,58.6,56,58.6,1030,0
DGE,D,20240130,000000,52.8,53.6,47.6,51.2,17315,0
DGE,D,20240131,000000,50,51.6,46.4,46.4,8263,0
DGE,D,20240201,000000,45.5,47.9,44.4,46,6149,0
DGE,D,20240202,000000,47,51.6,45,51.6,3035,0
DGE,D,20240205,000000,53.2,55,50.6,51,6272,0
DGE,D,20240206,000000,53,55.8,52.2,55.6,3593,0
DGE,D,20240207,000000,55.8,55.8,52.6,53,1425,0
DGE,D,20240208,000000,54.4,54.4,52,52,1117,0
DGE,D,20240209,000000,53.4,53.4,50.6,50.6,894,0
DGE,D,20240212,000000,50.8,52.2,50,50.8,1257,0
DGE,D,20240213,000000,50,52,48.2,48.2,1229,0
DGE,D,20240214,000000,50.6,53,48.9,50.6,3890,0
DGE,D,20240215,000000,49.2,51.8,48.5,51.2,1293,0
DGE,D,20240216,000000,51.2,51.4,49,50.8,1865,0
DGE,D,20240219,000000,50.8,50.8,48,48,682,0
DGE,D,20240220,000000,48,50,48,48.1,443,0
DGE,D,20240221,000000,50.4,50.4,48.1,50,193,0
DGE,D,20240222,000000,50.4,50.4,48.2,48.3,1739,0
DGE,D,20240223,000000,48.3,51,47.6,51,4126,0
DGE,D,20240226,000000,48.1,50.8,47.4,48.1,513,0
DGE,D,20240227,000000,48.1,49.4,47.7,48.3,625,0
DGE,D,20240228,000000,49.9,50.4,49,49,900,0
DGE,D,20240229,000000,49.4,51.8,49.2,50.6,3365,0
DGE,D,20240301,000000,49.5,50.6,48.5,50,2595,0
DGE,D,20240304,000000,48.5,49.8,46.9,47.9,2449,0
DGE,D,20240305,000000,47.3,47.3,45.5,46.2,686,0
DGE,D,20240306,000000,46,46,41.6,41.9,4776,0
DGE,D,20240307,000000,35.1,36.5,30.7,30.7,41965,0
DGE,D,20240308,000000,30.5,31.9,27.1,27.1,20232,0
DGE,D,20240311,000000,28.3,28.8,26.8,27,8320,0
DGE,D,20240312,000000,27.8,28,27,28,1529,0
DGE,D,20240313,000000,28,29.5,28,28.9,2080,0
DGE,D,20240314,000000,29.4,29.6,28.7,29.1,2506,0
DGE,D,20240315,000000,29.6,29.6,27.5,28.5,1571,0
DGE,D,20240318,000000,28.3,28.5,28,28.4,895,0
DGE,D,20240319,000000,28.5,28.6,28,28.3,387,0
DGE,D,20240320,000000,28.9,29.3,28.3,29.3,502,0
DGE,D,20240321,000000,29.4,29.7,28.7,29.7,1007,0
DGE,D,20240322,000000,28.7,29.3,28.2,28.2,480,0
DGE,D,20240325,000000,28.2,28.2,25.4,25.8,8920,0
DGE,D,20240326,000000,25.7,25.8,23.8,24,8918,0
DGE,D,20240327,000000,24,24.8,23.8,24.3,1433,0
DGE,D,20240328,000000,24.8,25.1,24.2,24.2,2031,0
DGE,D,20240402,000000,24.8,25.1,24,24.7,4472,0
DGE,D,20240403,000000,24.3,24.9,23,23.7,4375,0
DGE,D,20240404,000000,24.2,25.5,23.7,24.8,1582,0
DGE,D,20240405,000000,25.3,25.4,24.9,25.3,352,0
DGE,D,20240408,000000,25.3,26.8,24.9,26.7,1475,0
DGE,D,20240409,000000,25.4,26.4,25.2,26.4,203,0
DGE,D,20240410,000000,26,26,25,25.8,1063,0
DGE,D,20240411,000000,25.8,25.8,24.6,24.6,1284,0
DGE,D,20240412,000000,25.3,25.3,23.9,23.9,2544,0
DGE,D,20240415,000000,24.4,24.6,24,24.1,1592,0
DGE,D,20240416,000000,24,24.5,21.8,23.7,1244,0
DGE,D,20240417,000000,23.7,23.7,23,23.7,826,0
DGE,D,20240418,000000,23.2,23.7,23.2,23.7,236,0
DGE,D,20240419,000000,23.5,23.9,23.2,23.9,849,0
DGE,D,20240422,000000,24,28.4,24,27.1,17875,0
DGE,D,20240423,000000,27.2,27.9,26.7,27.5,4017,0
DGE,D,20240424,000000,27.5,27.7,26,27.2,2604,0
DGE,D,20240425,000000,26,26.6,25,25.1,2403,0
DGE,D,20240426,000000,25,25.8,24.4,25.5,454,0
DGE,D,20240429,000000,25.8,25.9,24.1,24.2,1363,0
DGE,D,20240430,000000,24.9,25.2,24.3,24.8,808,0
DGE,D,20240502,000000,24.8,24.9,24,24.6,3451,0
DGE,D,20240506,000000,25,26.4,24.1,25.4,2050,0
DGE,D,20240507,000000,25,25,24.4,24.9,574,0
DGE,D,20240508,000000,24.9,25,22.6,23.7,3165,0
DGE,D,20240509,000000,24,24.5,21.7,22.6,5465,0
DGE,D,20240510,000000,23.3,23.5,22.2,22.9,2230,0
DGE,D,20240513,000000,22.5,23.1,22.5,22.6,1252,0
DGE,D,20240514,000000,22.4,23.5,22.2,23.4,1352,0
DGE,D,20240515,000000,23.4,23.4,22.7,23.2,72,0
DGE,D,20240516,000000,22.7,23.2,22.2,22.3,557,0
DGE,D,20240517,000000,22.9,23.3,22.2,22.8,1640,0
DGE,D,20240520,000000,22.8,24.2,22.3,23.5,2863,0
DGE,D,20240521,000000,24.2,25,23.6,24,4606,0
DGE,D,20240522,000000,24.7,25,23.5,24.2,2308,0
DGE,D,20240523,000000,24.9,25,24.2,24.5,4677,0
DGE,D,20240524,000000,24,26.4,24,26.2,1105,0
DGE,D,20240527,000000,26.4,26.4,24.5,24.6,4065,0
DGE,D,20240528,000000,24.7,25.1,24.7,25,156,0
DGE,D,20240529,000000,24.8,25,24,25,843,0
DGE,D,20240531,000000,24.4,25.4,24.4,25.3,1156,0
DGE,D,20240603,000000,25.1,25.3,24.2,24.2,1149,0
DGE,D,20240604,000000,24.3,24.9,24.2,24.2,342,0
DGE,D,20240605,000000,24.7,24.7,24,24,391,0
DGE,D,20240606,000000,24,24.4,24,24.4,373,0
DGE,D,20240607,000000,24.4,24.4,23.8,24.4,103,0
DGE,D,20240610,000000,24,24.5,23.4,23.4,2054,0
DGE,D,20240611,000000,24.4,24.4,22,22.3,3185,0
DGE,D,20240612,000000,22.5,23,22,22.8,1317,0
DGE,D,20240613,000000,22.9,23.5,22.9,23.5,268,0
DGE,D,20240614,000000,23.4,23.8,22.9,23.4,1375,0
DGE,D,20240617,000000,23.4,24.1,22.9,23,2372,0
DGE,D,20240618,000000,23.9,24.1,22.7,23.8,47,0
DGE,D,20240619,000000,23.8,24.7,23.8,24.7,1282,0
DGE,D,20240620,000000,24.4,25.2,23.4,23.4,270,0
DGE,D,20240621,000000,23.4,24.4,22.2,23.1,1268,0
DGE,D,20240624,000000,23,23.7,22.2,23.7,1149,0
DGE,D,20240625,000000,23.7,23.7,22.4,23.3,421,0
DGE,D,20240626,000000,23.3,24.4,23.1,23.9,510,0
DGE,D,20240627,000000,23,23.8,23,23.8,194,0
DGE,D,20240628,000000,23.8,24,22.9,23.9,363,0
DGE,D,20240701,000000,23.9,24.4,23,24.1,66,0
DGE,D,20240702,000000,24,24.1,22.9,23.9,1323,0
DGE,D,20240703,000000,23,23.6,22.8,23.5,451,0
DGE,D,20240704,000000,23.5,24.2,23,24,587,0
DGE,D,20240705,000000,23.2,24.2,23.2,24.2,19,0
DGE,D,20240708,000000,24.2,24.2,23.3,24.2,190,0
DGE,D,20240709,000000,23.5,24.2,23.4,24.2,359,0
DGE,D,20240710,000000,23.6,23.7,23,23.7,571,0
DGE,D,20240711,000000,24.1,25.4,22.8,23.5,5536,0
DGE,D,20240712,000000,24,25.4,23.5,24.9,3054,0
DGE,D,20240715,000000,24.1,24.5,23,24.4,1856,0
DGE,D,20240716,000000,24.5,24.5,23.5,24.3,45,0
DGE,D,20240717,000000,23.8,24.5,23.5,24.5,542,0
DGE,D,20240718,000000,23.8,23.9,23,23.5,1067,0
DGE,D,20240719,000000,23.4,23.4,22,23,2116,0
DGE,D,20240722,000000,23,23,21,21.6,4004,0
DGE,D,20240723,000000,21.7,22.6,21.7,22.5,889,0
DGE,D,20240724,000000,22.6,23.4,21.8,21.8,2413,0
DGE,D,20240725,000000,22.8,22.8,21.4,22.1,942,0
DGE,D,20240726,000000,22.6,22.6,20.4,21.3,3067,0
DGE,D,20240729,000000,21.4,22,21.1,22,419,0
DGE,D,20240730,000000,21.3,21.5,20.6,21,859,0
DGE,D,20240731,000000,21.5,21.5,20.3,21,2316,0
DGE,D,20240801,000000,21,21.7,21,21.7,239,0
DGE,D,20240802,000000,21.5,21.5,21,21.2,105,0
DGE,D,20240805,000000,20.5,21.8,20.1,20.9,919,0
DGE,D,20240806,000000,21,21.8,21,21.8,419,0
DGE,D,20240807,000000,21.8,22.6,21.3,22.6,809,0
DGE,D,20240808,000000,22.6,22.7,22.6,22.7,124,0
DGE,D,20240809,000000,22.7,22.9,22.7,22.9,368,0
DGE,D,20240812,000000,22.5,22.5,21.2,22.2,1285,0
DGE,D,20240813,000000,22.2,22.2,22.2,22.2,58,0
DGE,D,20240814,000000,22.3,22.3,21.3,21.9,115,0
DGE,D,20240816,000000,21.9,22,21.2,22,324,0
DGE,D,20240819,000000,22,22.1,20.9,21.4,834,0
DGE,D,20240820,000000,21,21.2,20.7,21,623,0
DGE,D,20240821,000000,21.3,21.7,21.3,21.5,104,0
DGE,D,20240822,000000,20.8,21.4,20.7,21.2,343,0
DGE,D,20240823,000000,21.2,21.2,20.8,21,352,0
DGE,D,20240826,000000,21,21,20.6,21,232,0
DGE,D,20240827,000000,20.5,21.2,20.3,21.2,128,0
DGE,D,20240828,000000,21.2,21.5,21.2,21.5,352,0
DGE,D,20240829,000000,21.5,21.8,21.5,21.8,163,0
DGE,D,20240830,000000,21.8,22.5,21,22.5,305,0
DGE,D,20240902,000000,22.3,22.3,21.1,21.9,450,0
DGE,D,20240903,000000,21.9,21.9,21.1,21.9,63,0
DGE,D,20240904,000000,21.8,21.9,21,21.7,305,0
DGE,D,20240905,000000,21.7,21.9,21.5,21.5,108,0
DGE,D,20240906,000000,21.5,21.9,21.1,21.8,165,0
DGE,D,20240909,000000,21.8,21.9,21.1,21.8,335,0
DGE,D,20240910,000000,21.4,21.8,21.4,21.8,317,0
DGE,D,20240911,000000,21.4,21.4,21,21.4,253,0
DGE,D,20240912,000000,21.4,22.4,21.4,22.3,852,0
DGE,D,20240913,000000,21.4,22.2,21.4,22.2,210,0
DGE,D,20240916,000000,21.3,22.4,21.3,22.4,231,0
DGE,D,20240917,000000,21.5,22.3,21.4,22.3,99,0
DGE,D,20240918,000000,21.4,22.3,21.4,22.3,152,0
DGE,D,20240919,000000,21.4,22.2,21.3,21.8,199,0
DGE,D,20240920,000000,21.8,22.3,21.8,22.3,597,0
DGE,D,20240923,000000,21.4,22.1,21,22.1,693,0
DGE,D,20240924,000000,21.3,22,21,21.9,276,0
DGE,D,20240925,000000,21.1,21.7,19.5,20.8,1729,0
DGE,D,20240926,000000,20.1,21.3,19.8,20.8,1006,0
DGE,D,20240927,000000,20.8,21.2,20,21.2,326,0
DGE,D,20240930,000000,20.3,21.2,20.1,21.2,102,0
DGE,D,20241001,000000,21.2,22.6,20.4,22.4,3051,0
DGE,D,20241002,000000,21.9,22.1,21.2,21.7,1108,0
DGE,D,20241003,000000,21.9,21.9,20.5,20.9,2128,0
DGE,D,20241004,000000,21.9,21.9,21.8,21.8,112,0
DGE,D,20241007,000000,21,22.8,20.9,21.3,1889,0
DGE,D,20241008,000000,21.3,22.5,20.2,22.3,2095,0
DGE,D,20241009,000000,21.9,22.2,21.2,22.2,213,0
DGE,D,20241010,000000,22.2,22.2,22.2,22.2,50,0
DGE,D,20241011,000000,21.3,21.9,21.1,21.9,206,0
DGE,D,20241014,000000,21.9,22,21.1,21.1,462,0
DGE,D,20241015,000000,21.7,21.9,21,21.8,395,0
DGE,D,20241016,000000,21.9,22,20.8,21.6,1831,0
DGE,D,20241017,000000,21,21.8,21,21.8,19,0
DGE,D,20241018,000000,21.1,21.6,21,21.6,2004,0
DGE,D,20241021,000000,21.5,21.5,21,21.4,712,0
DGE,D,20241022,000000,21,21.4,20.6,20.8,1829,0
DGE,D,20241023,000000,20.6,21.2,20.3,21.2,180,0
DGE,D,20241024,000000,20.9,20.9,20.5,20.9,1627,0
DGE,D,20241025,000000,20.9,20.9,20.1,20.3,2667,0
DGE,D,20241028,000000,20.5,20.8,20,20,1061,0
DGE,D,20241029,000000,20.3,20.5,19.65,19.65,974,0
DGE,D,20241030,000000,19.7,20.7,19.6,20.4,3731,0
DGE,D,20241031,000000,20,20.4,19.5,20.4,2770,0
DGE,D,20241104,000000,20.1,20.8,20.1,20.8,1155,0
DGE,D,20241105,000000,20.8,20.9,20.6,20.9,427,0
DGE,D,20241106,000000,20.9,21,20.9,20.9,356,0
DGE,D,20241107,000000,21.3,21.4,20.6,21.3,911,0
DGE,D,20241108,000000,21.3,21.8,21.3,21.8,482,0
DGE,D,20241112,000000,21.5,22.1,21.5,22,902,0
DGE,D,20241113,000000,22.1,22.2,22,22.2,201,0
DGE,D,20241114,000000,22.2,22.2,21.5,22,1803,0
DGE,D,20241115,000000,21.9,22.1,21.9,22.1,25,0
DGE,D,20241118,000000,22,22,21,21.9,487,0
DGE,D,20241119,000000,21.8,21.9,21.4,21.9,352,0
DGE,D,20241120,000000,21.2,21.9,21.2,21.9,216,0
DGE,D,20241121,000000,21.2,21.9,21,21.9,153,0
DGE,D,20241122,000000,21.1,21.1,20.1,20.6,539,0
DGE,D,20241125,000000,20.6,21.8,20.6,21.7,900,0
DGE,D,20241126,000000,21.9,21.9,21.2,21.3,131,0
DGE,D,20241127,000000,21.3,21.9,21,21,688,0
DGE,D,20241128,000000,21,21.6,21,21.6,295,0
DGE,D,20241129,000000,21.6,22.1,21.6,22.1,721,0
DGE,D,20241202,000000,21,21.4,20.2,20.4,1868,0
DGE,D,20241203,000000,21.1,21.1,20.1,20.2,1020,0
DGE,D,20241204,000000,20.1,20.8,20,20.7,571,0
DGE,D,20241205,000000,20.2,21.8,20.2,21.1,855,0
DGE,D,20241209,000000,20.9,20.9,20.3,20.9,545,0
DGE,D,20241210,000000,20.4,20.9,20,20.7,842,0
DGE,D,20241211,000000,20.3,20.8,19.9,20.5,12746,0
DGE,D,20241212,000000,20.5,20.5,19.5,20.3,1756,0
DGE,D,20241213,000000,19.65,20.6,19.65,20.6,462,0
DGE,D,20241216,000000,20.7,20.7,19.8,20.7,1432,0
DGE,D,20241217,000000,20,20.2,20,20.2,572,0
DGE,D,20241218,000000,20.4,20.5,18.4,19.7,2031,0
DGE,D,20241219,000000,20,20,19.3,19.9,109,0
DGE,D,20241220,000000,19.3,19.65,18,18.7,2590,0
DGE,D,20241223,000000,18.7,19.6,18,18.8,2158,0
DGE,D,20241227,000000,17.75,19.5,17.5,19.25,2414,0
DGE,D,20241230,000000,18.5,19.15,18.5,19.15,642,0
DGE,D,20250102,000000,19.4,19.4,18.55,19.15,816,0
DGE,D,20250103,000000,19.25,19.3,19.2,19.3,33,0
DGE,D,20250107,000000,19.3,19.9,19.15,19.8,1565,0
DGE,D,20250108,000000,19.5,20.8,19.5,20.8,186,0
DGE,D,20250109,000000,20.6,20.6,20.6,20.6,100,0
DGE,D,20250110,000000,20.5,20.5,19.6,19.6,57,0
DGE,D,20250113,000000,20.4,20.4,19.65,20,29,0
DGE,D,20250114,000000,20,20.1,20,20.1,127,0
DGE,D,20250115,000000,19.65,20.7,19.6,20.7,1353,0
DGE,D,20250116,000000,20.1,20.5,19.4,20.1,463,0
DGE,D,20250117,000000,20,21,20,21,1230,0
DGE,D,20250120,000000,21,21.2,19.75,20.9,216,0
DGE,D,20250121,000000,20,21,20,21,370,0
DGE,D,20250122,000000,20,21.4,19.55,21.3,1034,0
DGE,D,20250123,000000,21.3,21.4,21,21.4,51,0
DGE,D,20250124,000000,21.3,21.5,20.7,21.5,430,0
DGE,D,20250127,000000,20.9,21.4,20.8,20.9,162,0
DGE,D,20250128,000000,20.9,21.4,20.9,21.4,97,0
DGE,D,20250129,000000,20.9,21,20.6,21,932,0
DGE,D,20250130,000000,20.6,21,20.5,20.9,4628,0
DGE,D,20250131,000000,20.5,20.9,20.4,20.8,285,0
DGE,D,20250203,000000,20.8,21.3,20,20.9,1221,0
DGE,D,20250204,000000,20.5,21,20.5,20.9,284,0
DGE,D,20250205,000000,20.5,20.9,19.85,20.9,92,0
DGE,D,20250206,000000,20.9,22.6,20.9,21.7,772,0
DGE,D,20250207,000000,21.4,22.3,21,22.3,1198,0
DGE,D,20250210,000000,22.3,23.5,21.5,23.5,4239,0
DGE,D,20250211,000000,23.5,23.6,22.4,23.5,338,0
DGE,D,20250212,000000,23.3,24.7,21.9,22.7,1239,0
DGE,D,20250213,000000,22,22.8,22,22.7,477,0
DGE,D,20250214,000000,22.8,22.8,22.8,22.8,1,0
DGE,D,20250217,000000,22.4,22.7,22.4,22.7,63,0
DGE,D,20250218,000000,22.7,22.7,22,22.4,726,0
DGE,D,20250219,000000,22.4,22.4,21.1,22,1630,0
DGE,D,20250220,000000,22.3,22.7,22,22.5,305,0
DGE,D,20250221,000000,22,22.4,22,22,922,0
DGE,D,20250224,000000,22.1,22.1,21.9,21.9,493,0
DGE,D,20250225,000000,22,22,21.5,22,405,0
DGE,D,20250226,000000,22,22.4,22,22.2,697,0
DGE,D,20250227,000000,22.1,22.1,21.5,22,1070,0
DGE,D,20250228,000000,22.2,23.4,22.2,23,832,0
DGE,D,20250303,000000,22.1,23,22,23,1063,0
DGE,D,20250304,000000,23,23,21.5,22.7,197,0
DGE,D,20250305,000000,22.3,22.8,22.3,22.8,520,0
DGE,D,20250306,000000,23,23,22,22.9,737,0
DGE,D,20250307,000000,22.8,23,22.8,22.9,321,0
DGE,D,20250310,000000,22.9,23.3,22,23,698,0
DGE,D,20250311,000000,22.9,23,22.2,23,171,0
DGE,D,20250312,000000,23,23,22.2,23,224,0
DGE,D,20250313,000000,22.9,23,21.8,22.9,444,0
DGE,D,20250314,000000,21.9,22.9,21.9,22.9,165,0
DGE,D,20250317,000000,22.1,22.9,21.9,22.9,40,0
DGE,D,20250318,000000,22.8,22.9,22.4,22.9,266,0
DGE,D,20250319,000000,23,23,23,23,141,0
DGE,D,20250320,000000,22.5,25,22.5,23.2,5270,0
DGE,D,20250321,000000,24,25,23.2,23.5,975,0
DGE,D,20250324,000000,23.3,23.5,23.2,23.2,310,0
DGE,D,20250325,000000,23.2,23.5,22.6,23.5,820,0
DGE,D,20250326,000000,22.7,23.2,22.6,23.2,600,0
DGE,D,20250327,000000,22.7,23.1,22.5,22.9,424,0
DGE,D,20250328,000000,22.9,23,22.6,22.6,337,0
DGE,D,20250331,000000,22.6,23.2,22.6,23.2,295,0
DGE,D,20250401,000000,23.2,23.2,22.6,23.2,95,0
DGE,D,20250402,000000,23.2,23.2,22.5,23.1,472,0
DGE,D,20250403,000000,22.6,22.9,22.6,22.9,105,0
DGE,D,20250404,000000,22.5,22.5,22.2,22.3,1344,0
DGE,D,20250407,000000,22,22.6,20.1,20.8,5040,0
DGE,D,20250408,000000,20.4,20.5,19.1,20.5,1053,0
DGE,D,20250409,000000,20,21.1,19.7,20.9,624,0
DGE,D,20250410,000000,20.9,22,20.5,22,1185,0
DGE,D,20250411,000000,22,22.1,22,22.1,222,0
DGE,D,20250414,000000,22.1,22.7,20.8,20.8,338,0
DGE,D,20250415,000000,20.8,22.7,20.8,22.6,401,0
DGE,D,20250416,000000,21.5,21.9,20.9,21.9,246,0
DGE,D,20250417,000000,21.1,21.6,21,21.6,440,0
DGE,D,20250422,000000,22.2,22.5,21,21.8,310,0
DGE,D,20250423,000000,21.1,21.7,20.9,21.7,293,0
DGE,D,20250424,000000,21.6,21.6,21,21.5,115,0
DGE,D,20250425,000000,21.5,22.5,21.5,22.5,214,0
DGE,D,20250428,000000,22.4,22.5,21,22.5,679,0
DGE,D,20250429,000000,21.5,22.7,21.5,22,287,0
DGE,D,20250430,000000,22,22,22,22,98,0
DGE,D,20250502,000000,22.4,22.7,21.6,22.7,943,0
DGE,D,20250505,000000,22.4,22.4,21.1,22,513,0
DGE,D,20250506,000000,22,22.8,22,22.8,722,0
DGE,D,20250507,000000,22.2,22.8,21.8,22.8,534,0
DGE,D,20250508,000000,22.8,22.8,22.3,22.8,575,0
DGE,D,20250509,000000,22.8,22.8,22.3,22.8,91,0
DGE,D,20250512,000000,22.9,22.9,21.3,22,2101,0
DGE,D,20250513,000000,21.7,22.1,21.4,22.1,151,0
DGE,D,20250514,000000,21.4,21.9,21.4,21.9,126,0
DGE,D,20250515,000000,21.4,21.6,21,21.5,486,0
DGE,D,20250516,000000,21.6,21.6,21.1,21.5,189,0
DGE,D,20250519,000000,21.5,21.5,21.1,21.5,265,0
DGE,D,20250520,000000,21.5,21.5,20.9,21.3,158,0
DGE,D,20250521,000000,21.3,22.7,21.3,22.7,1710,0
DGE,D,20250522,000000,22.5,24.7,22,24.6,3054,0
DGE,D,20250523,000000,24.1,25.3,22.6,24.7,1876,0
DGE,D,20250526,000000,24.7,25,23.3,25,791,0
DGE,D,20250527,000000,25,25,23.5,24.9,361,0
DGE,D,20250528,000000,23.9,24.9,23.9,24.9,3,0
DGE,D,20250529,000000,23.5,24.4,23.5,24.4,128,0
DGE,D,20250530,000000,23.4,24.4,22.8,24.4,354,0
DGE,D,20250602,000000,22.9,23.1,22.6,23,389,0
DGE,D,20250603,000000,22.5,23,22.4,23,129,0
DGE,D,20250604,000000,22.5,23.1,21.7,23.1,459,0
DGE,D,20250605,000000,22.9,23,22.9,23,172,0
DGE,D,20250606,000000,22.9,23,21.7,23,243,0
DGE,D,20250609,000000,23,23,21.9,22.4,315,0
DGE,D,20250610,000000,22.4,22.7,22.4,22.7,178,0
DGE,D,20250611,000000,22.7,22.7,22.2,22.7,154,0
DGE,D,20250612,000000,22.7,22.7,21.9,21.9,128,0
DGE,D,20250613,000000,21.9,22.7,21.8,22,542,0
DGE,D,20250616,000000,21.9,22,21.5,21.5,474,0
DGE,D,20250617,000000,21.4,22.2,21.4,22.2,8,0
DGE,D,20250618,000000,21.9,22.5,21.9,22.5,285,0
DGE,D,20250620,000000,22.2,22.2,21.1,22,227,0
DGE,D,20250623,000000,21.6,22.2,21.6,22.2,212,0
DGE,D,20250624,000000,22.2,22.2,22.2,22.2,49,0
DGE,D,20250626,000000,22.2,22.2,22.2,22.2,11,0
DGE,D,20250627,000000,22.2,22.2,22.2,22.2,17,0
DGE,D,20250630,000000,21.8,21.9,21.8,21.9,397,0
DGE,D,20250701,000000,21.7,21.8,21,21.8,432,0
DGE,D,20250702,000000,21.3,21.5,21.3,21.5,11,0
DGE,D,20250703,000000,21.6,21.8,21.6,21.8,203,0
DGE,D,20250704,000000,21.8,21.9,21.3,21.9,161,0
DGE,D,20250707,000000,21.6,21.7,21.4,21.7,112,0
DGE,D,20250709,000000,21.3,21.4,21.3,21.4,4,0
DGE,D,20250710,000000,21.3,21.6,21.3,21.6,79,0
DGE,D,20250711,000000,21.4,22.3,21.4,22.3,135,0
DGE,D,20250715,000000,22.3,22.3,21.4,22.2,69,0
DGE,D,20250716,000000,21.8,21.9,21.8,21.9,170,0
DGE,D,20250717,000000,21.4,21.8,21.3,21.8,293,0
DGE,D,20250718,000000,21.3,22.4,21.3,22.4,323,0
DGE,D,20250721,000000,21.9,22,21.5,22,31,0
DGE,D,20250722,000000,21.5,22,21.4,22,527,0
DGE,D,20250723,000000,21.5,22,21,22,54,0
DGE,D,20250725,000000,21.4,21.9,21.2,21.9,508,0
DGE,D,20250728,000000,21.1,21.7,21,21.7,174,0
DGE,D,20250729,000000,21,21,20.1,21,534,0
DGE,D,20250730,000000,20.4,22.4,20.4,22,1507,0
DGE,D,20250731,000000,22,22,21,22,293,0
DGE,D,20250801,000000,21.7,21.7,20.4,21.3,647,0
DGE,D,20250804,000000,20.5,21.5,20.5,21.3,275,0
DGE,D,20250805,000000,21.2,21.2,20.4,21.1,488,0
DGE,D,20250806,000000,20.5,21,20.5,21,167,0
DGE,D,20250807,000000,20.5,21,19.7,20.7,1680,0
DGE,D,20250808,000000,20.7,20.8,20,20.8,250,0
DGE,D,20250811,000000,20.2,20.7,20,20.7,113,0
DGE,D,20250812,000000,20.7,20.7,20,20.6,590,0
DGE,D,20250813,000000,20.1,20.6,19.95,19.95,666,0
DGE,D,20250814,000000,20,20,19.7,19.9,822,0
DGE,D,20250818,000000,20,20.7,20,20.7,934,0
DGE,D,20250819,000000,20.1,20.6,20,20.6,659,0
DGE,D,20250821,000000,20,20,19.55,20,310,0
DGE,D,20250822,000000,20,20,20,20,25,0
DGE,D,20250825,000000,20,20,19.55,20,689,0
DGE,D,20250826,000000,19.8,20.1,19.55,20.1,95,0
DGE,D,20250827,000000,19.6,20.6,19.45,20.5,412,0
DGE,D,20250828,000000,20.1,20.1,19.5,19.5,278,0
DGE,D,20250829,000000,19.5,20.6,19.5,20.6,468,0
DGE,D,20250901,000000,19.55,20.5,19.3,20.4,864,0
DGE,D,20250902,000000,19.65,20,19.65,20,106,0
DGE,D,20250903,000000,19.65,20.2,19.3,20.1,779,0
DGE,D,20250904,000000,19.4,19.95,19.4,19.95,657,0
DGE,D,20250905,000000,19.3,20,19.3,19.8,551,0
DGE,D,20250908,000000,19.8,20.2,19.35,19.9,171,0
DGE,D,20250909,000000,19.9,19.95,19.4,19.9,435,0
DGE,D,20250910,000000,20,20.3,19.6,20.3,700,0
DGE,D,20250911,000000,20.3,20.5,19.65,20.3,291,0
DGE,D,20250912,000000,20.3,21.5,19.05,20.5,1166,0
DGE,D,20250916,000000,20.2,20.6,19.9,19.9,750,0
DGE,D,20250917,000000,22.2,22.4,21,22.3,2443,0
DGE,D,20250918,000000,22.8,23.3,21,23,2216,0
DGE,D,20250919,000000,23,23.2,21.4,22.6,693,0
DGE,D,20250922,000000,22.6,22.6,21.3,22.6,777,0
DGE,D,20250923,000000,22.6,23.4,22.5,23.4,1012,0
DGE,D,20250924,000000,22.7,23,22.7,22.9,85,0
DGE,D,20250925,000000,22.6,22.6,21,21.3,3482,0
DGE,D,20250926,000000,21.7,22.8,21,22.8,1287,0
DGE,D,20250929,000000,22.8,22.8,21.4,21.8,1915,0
DGE,D,20250930,000000,23,23,21.8,21.8,1005,0
DGE,D,20251001,000000,22.3,23,21.8,23,792,0
DGE,D,20251002,000000,22.1,23,22,23,2516,0
DGE,D,20251003,000000,22.2,23.6,22.2,23.6,801,0
DGE,D,20251006,000000,23.6,23.6,22.1,23.6,683,0
DGE,D,20251007,000000,23.6,25.3,23.4,25,2897,0
DGE,D,20251008,000000,26,31.4,25.2,31.4,14342,0
DGE,D,20251009,000000,35.2,38.7,31.4,32.8,26493,0
DGE,D,20251010,000000,32.8,33.9,30.8,32.6,4834,0
DGE,D,20251013,000000,33.4,33.6,31.6,32.8,1418,0
DGE,D,20251014,000000,33.9,33.9,31.6,33.4,662,0
DGE,D,20251015,000000,31.7,33.2,31.6,33,377,0
DGE,D,20251016,000000,32,32.6,30,31.2,1163,0
DGE,D,20251017,000000,30.1,31,28.2,30.9,1751,0
DGE,D,20251020,000000,31.2,33.9,31.2,33.9,2045,0
DGE,D,20251021,000000,33.9,33.9,32,33.9,1795,0
DGE,D,20251022,000000,33.9,33.9,30.6,32.2,3638,0
DGE,D,20251023,000000,32.1,33.5,32,32.9,1079,0
DGE,D,20251024,000000,32.9,33.5,32.5,32.9,1272,0
DGE,D,20251027,000000,32.6,32.9,30,30,1710,0
DGE,D,20251028,000000,29.8,32.5,28.9,30,3929,0
DGE,D,20251029,000000,30.5,30.5,28.6,29.8,536,0
DGE,D,20251030,000000,29.8,31.9,28,29.6,3850,0
DGE,D,20251031,000000,29.5,29.5,27.3,28.9,1087,0
DGE,D,20251103,000000,28.3,32.5,28.3,30,898,0
DGE,D,20251104,000000,29.9,30.1,24.3,25.7,11793,0
DGE,D,20251105,000000,25.8,26.1,25,25.7,2210,0
DGE,D,20251106,000000,25.7,26,24.4,25.3,2097,0
DGE,D,20251107,000000,25.4,30,25.4,27.2,6052,0
DGE,D,20251110,000000,27.3,27.7,26,27.7,5220,0
DGE,D,20251112,000000,27.7,28.9,27.4,28.4,5593,0
DGE,D,20251113,000000,27.9,28,25.8,27.9,4674,0
DGE,D,20251114,000000,28,28,25.9,25.9,2884,0
DGE,D,20251117,000000,26,27.3,25.5,25.5,1464,0
DGE,D,20251118,000000,25.5,26.8,24.4,24.4,3004,0
DGE,D,20251119,000000,24.4,26,24.1,25.9,2601,0
DGE,D,20251120,000000,25.9,27,25,26.5,1209,0
DGE,D,20251121,000000,25,27.2,24.4,27.2,1082,0
DGE,D,20251124,000000,27,27,24.3,25,3248,0
DGE,D,20251125,000000,24.9,25.4,22.5,23.3,3933,0
DGE,D,20251126,000000,23,24.3,22,24.3,926,0
DGE,D,20251127,000000,24.3,24.3,22,22.8,1976,0
DGE,D,20251128,000000,22.4,22.9,22,22.5,471,0
DGE,D,20251201,000000,22.3,22.3,21.4,21.8,833,0
DGE,D,20251202,000000,21.7,22.3,21.2,22.3,955,0
DGE,D,20251203,000000,21.5,22.1,21.1,21.6,691,0
DGE,D,20251204,000000,21.3,21.6,21.2,21.6,102,0
DGE,D,20251205,000000,21.2,21.5,20.4,21.5,170,0
DGE,D,20251208,000000,21.2,21.4,20.2,21.4,2489,0
DGE,D,20251209,000000,20.3,21.3,20.3,20.4,419,0
DGE,D,20251210,000000,20.3,23.9,20,23.9,1394,0
DGE,D,20251211,000000,23.9,23.9,21.5,21.5,929,0
DGE,D,20251212,000000,21.5,23.1,21.4,21.4,484,0
DGE,D,20251215,000000,22.2,23.3,22.2,23.1,336,0
DGE,D,20251216,000000,23.1,24.2,23.1,23.7,387,0
DGE,D,20251217,000000,23.5,23.5,21.2,22.5,2217,0
DGE,D,20251218,000000,21.7,22.3,20.7,22,623,0
DGE,D,20251219,000000,21.4,22,20.2,21.4,3295,0
DGE,D,20251222,000000,20.9,22.5,20.8,22.5,1200,0
DGE,D,20251223,000000,21.2,22.4,21.2,21.5,385,0
DGE,D,20251229,000000,22.3,22.9,19.8,20.1,5416,0
DGE,D,20251230,000000,20.5,20.9,19.3,19.3,3825,0
DGE,D,20260102,000000,19.9,20.5,19.45,20.4,792,0
DGE,D,20260105,000000,20.4,20.9,20.4,20.9,103,0
DGE,D,20260107,000000,22.5,22.5,21.1,22.5,1277,0
DGE,D,20260108,000000,22,22.4,21.5,22.4,169,0
DGE,D,20260109,000000,22.4,22.5,22.4,22.5,166,0
DGE,D,20260112,000000,22.4,22.4,22.4,22.4,2,0
DGE,D,20260113,000000,22.4,22.4,20.8,21.9,2078,0
DGE,D,20260114,000000,21.2,21.9,21,21.8,661,0
DGE,D,20260115,000000,21.4,21.4,20.8,20.9,882,0
DGE,D,20260116,000000,20.7,21.4,20.7,21.2,428,0
DGE,D,20260119,000000,21.2,21.6,20.9,21.5,647,0
DGE,D,20260120,000000,21.5,22.8,20.8,22.8,938,0
DGE,D,20260121,000000,22.5,23,22.2,22.9,1355,0
DGE,D,20260122,000000,22.9,23,22.2,22.8,1471,0
DGE,D,20260123,000000,22.1,22.8,21.9,22.1,856,0
DGE,D,20260126,000000,22.1,22.1,21.8,21.8,754,0
DGE,D,20260127,000000,21.6,22,20.9,20.9,1489,0
DGE,D,20260128,000000,21,21.6,21,21.6,883,0
DGE,D,20260129,000000,21.7,21.7,20.8,21.4,911,0
DGE,D,20260130,000000,21.8,23,21.2,22,3241,0
DGE,D,20260202,000000,22,22,20.9,21.8,641,0
DGE,D,20260203,000000,21,21.7,20.6,21.1,1138,0
DGE,D,20260204,000000,21.1,21.1,20.5,21,489,0
DGE,D,20260205,000000,20.6,21.1,20.6,21.1,22,0
DGE,D,20260206,000000,21.1,21.6,21.1,21.6,994,0
DGE,D,20260209,000000,20.8,21.6,20.5,21.1,665,0
DGE,D,20260210,000000,20.6,21.5,20.6,21.3,281,0
DGE,D,20260211,000000,20.8,22,20.8,22,74,0
DGE,D,20260212,000000,22,22,22,22,30,0
DGE,D,20260213,000000,21.7,21.9,20.3,21.1,604,0
DGE,D,20260216,000000,21.1,22.5,20.9,21.5,1022,0
DGE,D,20260217,000000,21,21.7,20.5,21.4,2151,0
DGE,D,20260218,000000,20.9,22.9,19.9,21.8,5676,0
DGE,D,20260219,000000,20.8,22.5,20.8,22,523,0
DGE,D,20260220,000000,22,22,21.9,21.9,7,0
DGE,D,20260223,000000,21,21.8,20.9,21.6,167,0
DGE,D,20260224,000000,21,21.4,21,21.4,73,0
DGE,D,20260225,000000,21.1,21.1,21,21,11,0
DGE,D,20260226,000000,20.9,20.9,20.5,20.5,1223,0
DGE,D,20260227,000000,20.5,21,20,20.8,2653,0
DGE,D,20260302,000000,20.3,20.8,19,20.8,1570,0
DGE,D,20260303,000000,20.3,20.3,18.5,20.2,2343,0
DGE,D,20260304,000000,19.6,20.6,19.6,20.5,421,0
DGE,D,20260305,000000,20.1,20.1,20,20,106,0
DGE,D,20260306,000000,20.2,20.7,20.1,20.6,163,0
DGE,D,20260309,000000,20.1,20.6,20,20.5,355,0
DGE,D,20260310,000000,20,20.2,19.1,19.8,2025,0
DGE,D,20260311,000000,19.4,20.3,19.3,20.3,737,0
DGE,D,20260312,000000,20.4,20.4,19.4,20,172,0
DGE,D,20260313,000000,19.5,19.85,19.3,19.85,699,0
DGE,D,20260316,000000,19.3,19.7,18.75,19.5,2813,0
DGE,D,20260317,000000,19.1,19.1,18.6,19.1,2835,0
DGE,D,20260318,000000,19.1,19.4,18.7,19.3,1092,0
DGE,D,20260319,000000,19.3,19.35,19,19.35,207,0
DGE,D,20260320,000000,19.35,19.55,18.7,19.4,315,0
DGE,D,20260323,000000,19,19.35,19,19.35,492,0
DGE,D,20260324,000000,19,19,19,19,101,0
DGE,D,20260325,000000,18.85,19.3,18.7,19.3,428,0
DGE,D,20260326,000000,19,19,18.75,18.75,412,0
DGE,D,20260327,000000,19.45,19.45,18.55,19.2,449,0
DGE,D,20260330,000000,19.2,19.25,18.5,19.2,262,0
DGE,D,20260331,000000,19.2,19.45,19,19.45,225,0
DGE,D,20260401,000000,19.05,19.45,18.9,18.9,1174,0
DGE,D,20260402,000000,19.1,19.45,18.8,19.25,594,0
DGE,D,20260407,000000,19.2,19.2,18.8,18.8,923,0
DGE,D,20260408,000000,18.75,18.8,18.35,18.8,868,0
DGE,D,20260409,000000,18.6,18.8,18.6,18.8,42,0
DGE,D,20260410,000000,18.7,18.7,18.1,18.55,1483,0
DGE,D,20260413,000000,19.35,19.35,18.4,18.8,1126,0
DGE,D,20260414,000000,18.35,18.75,18.1,18.65,819,0
DGE,D,20260415,000000,18.75,18.75,18.4,18.45,608,0
DGE,D,20260416,000000,18.4,18.45,18.35,18.45,1307,0
DGE,D,20260417,000000,18.3,18.45,18.2,18.45,419,0
DGE,D,20260420,000000,18.45,19.2,18.45,19.2,398,0
DGE,D,20260421,000000,19.15,19.15,18.7,19.1,2666,0
DGE,D,20260422,000000,19.1,19.1,18.6,19.05,1273,0
DGE,D,20260423,000000,19.1,19.1,18.6,19.05,491,0
DGE,D,20260424,000000,19.5,21.4,19.5,20.1,8210,0
DGE,D,20260427,000000,21,21,20,20.1,1331,0
DGE,D,20260428,000000,19.9,20.1,19.1,19.9,206,0
DGE,D,20260429,000000,19.5,19.85,19.2,19.85,3395,0
DGE,D,20260430,000000,19.25,19.45,18.1,18.9,2054,0
DGE,D,20260504,000000,19.2,19.2,18.55,19.15,355,0
DGE,D,20260506,000000,18.7,19.15,18.6,18.75,331,0
DGE,D,20260507,000000,18.6,18.95,18.15,18.9,551,0
DGE,D,20260508,000000,18.35,18.85,18.05,18.85,762,0
DGE,D,20260511,000000,18.35,18.5,18,18.45,1176,0
DGE,D,20260512,000000,18.7,18.7,17.9,18.5,1826,0
DGE,D,20260513,000000,18.35,18.35,17.9,18.35,188,0
DGE,D,20260514,000000,18.25,19.2,17.8,19.2,7249,0
DGE,D,20260515,000000,18.65,19.15,17.1,17.95,3664,0
DGE,D,20260518,000000,17.95,18.45,17.95,18.45,98,0
DGE,D,20260519,000000,18.4,19.3,18.15,19.2,1861,0
DGE,D,20260520,000000,19.25,19.25,17.9,18,2127,0
DGE,D,20260521,000000,18.6,18.6,18.6,18.6,20,0
DGE,D,20260522,000000,18.55,18.95,18.35,18.85,577,0
DGE,D,20260525,000000,18.8,18.8,18.8,18.8,22,0
DGE,D,20260526,000000,18.8,18.8,18.2,18.75,206,0
DGE,D,20260527,000000,18.2,18.4,17.95,18.15,458,0
DGE,D,20260528,000000,18.4,18.6,18.4,18.6,246,0
DGE,D,20260529,000000,18.3,18.65,18.3,18.65,102,0
DGE,D,20260601,000000,18.35,18.8,18.2,18.8,189,0
DGE,D,20260602,000000,18.8,18.8,18.5,18.8,274,0
DGE,D,20260603,000000,18.3,18.8,18.25,18.8,1676,0
DGE,D,20260605,000000,18.8,18.95,18.8,18.95,145,0
DGE,D,20260608,000000,18.5,19,18.5,19,267,0
DGE,D,20260609,000000,18.95,19.15,18.6,19.15,1016,0
DGE,D,20260610,000000,19.15,19.15,18.85,19.15,111,0
DGE,D,20260611,000000,19.15,19.25,18.8,19.25,225,0
DGE,D,20260612,000000,18.85,19.25,18.5,18.5,404,0
DGE,D,20260615,000000,18.5,20.4,18.5,20.2,1897,0
DGE,D,20260616,000000,20.2,20.7,20,20.6,255,0
DGE,D,20260617,000000,20.7,21.8,20.5,21.7,1346,0
DGE,D,20260618,000000,21.7,22,20.5,21.4,1494,0
DGE,D,20260619,000000,21.4,23,20.7,22.9,2933,0
DGE,D,20260622,000000,23,23,22.9,22.9,220,0
DGE,D,20260623,000000,22.9,23.1,22,23.1,2802,0
DGE,D,20260624,000000,23,23,22.2,23,66,0
DGE,D,20260625,000000,23,23.4,22,23.1,2741,0
DGE,D,20260626,000000,23.1,23.4,21.1,22.2,984,0
DGE,D,20260629,000000,22.8,22.8,21,22,138,0
DGE,D,20260630,000000,21.9,22.8,20.8,22.8,403,0
DGE,D,20260701,000000,22.8,22.8,21.6,22.4,90,0
DGE,D,20260702,000000,22.5,22.5,22,22,10,0
DGE,D,20260703,000000,21.6,22.1,21,22.1,266,0
DGE,D,20260706,000000,21.1,21.9,20.8,21.4,821,0
DGE,D,20260707,000000,21.1,21.6,20.6,21,214,0
DGE,D,20260708,000000,20.5,21,20.5,21,43,0
DGE,D,20260709,000000,20.5,21.2,20.5,21.2,200,0
DGE,D,20260710,000000,21.2,21.2,20.1,20.8,257,0
DGE,D,20260713,000000,20.7,20.7,20.2,20.6,40,0
DGE,D,20260714,000000,20.3,20.3,20.3,20.3,419,0
DGE,D,20260715,000000,20.2,20.6,20.1,20.6,68,0
DGE,D,20260716,000000,20.1,20.6,20.1,20.6,55,0
DGE,D,20260717,000000,20.1,20.6,20.1,20.6,63,0
DGE,D,20260721,000000,20.1,20.7,20,20.7,110,0
DGE,D,20260722,000000,20.2,20.6,20.2,20.6,44,0
DGE,D,20260723,000000,20.6,22.6,20.6,22.5,473,0
DGE,D,20260724,000000,22.7,22.7,21.5,22.2,297,0
DGE,D,20260727,000000,21.9,24,20.7,23.8,987,0
DGE,D,20260728,000000,23.8,23.8,21.5,22.9,399,0
DGE,D,20260729,000000,22.5,23.4,22.5,22.8,908,0
DGE,D,20260730,000000,23.5,23.5,22.9,23.3,11,0
DGE,D,20260731,000000,23.2,23.5,23.2,23.5,92,0
DGE,D,20260803,000000,23.5,23.5,22,23.5,39,0
DGE,D,20260804,000000,23.1,23.5,23.1,23.5,10,0
DGE,D,20260805,000000,23.4,23.4,21.3,23,773,0
DGE,D,20260806,000000,22.9,22.9,22.9,22.9,1,0
DGE,D,20260807,000000,22.7,24.8,22.4,24.8,1593,0
DGE,D,20260810,000000,24.8,25.2,23.9,23.9,115,0
DGE,D,20260811,000000,23.9,26,23.6,26,709,0
DGE,D,20260812,000000,25.8,26.4,24.2,25.5,1203,0
DGE,D,20260813,000000,25,25.7,23.4,24.3,902,0
DGE,D,20260814,000000,23.5,24.6,23.1,24.6,278,0
DGE,D,20260817,000000,24.6,25.7,24.4,25.5,587,0
DGE,D,20260818,000000,25.8,25.8,24.3,25.7,54,0
