<TICKER>,<PER>,<DATE>,<TIME>,<OPEN>,<HIGH>,<LOW>,<CLOSE>,<VOL>,<OPENINT>
DIA,D,20250207,000000,119.962,128.928,119.962,124.282,4056179.7265193327,0
DIA,D,20250210,000000,125.219,125.888,123.365,123.557,587372.8093495413,0
DIA,D,20250211,000000,124.168,125.009,123.403,124.646,153232.64730189237,0
DIA,D,20250212,000000,124.417,124.55,123.308,124.072,242491.33651543944,0
DIA,D,20250213,000000,124.264,124.435,123.748,124.072,133281.2588584845,0
DIA,D,20250214,000000,124.264,124.264,122.352,123.308,136592.36705540057,0
DIA,D,20250217,000000,123.308,123.308,119.427,119.484,260565.90723206452,0
DIA,D,20250218,000000,120.326,121.759,119.484,121.243,91584.31117934309,0
DIA,D,20250219,000000,121.817,124.78,120.459,122.83,366301.67515064403,0
DIA,D,20250220,000000,122.715,123.212,121.588,121.588,43166.807716003044,0
DIA,D,20250221,000000,122.715,123.939,120.918,121.588,49406.12818564199,0
DIA,D,20250224,000000,121.588,122.734,120.019,121.874,65209.47745029087,0
DIA,D,20250225,000000,121.874,121.874,119.006,119.312,70798.08408154694,0
DIA,D,20250226,000000,119.484,121.357,119.484,120.841,96464.6649672146,0
DIA,D,20250227,000000,120.879,120.879,119.503,119.523,46823.14994292929,0
DIA,D,20250228,000000,119.503,120.057,118.643,120.057,188806.39868512555,0
DIA,D,20250303,000000,120.096,122.237,119.503,122.237,24537.77022390702,0
DIA,D,20250304,000000,122.237,123.804,118.566,119.274,70855.62308654864,0
DIA,D,20250305,000000,119.503,121.874,119.197,121.74,115109.39491522018,0
DIA,D,20250306,000000,121.74,122.257,120.631,121.874,59960.87403040848,0
DIA,D,20250307,000000,122.199,122.199,119.064,119.828,84536.30614849844,0
DIA,D,20250310,000000,120.23,121.453,117.381,120.918,127509.57357495031,0
DIA,D,20250311,000000,119.828,120.593,118.261,119.771,73345.49275753132,0
DIA,D,20250312,000000,119.81,123.231,119.81,122.83,90394.82302139886,0
DIA,D,20250313,000000,122.83,146.23,122.504,136.69,282678.6699360817,0
DIA,D,20250314,000000,136.116,139.252,128.68,129.042,150440.43631371894,0
DIA,D,20250317,000000,129.865,131.127,127.762,130.458,66104.99360086278,0
DIA,D,20250318,000000,133.784,135.198,131.051,133.402,105911.52342476654,0
DIA,D,20250319,000000,133.822,134.262,129.808,133.918,57846.577137527805,0
DIA,D,20250320,000000,133.822,134.243,130.209,130.209,58176.11871162846,0
DIA,D,20250321,000000,129.999,131.777,128.087,128.565,77845.04294866431,0
DIA,D,20250324,000000,128.66,129.884,125.812,126.099,49395.66654836896,0
DIA,D,20250325,000000,127.131,129.521,125.773,128.373,73600.75670699342,0
DIA,D,20250326,000000,130.477,131.815,127.724,129.999,163652.4380258367,0
DIA,D,20250327,000000,130.342,130.342,127.896,128.851,38402.578101862244,0
DIA,D,20250328,000000,129.081,129.081,126.673,128.011,23811.73259715829,0
DIA,D,20250331,000000,128.565,128.851,126.386,127.609,30698.628413998194,0
DIA,D,20250401,000000,131.242,131.911,128.182,129.712,63283.49002832486,0
DIA,D,20250402,000000,130.286,133.631,129.042,132.866,247470.0296936775,0
DIA,D,20250403,000000,131.911,132.58,129.999,130.955,138425.24590563655,0
DIA,D,20250404,000000,130.955,131.337,126.223,127.8,201919.01484314943,0
DIA,D,20250407,000000,124.311,126.366,120.583,123.595,89709.58578001497,0
DIA,D,20250408,000000,125.506,129.617,124.933,129.617,69605.4574324208,0
DIA,D,20250409,000000,127.704,129.904,126.653,126.701,77153.5287249166,0
DIA,D,20250410,000000,131.72,132.102,128.469,129.617,99637.67955212656,0
DIA,D,20250411,000000,129.999,131.481,128.087,129.999,169767.2650119265,0
DIA,D,20250414,000000,130.668,134.205,130.62,133.822,60160.691302323474,0
DIA,D,20250415,000000,133.87,137.645,133.87,135.399,75310.18823740758,0
DIA,D,20250416,000000,135.113,141.469,133.822,141.469,123128.23988500264,0
DIA,D,20250417,000000,140.991,143.19,140.561,141.66,101096.03178798786,0
DIA,D,20250422,000000,141.899,142.807,138.793,140.179,43382.3174438276,0
DIA,D,20250423,000000,142.425,145.101,138.841,145.101,92186.90148627,0
DIA,D,20250424,000000,145.101,145.101,141.183,141.947,87397.5639426739,0
DIA,D,20250425,000000,142.425,146.057,142.234,145.292,43278.747234824536,0
DIA,D,20250428,000000,145.292,145.961,143.524,144.432,26974.28554479721,0
DIA,D,20250429,000000,145.627,147.874,144.91,147.874,30362.80985753372,0
DIA,D,20250430,000000,148.017,149.546,144.098,145.149,50977.466104052066,0
DIA,D,20250502,000000,147.109,154.277,146.631,151.984,37922.38895102987,0
DIA,D,20250505,000000,151.984,156.763,150.168,156.763,105625.92072721262,0
DIA,D,20250506,000000,156.763,160.586,156.286,159.153,147855.3657435516,0
DIA,D,20250507,000000,160.252,164.411,160.156,162.498,99270.47608384298,0
DIA,D,20250508,000000,162.594,165.366,160.586,162.498,109246.69338741055,0
DIA,D,20250509,000000,162.498,164.172,159.105,162.641,88866.37781580823,0
DIA,D,20250512,000000,163.455,167.23,163.264,164.219,53998.786948504996,0
DIA,D,20250513,000000,165.94,165.94,160.586,163.407,81166.6127828534,0
DIA,D,20250514,000000,162.977,169.954,162.977,168.234,93733.13147522479,0
DIA,D,20250515,000000,168.234,168.998,164.888,165.318,62075.170923289144,0
DIA,D,20250516,000000,165.366,166.513,159.631,161.447,128197.9493075161,0
DIA,D,20250519,000000,162.498,165.366,158.866,162.785,55537.693791368656,0
DIA,D,20250520,000000,164.888,166.704,163.694,163.694,39042.83030297208,0
DIA,D,20250521,000000,163.837,165.366,160.921,161.447,39079.446033427696,0
DIA,D,20250522,000000,162.498,164.172,162.068,163.55,46938.22795293269,0
DIA,D,20250523,000000,162.785,165.366,161.112,161.59,39249.9707209782,0
DIA,D,20250526,000000,161.542,164.554,161.399,163.455,50457.52273158216,0
DIA,D,20250527,000000,164.411,164.411,162.211,162.45,69807.36703179039,0
DIA,D,20250528,000000,164.411,165.605,162.689,163.598,72666.53249851127,0
DIA,D,20250529,000000,164.363,167.373,160.682,161.542,207625.8379755908,0
DIA,D,20250530,000000,163.455,164.315,160.156,161.303,470267.3340426258,0
DIA,D,20250602,000000,160.204,161.399,157.719,158.627,33604.87124844772,0
DIA,D,20250603,000000,160.822,160.919,154.238,155.067,72671.380976457,0
DIA,D,20250604,000000,156.043,157.993,151.947,153.117,62347.028815552505,0
DIA,D,20250605,000000,153.117,153.117,149.655,151.166,54142.0962510915,0
DIA,D,20250606,000000,151.166,155.263,150.045,153.507,50676.3786720015,0
DIA,D,20250609,000000,154.092,154.531,151.02,152.483,26377.391929612502,0
DIA,D,20250610,000000,153.117,158.627,151.166,158.627,63838.92795093,0
DIA,D,20250611,000000,158.237,158.969,155.555,158.773,49036.827663432,0
DIA,D,20250612,000000,158.822,160.334,156.482,156.482,23519.712967209,0
DIA,D,20250613,000000,156.482,160.919,155.555,158.676,33621.561958095,0
DIA,D,20250616,000000,158.481,160.87,156.043,156.043,40715.004032694,0
DIA,D,20250617,000000,156.043,158.237,155.067,155.994,47544.9285280545,0
DIA,D,20250618,000000,155.896,156.091,153.848,154.385,16297.075503567,0
DIA,D,20250620,000000,154.092,159.407,154.092,158.481,60253.243224871505,0
DIA,D,20250623,000000,158.286,158.676,153.263,153.995,24470.2219008825,0
DIA,D,20250624,000000,155.165,161.504,155.165,159.944,68476.6322734815,0
DIA,D,20250625,000000,160.431,161.163,158.237,158.725,17052.7659934455,0
DIA,D,20250626,000000,160.822,164.918,158.383,162.87,70990.8155586675,0
DIA,D,20250627,000000,164.235,165.795,160.773,165.6,37640.974061655004,0
DIA,D,20250630,000000,166.771,167.258,161.455,163.065,147158.6749211295,0
DIA,D,20250701,000000,161.065,165.113,161.017,163.308,16991.244379615502,0
DIA,D,20250702,000000,163.308,163.796,157.311,162.041,33794.8478370495,0
DIA,D,20250703,000000,162.528,163.065,159.944,163.065,24549.174638631,0
DIA,D,20250704,000000,163.552,163.552,160.529,161.212,63179.6213227185,0
DIA,D,20250707,000000,162.284,162.382,157.554,157.944,16803.603457434,0
DIA,D,20250708,000000,157.603,159.505,157.067,157.359,14187.9095094285,0
DIA,D,20250709,000000,157.359,162.577,157.262,160.919,45783.3596520555,0
DIA,D,20250710,000000,161.797,163.113,157.847,159.7,27199.7308344735,0
DIA,D,20250711,000000,159.164,160.724,155.945,157.018,25179.7711803885,0
DIA,D,20250714,000000,156.969,157.408,154.824,155.653,58889.5141183065,0
DIA,D,20250715,000000,155.653,159.407,155.604,157.944,54999.297403789504,0
DIA,D,20250716,000000,158.091,159.31,156.189,159.115,17432.1492787305,0
DIA,D,20250717,000000,159.407,166.185,158.773,165.113,40814.4639750525,0
DIA,D,20250718,000000,165.308,168.087,163.942,167.697,65068.3348672995,0
DIA,D,20250721,000000,167.746,168.721,166.429,167.941,22366.1827078965,0
DIA,D,20250722,000000,167.941,169.111,165.795,165.795,38264.393081799004,0
DIA,D,20250723,000000,165.795,169.111,164.82,168.331,19108.613255598,0
DIA,D,20250724,000000,167.941,168.331,165.893,167.941,27056.1804022035,0
DIA,D,20250725,000000,167.746,174.378,166.088,172.622,45874.61671257,0
DIA,D,20250728,000000,173.598,174.378,169.843,172.135,60667.4887579935,0
DIA,D,20250729,000000,172.135,177.499,171.647,175.743,100091.564260488,0
DIA,D,20250730,000000,175.548,177.304,174.67,176.133,37259.540055909,0
DIA,D,20250731,000000,177.108,181.253,175.304,178.718,122544.902587977,0
DIA,D,20250801,000000,179.644,181.01,175.841,180.132,63962.9965388205,0
DIA,D,20250804,000000,181.595,184.277,177.742,180.229,82013.4380365425,0
DIA,D,20250805,000000,180.912,182.863,179.547,181.595,24061.103168913,0
DIA,D,20250806,000000,182.375,183.789,180.132,183.058,43833.1244936445,0
DIA,D,20250807,000000,183.838,184.325,181.448,183.35,52959.855905325,0
DIA,D,20250808,000000,184.325,190.47,183.35,189.202,87522.698555019,0
DIA,D,20250811,000000,190.177,192.42,187.398,190.47,143144.389618722,0
DIA,D,20250812,000000,190.665,194.078,187.788,194.078,97581.482416224,0
DIA,D,20250813,000000,194.371,198.759,194.078,194.858,123386.7233372175,0
DIA,D,20250814,000000,195.541,198.077,193.054,198.077,66694.55619287251,0
DIA,D,20250818,000000,198.369,203.831,198.369,201.198,55356.1227640035,0
DIA,D,20250819,000000,202.856,202.856,186.471,199.052,113626.319303088,0
DIA,D,20250820,000000,199.052,200.905,194.615,199.247,46064.3083552125,0
DIA,D,20250821,000000,198.954,202.563,198.954,200.125,24960.3440910615,0
DIA,D,20250822,000000,200.125,200.417,193.688,198.857,54686.562533487,0
DIA,D,20250825,000000,198.662,198.759,192.079,192.079,53621.2132539975,0
DIA,D,20250826,000000,191.786,198.759,190.86,198.759,97814.23918854751,0
DIA,D,20250827,000000,199.052,199.442,195.444,196.906,16083.800575623,0
DIA,D,20250828,000000,198.369,200.417,196.419,198.759,52950.6276632505,0
DIA,D,20250829,000000,200.807,200.807,196.711,197.492,23502.2818432905,0
DIA,D,20250901,000000,198.564,199.93,196.711,197.784,35031.4322750325,0
DIA,D,20250902,000000,198.857,198.857,193.103,195.151,35361.5982692535,0
DIA,D,20250903,000000,197.687,197.687,194.663,197.394,47676.1746375585,0
DIA,D,20250904,000000,197.394,197.687,194.078,196.029,56243.059363386004,0
DIA,D,20250905,000000,198.954,200.905,195.053,196.321,25476.100287003,0
DIA,D,20250908,000000,198.662,212.413,198.174,205.781,94070.648986992,0
DIA,D,20250909,000000,208.024,211.243,205.976,209.877,99479.4242028795,0
DIA,D,20250910,000000,208.317,209.585,203.538,206.757,46662.093369594004,0
DIA,D,20250911,000000,206.757,213.291,206.659,208.707,68276.687028534,0
DIA,D,20250912,000000,210.56,214.461,208.22,211.34,124792.49221323301,0
DIA,D,20250915,000000,211.243,211.243,200.125,200.32,59639.052446802,0
DIA,D,20250916,000000,201.588,205.196,201.588,203.051,68711.439766266,0
DIA,D,20250917,000000,205.196,208.122,203.148,208.024,33156.048413448,0
DIA,D,20250918,000000,208.707,211.926,205.879,210.658,43587.0380383245,0
DIA,D,20250919,000000,211.633,211.633,201.295,204.318,243423.5948013915,0
DIA,D,20250922,000000,206.757,209.292,202.368,209.292,22808.112967242,0
DIA,D,20250923,000000,209.682,209.975,202.465,202.465,27042.850719207,0
DIA,D,20250924,000000,204.806,207.342,202.563,204.709,30372.195387640502,0
DIA,D,20250925,000000,203.051,204.513,199.15,199.15,28329.6778084845,0
DIA,D,20250926,000000,198.954,200.027,197.492,200.027,14900.534869626,0
DIA,D,20250929,000000,201.88,201.88,193.005,197.199,25650.411526188,0
DIA,D,20250930,000000,197.004,197.882,184.716,185.496,124921.687602276,0
DIA,D,20251001,000000,186.276,190.811,185.252,187.251,43786.983283272,0
DIA,D,20251002,000000,187.69,189.933,182.472,186.861,29857.4645519295,0
DIA,D,20251003,000000,187.446,188.178,183.399,185.691,22186.744667559,0
DIA,D,20251006,000000,185.447,186.471,180.229,182.082,28651.6409208615,0
DIA,D,20251007,000000,182.814,185.203,179.108,181.985,48797.918729725505,0
DIA,D,20251008,000000,181.985,184.325,176.036,180.424,37737.357923322,0
DIA,D,20251009,000000,177.499,182.472,174.573,175.548,81049.5994198725,0
DIA,D,20251010,000000,175.548,178.328,174.817,176.523,59884.1135418915,0
DIA,D,20251013,000000,176.475,178.864,174.183,176.523,48912.7590755415,0
DIA,D,20251014,000000,175.792,176.036,171.647,173.598,65004.7625330085,0
DIA,D,20251015,000000,173.451,178.474,173.402,175.548,93409.2916383195,0
DIA,D,20251016,000000,176.913,177.986,173.402,175.548,127415.36368285201,0
DIA,D,20251017,000000,176.426,184.228,175.987,180.424,119947.6651241205,0
DIA,D,20251020,000000,182.668,188.178,181.79,185.593,106212.964836573,0
DIA,D,20251021,000000,186.276,188.763,183.35,188.568,102775.957343937,0
DIA,D,20251022,000000,188.909,190.665,187.007,187.203,104727.2178625785,0
DIA,D,20251023,000000,187.203,189.836,185.496,188.714,26063.631699079502,0
DIA,D,20251024,000000,188.86,188.86,180.424,180.571,56273.820170301,0
DIA,D,20251027,000000,181.79,182.911,178.084,181.4,54063.143513343,0
DIA,D,20251028,000000,182.375,183.838,179.352,180.766,83101.345241103,0
DIA,D,20251029,000000,180.912,184.228,180.424,182.863,151854.8247768195,0
DIA,D,20251030,000000,182.375,183.204,174.573,180.815,55967.237461381505,0
DIA,D,20251031,000000,182.424,182.424,178.815,180.229,47905.855329190505,0
DIA,D,20251103,000000,181.985,182.863,180.424,182.668,19660.257059607,0
DIA,D,20251104,000000,182.668,182.716,179.157,181.01,36628.9435141515,0
DIA,D,20251105,000000,182.326,184.325,179.157,184.325,35623.065128031,0
DIA,D,20251106,000000,184.521,185.203,180.619,180.619,43626.0017270835,0
DIA,D,20251107,000000,182.814,182.96,178.62,178.961,25624.7775204255,0
DIA,D,20251110,000000,179.839,181.839,178.425,181.692,62170.6668559065,0
DIA,D,20251112,000000,183.448,183.74,179.059,179.059,30241.974638367,0
DIA,D,20251113,000000,179.352,181.4,177.06,177.401,31083.7953876075,0
DIA,D,20251114,000000,177.499,179.108,173.646,176.133,61211.955040389,0
DIA,D,20251117,000000,177.499,177.937,175.792,176.816,25498.658212074002,0
DIA,D,20251118,000000,176.231,177.45,172.281,173.305,55077.2247813075,0
DIA,D,20251119,000000,172.817,175.548,172.769,175.158,89368.346969919,0
DIA,D,20251120,000000,175.548,175.548,168.916,172.037,51210.591352092,0
DIA,D,20251121,000000,173.598,175.402,169.989,171.549,74657.5037429355,0
DIA,D,20251124,000000,171.598,172.622,165.015,171.549,103115.3515802325,0
DIA,D,20251125,000000,172.525,173.841,166.868,169.258,79036.817287401,0
DIA,D,20251126,000000,170.964,172.183,167.941,168.721,67637.8876049325,0
DIA,D,20251127,000000,169.648,170.233,167.892,170.038,25128.5031688635,0
DIA,D,20251128,000000,170.867,171.549,166.088,166.332,41865.458211315,0
DIA,D,20251201,000000,166.576,172.086,165.357,171.062,59212.502590914,0
DIA,D,20251202,000000,171.452,171.452,164.966,164.966,57369.9302567055,0
DIA,D,20251203,000000,165.308,167.795,161.309,163.601,42569.8806896685,0
DIA,D,20251204,000000,163.747,164.381,156.14,156.482,103579.839764649,0
DIA,D,20251205,000000,156.482,165.161,151.166,164.332,166920.44264355602,0
DIA,D,20251208,000000,166.283,170.33,164.82,168.916,101406.076075989,0
DIA,D,20251209,000000,170.33,171.842,169.014,171.111,34298.299710225,0
DIA,D,20251210,000000,171.842,171.842,165.21,165.552,80001.6812643015,0
DIA,D,20251211,000000,167.746,167.746,162.382,164.82,37760.9412086235,0
DIA,D,20251212,000000,165.795,166.478,162.479,163.455,35562.5688744315,0
DIA,D,20251215,000000,164.82,166.917,163.845,165.308,37956.785012649,0
DIA,D,20251216,000000,165.308,168.477,161.455,165.795,75702.345817815,0
DIA,D,20251217,000000,165.795,165.795,161.894,161.992,49789.442072619,0
DIA,D,20251218,000000,163.601,163.601,159.651,160.919,70827.783282018,0
DIA,D,20251219,000000,160.919,165.308,160.48,165.161,57457.085876298,0
DIA,D,20251222,000000,163.016,165.161,162.626,163.357,29039.2270879905,0
DIA,D,20251223,000000,164.235,165.308,162.87,164.82,38493.0484132005,0
DIA,D,20251229,000000,164.82,164.82,162.967,164.43,23936.009220792,0
DIA,D,20251230,000000,164.43,167.258,163.113,166.771,61291.933138368004,0
DIA,D,20260102,000000,170.087,170.087,167.063,168.624,48025.822476159,0
DIA,D,20260105,000000,169.989,172.573,167.746,168.721,47119.404032397004,0
DIA,D,20260107,000000,171.598,175.353,169.111,175.353,79056.2991317805,0
DIA,D,20260108,000000,175.743,176.523,170.964,172.427,82902.425356386,0
DIA,D,20260109,000000,173.89,186.569,172.622,186.276,125853.7400518005,0
DIA,D,20260112,000000,189.202,189.299,184.716,186.178,56657.304896508,0
DIA,D,20260113,000000,187.69,189.007,185.691,185.788,37356.9492778065,0
DIA,D,20260114,000000,187.641,188.714,184.374,187.203,45387.5706030825,0
DIA,D,20260115,000000,187.251,190.226,187.251,190.226,41590.661669541,0
DIA,D,20260116,000000,191.152,192.957,189.641,191.347,60976.122187374,0
DIA,D,20260119,000000,191.347,191.347,185.496,189.202,56611.1636861355,0
DIA,D,20260120,000000,190.372,195.053,186.032,195.053,82937.287604223,0
DIA,D,20260121,000000,195.834,197.979,191.689,197.492,79453.113540984,0
DIA,D,20260122,000000,199.93,202.856,197.004,197.589,74189.9394778275,0
DIA,D,20260123,000000,198.954,198.954,189.397,193.298,70044.408065916,0
DIA,D,20260126,000000,194.078,195.005,188.763,188.909,30301.445531736,0
DIA,D,20260127,000000,190.177,191.981,188.665,188.812,37897.31411928,0
DIA,D,20260128,000000,188.812,190.957,179.644,186.959,84347.1579211605,0
DIA,D,20260129,000000,186.959,189.104,185.398,185.447,27045.9267998985,0
DIA,D,20260130,000000,186.276,190.372,180.473,185.057,99720.383857047,0
DIA,D,20260202,000000,184.667,187.007,180.717,184.667,68193.6328498635,0
DIA,D,20260203,000000,186.471,186.471,178.961,178.961,50147.2927930635,0
DIA,D,20260204,000000,178.961,183.935,178.181,179.352,41740.364263194,0
DIA,D,20260205,000000,178.864,181.205,174.817,175.451,29468.853024570002,0
DIA,D,20260206,000000,173.598,176.182,172.232,176.182,42612.9458193495,0
DIA,D,20260209,000000,177.889,179.449,176.231,177.108,22617.395964369,0
DIA,D,20260210,000000,178.376,180.424,173.988,175.597,25808.317001685,0
DIA,D,20260211,000000,177.499,178.474,175.109,175.451,26653.213831617002,0
DIA,D,20260212,000000,176.523,179.01,173.305,177.499,21050.645532165,0
DIA,D,20260213,000000,177.499,177.742,171.793,175.938,52044.209219488504,0
DIA,D,20260216,000000,177.108,179.449,176.621,177.889,29940.5187306,0
DIA,D,20260217,000000,177.645,178.864,173.159,174.134,43792.1100844245,0
DIA,D,20260218,000000,175.548,179.352,173.841,179.352,22622.522765521502,0
DIA,D,20260219,000000,179.449,179.742,174.378,174.914,31872.297404862,0
DIA,D,20260220,000000,174.378,175.889,173.598,174.573,32688.48414834,0
DIA,D,20260223,000000,174.183,177.889,172.769,176.572,38356.675502544,0
DIA,D,20260224,000000,175.548,177.986,173.402,174.573,24686.572909518,0
DIA,D,20260225,000000,174.475,176.426,174.085,175.889,24024.190200615,0
DIA,D,20260226,000000,175.841,177.499,175.402,177.06,18288.325071198,0
DIA,D,20260227,000000,177.06,183.984,175.402,183.984,97576.3556150715,0
DIA,D,20260302,000000,178.084,182.375,175.548,181.107,52371.299133018,0
DIA,D,20260303,000000,180.424,180.424,174.036,175.255,58390.163686053,0
DIA,D,20260304,000000,173.598,177.499,172.135,176.767,26453.2685866695,0
DIA,D,20260305,000000,178.084,178.084,174.573,175.694,26863.4126788695,0
DIA,D,20260306,000000,176.231,176.231,172.817,173.5,40215.6536004405,0
DIA,D,20260309,000000,172.573,174.378,167.892,172.622,42293.033427433504,0
DIA,D,20260310,000000,175.548,176.913,173.207,174.329,16824.110662044,0
DIA,D,20260311,000000,176.426,176.426,170.672,170.672,18998.8997109345,0
DIA,D,20260312,000000,170.672,171.598,168.77,171.403,19098.359653293,0
DIA,D,20260313,000000,168.575,169.599,166.185,167.746,27643.71181428,0
DIA,D,20260316,000000,166.966,169.258,163.942,167.307,20716.378097022,0
DIA,D,20260317,000000,167.307,167.941,163.845,166.039,49777.137749853,0
DIA,D,20260318,000000,167.063,169.111,164.479,165.6,24809.616137178,0
DIA,D,20260319,000000,165.6,165.6,163.845,164.43,21265.97118057,0
DIA,D,20260320,000000,163.747,165.747,161.504,162.723,40360.229392941,0
DIA,D,20260323,000000,159.993,166.381,154.043,165.454,73426.046106105,0
DIA,D,20260324,000000,164.82,165.161,159.944,161.894,23624.29971072,0
DIA,D,20260325,000000,162.479,166.966,162.479,164.089,17567.496829156502,0
DIA,D,20260326,000000,163.601,170.672,161.894,170.623,33129.389047455,0
DIA,D,20260327,000000,170.574,170.623,163.65,164.43,32106.079537416,0
DIA,D,20260330,000000,163.455,165.454,161.943,162.577,17568.522189387,0
DIA,D,20260331,000000,164.235,168.77,163.308,167.161,16342.191353709,0
DIA,D,20260401,000000,167.258,169.55,164.332,165.649,23671.466281323,0
DIA,D,20260402,000000,164.82,165.893,163.065,165.259,22957.815560895,0
DIA,D,20260407,000000,168.721,168.721,161.407,161.797,46542.1262226255,0
DIA,D,20260408,000000,164.82,169.111,163.942,167.746,100110.020744637,0
DIA,D,20260409,000000,167.746,167.746,162.089,162.772,44097.6674331135,0
DIA,D,20260410,000000,163.845,166.868,162.87,162.87,69853.691063043,0
DIA,D,20260413,000000,163.065,165.015,160.041,163.065,65223.164262105005,0
DIA,D,20260414,000000,163.065,169.404,162.187,168.331,49557.710660526,0
DIA,D,20260415,000000,168.721,173.5,167.356,173.5,74782.59769105651,0
DIA,D,20260416,000000,173.598,174.085,169.599,170.672,34916.5919292165,0
DIA,D,20260417,000000,170.379,176.231,170.184,173.695,40477.120459218,0
DIA,D,20260420,000000,173.695,174.573,164.235,166.673,94124.9930792085,0
DIA,D,20260421,000000,159.456,160.822,150.386,156.14,373130.638599411,0
DIA,D,20260422,000000,157.018,157.311,150.679,151.069,132556.519878579,0
DIA,D,20260423,000000,152.337,152.434,144.34,144.34,155358.480684438,0
DIA,D,20260424,000000,145.12,148.241,142.779,146.583,296579.294510742,0
DIA,D,20260427,000000,148.241,152.434,147.363,149.801,120767.9533085205,0
DIA,D,20260428,000000,151.459,151.459,147.558,147.558,53863.1982683955,0
DIA,D,20260429,000000,148.533,149.021,146.583,147.753,51181.881265638,0
DIA,D,20260430,000000,147.753,149.216,146.095,148.241,149388.833422467,0
DIA,D,20260504,000000,151.264,154.58,149.899,153.702,57264.318152964,0
DIA,D,20260505,000000,154.287,156.53,153.312,153.605,66377.71988164801,0
DIA,D,20260506,000000,156.043,158.578,154.19,157.603,112527.133135992,0
DIA,D,20260507,000000,157.993,158.481,154.677,155.848,49064.5123896555,0
DIA,D,20260508,000000,156.043,156.043,153.605,154.775,46250.9239171635,0
DIA,D,20260511,000000,154.092,156.433,151.752,155.067,74751.8368841415,0
DIA,D,20260512,000000,155.067,155.555,152.629,154.19,32076.3440907315,0
DIA,D,20260513,000000,154.092,154.775,153.312,153.409,48421.611525132,0
DIA,D,20260514,000000,154.385,156.335,153.117,155.165,34970.936021433,0
DIA,D,20260515,000000,154.287,155.653,154.092,155.165,29598.048413613,0
DIA,D,20260518,000000,155.945,157.018,154.287,156.238,28058.982707632502,0
DIA,D,20260519,000000,157.018,157.506,154.385,155.067,46176.072620337,0
DIA,D,20260520,000000,155.36,157.701,154.092,157.701,29329.404033222,0
DIA,D,20260521,000000,157.701,159.261,156.14,157.213,28160.493370452,0
DIA,D,20260522,000000,157.993,158.481,156.14,157.116,20751.240344859,0
DIA,D,20260525,000000,158.481,161.407,158.091,161.309,35524.630545903,0
DIA,D,20260526,000000,161.894,162.87,159.066,159.066,30155.844379005,0
DIA,D,20260527,000000,160.626,161.212,157.506,157.798,27692.929105344,0
DIA,D,20260528,000000,159.651,162.772,156.433,161.407,76854.850716897,0
DIA,D,20260529,000000,165.795,177.304,162.479,173.5,199143.413247249,0
DIA,D,20260601,000000,175.1,177,171,173.1,63192,0
DIA,D,20260602,000000,174.9,175.9,171.3,172.2,45445,0
DIA,D,20260603,000000,175,175,167.6,167.6,31264,0
DIA,D,20260605,000000,170,173.4,167.6,171.9,30449,0
DIA,D,20260608,000000,171.9,176,167.8,175.9,48820,0
DIA,D,20260609,000000,176.9,177,173.7,174.9,19606,0
DIA,D,20260610,000000,175,175.2,173,174.9,33825,0
DIA,D,20260611,000000,175,176.4,172.4,175.8,31696,0
DIA,D,20260612,000000,176.5,177.8,175.7,177.4,23020,0
DIA,D,20260615,000000,179,180,175.7,175.7,27097,0
DIA,D,20260616,000000,175.8,177.3,172.6,174.4,23073,0
DIA,D,20260617,000000,176.5,177.2,172,175.1,28121,0
DIA,D,20260618,000000,175.8,175.8,172,172,24460,0
DIA,D,20260619,000000,172,174.3,170.6,172.4,76971,0
DIA,D,20260622,000000,173.8,173.8,172,172.6,11928,0
DIA,D,20260623,000000,172.5,173,170.3,172.5,18729,0
DIA,D,20260624,000000,172.6,172.6,170.6,171.7,18172,0
DIA,D,20260625,000000,171.7,173,170.5,172.4,61235,0
DIA,D,20260626,000000,172.4,174,170.2,172,63214,0
DIA,D,20260629,000000,172,176.6,172,175.1,28933,0
DIA,D,20260630,000000,176,176.5,172.6,173.7,24966,0
DIA,D,20260701,000000,175.2,175.2,172.1,174,64860,0
DIA,D,20260702,000000,174.9,179.5,174.1,179.5,55310,0
DIA,D,20260703,000000,179.5,181.5,178,181.5,43056,0
DIA,D,20260706,000000,182,183,178.8,181.4,25374,0
DIA,D,20260707,000000,181,182,179,180.9,15415,0
DIA,D,20260708,000000,180.6,181.1,176.3,177.8,16347,0
DIA,D,20260709,000000,179.9,181.7,178.3,180.9,29608,0
DIA,D,20260710,000000,181.4,184,180,181.7,37415,0
DIA,D,20260713,000000,182,182.8,178.4,180,14379,0
DIA,D,20260714,000000,180.1,180.4,176.4,177.5,22715,0
DIA,D,20260715,000000,179,179,173.8,175,29365,0
DIA,D,20260716,000000,175,177,171.9,173.2,28864,0
DIA,D,20260717,000000,174.6,174.6,170.1,171,23560,0
DIA,D,20260720,000000,172.5,174.5,170.1,173.3,17065,0
DIA,D,20260721,000000,173,175.7,171.2,175.7,26687,0
DIA,D,20260722,000000,175.8,176.2,167,169.4,57391,0
DIA,D,20260723,000000,170.1,171,165.7,166.1,38705,0
DIA,D,20260724,000000,166.5,167.1,162.5,163.9,68227,0
DIA,D,20260727,000000,165,168,164.6,166.5,11141,0
DIA,D,20260728,000000,167.3,167.7,165,165.6,20662,0
DIA,D,20260729,000000,167.4,168.5,166.1,166.4,17428,0
DIA,D,20260730,000000,166.9,168.7,166.1,167.7,16778,0
DIA,D,20260731,000000,167.7,169.3,165.7,166.6,22204,0
DIA,D,20260803,000000,166.7,169,166.6,167.8,19809,0
DIA,D,20260804,000000,169,169.8,165.1,165.5,41703,0
DIA,D,20260805,000000,167,167,163.8,164.5,33277,0
DIA,D,20260806,000000,164.6,167.5,163.4,164.1,37250,0
DIA,D,20260807,000000,165.1,169.2,165,169.2,23961,0
DIA,D,20260810,000000,169.2,172,168.7,171,36396,0
DIA,D,20260811,000000,172,172,168.8,169.3,27060,0
DIA,D,20260812,000000,170.1,172,169.5,170.1,28274,0
DIA,D,20260813,000000,170.8,171.3,168.2,169.7,24035,0
DIA,D,20260814,000000,170,170.3,168.2,168.8,11731,0
DIA,D,20260817,000000,168.8,169.6,166.4,167,16669,0
DIA,D,20260818,000000,167,168.9,165,166.2,48971,0
