<TICKER>,<PER>,<DATE>,<TIME>,<OPEN>,<HIGH>,<LOW>,<CLOSE>,<VOL>,<OPENINT>
GIF,D,20200724,000000,34.278,34.278,25.537,30.743,540610,0
GIF,D,20200727,000000,34.377,39.288,30.939,39.288,224337,0
GIF,D,20200728,000000,44.199,48.618,35.801,35.801,300905,0
GIF,D,20200729,000000,35.752,35.752,29.466,33.198,75832,0
GIF,D,20200730,000000,33.886,33.886,26.519,27.108,55347,0
GIF,D,20200804,000000,32.412,32.953,29.171,30.448,88376,0
GIF,D,20200805,000000,31.627,31.916,28.975,29.122,26224,0
GIF,D,20200806,000000,29.957,29.957,26.028,27.01,18017,0
GIF,D,20200807,000000,27.894,27.894,24.363,25.832,19479,0
GIF,D,20200810,000000,27.108,27.108,25.341,25.537,11847,0
GIF,D,20200811,000000,25.39,25.39,21.608,23.091,20363,0
GIF,D,20200812,000000,22.694,22.694,20.43,21.702,23739,0
GIF,D,20200813,000000,21.702,25.031,21.702,24.064,16210,0
GIF,D,20200814,000000,25.046,25.635,24.555,24.849,15974,0
GIF,D,20200817,000000,25.832,25.832,23.248,24.555,7901,0
GIF,D,20200818,000000,25.783,25.783,23.582,23.965,6344,0
GIF,D,20200819,000000,23.082,25.341,22.689,24.555,6232,0
GIF,D,20200820,000000,24.83,25.439,23.578,24.26,6887,0
GIF,D,20200821,000000,24.26,24.506,23.587,24.064,3495,0
GIF,D,20200824,000000,24.26,25.832,23.573,24.26,8134,0
GIF,D,20200825,000000,24.948,25.041,24.064,25.036,2552,0
GIF,D,20200826,000000,25.802,25.802,25.144,25.154,5047,0
GIF,D,20200827,000000,25.439,25.832,24.673,25.242,4044,0
GIF,D,20200828,000000,25.537,25.537,24.555,25.242,5023,0
GIF,D,20200831,000000,24.565,24.653,24.064,24.653,4089,0
GIF,D,20200901,000000,24.702,24.756,23.278,24.064,7174,0
GIF,D,20200902,000000,24.358,25.046,23.573,24.064,6280,0
GIF,D,20200903,000000,24.648,24.648,24.074,24.457,2940,0
GIF,D,20200904,000000,23.278,23.965,22.689,22.738,7077,0
GIF,D,20200907,000000,23.082,23.848,21.898,23.474,4638,0
GIF,D,20200908,000000,23.082,23.376,16.927,21.962,29286,0
GIF,D,20200909,000000,20.626,21.264,20.626,20.822,5569,0
GIF,D,20200910,000000,20.822,21.986,20.626,21.412,9514,0
GIF,D,20200911,000000,22.099,22.983,22.001,22.109,4718,0
GIF,D,20200914,000000,22.59,22.59,22.001,22.006,1468,0
GIF,D,20200915,000000,22.006,22.576,20.891,21.117,2629,0
GIF,D,20200916,000000,21.117,22.094,20.921,21.51,2345,0
GIF,D,20200917,000000,22.374,22.374,21.117,21.805,1434,0
GIF,D,20200918,000000,22.296,22.296,20.827,21.166,931,0
GIF,D,20200921,000000,21.166,21.51,19.742,20.626,3760,0
GIF,D,20200922,000000,20.626,20.626,18.662,20.616,5392,0
GIF,D,20200923,000000,20.626,20.626,18.367,19.33,7885,0
GIF,D,20200924,000000,19.546,19.546,18.465,18.662,2729,0
GIF,D,20200925,000000,18.662,18.662,17.188,18.161,4189,0
GIF,D,20200928,000000,18.161,18.579,17.587,18.072,4446,0
GIF,D,20200929,000000,18.662,19.644,18.463,19.548,5001,0
GIF,D,20200930,000000,20.076,20.076,18.662,18.858,3381,0
GIF,D,20201001,000000,19.638,19.638,18.514,18.76,2792,0
GIF,D,20201002,000000,18.563,18.567,16.992,17.679,8180,0
GIF,D,20201005,000000,18.112,18.611,17.923,18.171,2302,0
GIF,D,20201006,000000,18.465,18.465,17.689,17.689,1687,0
GIF,D,20201007,000000,17.689,18.171,17.677,17.679,2166,0
GIF,D,20201008,000000,17.679,18.151,17.385,18.151,3396,0
GIF,D,20201009,000000,18.171,18.171,17.118,17.66,5790,0
GIF,D,20201012,000000,18.072,18.072,16.599,16.845,7911,0
GIF,D,20201013,000000,16.452,17.186,14.813,15.713,20370,0
GIF,D,20201014,000000,14.929,15.42,14.144,14.733,14881,0
GIF,D,20201015,000000,14.733,17.09,14.733,15.568,17907,0
GIF,D,20201016,000000,15.145,17.336,15.145,16.579,9386,0
GIF,D,20201019,000000,17.198,18.662,15.715,17.876,14948,0
GIF,D,20201020,000000,18.072,18.652,16.695,17.67,5723,0
GIF,D,20201021,000000,18.514,19.644,17.697,18.072,9947,0
GIF,D,20201022,000000,18.072,18.542,16.314,17.679,4096,0
GIF,D,20201023,000000,17.679,17.679,16.334,16.992,3905,0
GIF,D,20201026,000000,17.63,17.63,15.912,16.599,5976,0
GIF,D,20201027,000000,16.206,17.471,15.617,15.715,6285,0
GIF,D,20201028,000000,15.617,15.695,13.751,14.733,18210,0
GIF,D,20201029,000000,13.967,14.711,13.269,13.656,9921,0
GIF,D,20201030,000000,13.456,14.124,12.827,14.124,5552,0
GIF,D,20201102,000000,14.586,14.586,13.258,13.651,4510,0
GIF,D,20201103,000000,13.947,14.043,13.26,13.739,5600,0
GIF,D,20201104,000000,13.739,14.556,13.737,14.144,4412,0
GIF,D,20201105,000000,14.556,15.086,14.242,14.998,2953,0
GIF,D,20201106,000000,15.617,15.617,14.242,14.959,4757,0
GIF,D,20201109,000000,15.489,15.517,14.045,14.733,6177,0
GIF,D,20201110,000000,14.24,14.584,14.055,14.242,9143,0
GIF,D,20201112,000000,14.242,16.599,14.144,16.599,11663,0
GIF,D,20201113,000000,17.385,17.385,15.391,16.135,5864,0
GIF,D,20201116,000000,16.139,16.206,14.782,14.782,4683,0
GIF,D,20201117,000000,14.782,15.635,14.782,14.811,3579,0
GIF,D,20201118,000000,14.831,15.617,14.802,15.617,1820,0
GIF,D,20201119,000000,15.813,16.206,15.037,15.705,3009,0
GIF,D,20201120,000000,15.715,15.988,14.802,15.715,1416,0
GIF,D,20201123,000000,16.108,16.108,14.831,15.617,3007,0
GIF,D,20201124,000000,15.617,16.059,15.073,15.138,6574,0
GIF,D,20201125,000000,15.715,15.735,14.931,14.931,2382,0
GIF,D,20201126,000000,15.711,15.711,14.978,14.978,2478,0
GIF,D,20201127,000000,15.163,15.275,14.831,14.835,2171,0
GIF,D,20201130,000000,14.929,14.929,14.733,14.878,2406,0
GIF,D,20201201,000000,14.261,14.929,14.261,14.733,3267,0
GIF,D,20201202,000000,14.88,14.929,14.529,14.831,9191,0
GIF,D,20201203,000000,14.929,14.929,14.635,14.925,1361,0
GIF,D,20201204,000000,14.925,14.925,13.652,14.428,23379,0
GIF,D,20201207,000000,14.674,14.694,14.242,14.536,6204,0
GIF,D,20201208,000000,14.723,14.723,14.389,14.391,2776,0
GIF,D,20201209,000000,14.536,15.715,14.391,15.715,14416,0
GIF,D,20201210,000000,15.715,15.715,14.438,14.733,6271,0
GIF,D,20201211,000000,14.929,14.929,14.252,14.733,2094,0
GIF,D,20201214,000000,14.733,14.733,13.947,14.094,6454,0
GIF,D,20201215,000000,13.849,14.23,13.751,14.094,4784,0
GIF,D,20201216,000000,13.947,14.34,13.761,13.949,8549,0
GIF,D,20201217,000000,14.045,14.153,13.751,13.904,2770,0
GIF,D,20201218,000000,14.045,14.045,12.768,13.741,6712,0
GIF,D,20201221,000000,13.731,13.731,12.867,13.26,7141,0
GIF,D,20201222,000000,13.731,13.731,13.083,13.25,10064,0
GIF,D,20201223,000000,13.25,13.554,12.896,13.552,12953,0
GIF,D,20201228,000000,13.456,13.456,12.582,12.712,30527,0
GIF,D,20201229,000000,12.768,13.26,12.768,13.26,9652,0
GIF,D,20201230,000000,13.26,13.741,13.258,13.319,5329,0
GIF,D,20210104,000000,13.456,17.188,13.456,17.188,27412,0
GIF,D,20210105,000000,17.827,21.608,17.827,19.644,52650,0
GIF,D,20210107,000000,19.644,21.51,18.18,19.742,27048,0
GIF,D,20210108,000000,20.626,20.626,18.279,18.946,11373,0
GIF,D,20210111,000000,19.447,20.474,18.416,19.644,21252,0
GIF,D,20210112,000000,20.822,20.822,18.465,19.349,6669,0
GIF,D,20210113,000000,19.546,19.644,18.173,18.789,15575,0
GIF,D,20210114,000000,18.662,19.045,16.894,17.679,41257,0
GIF,D,20210115,000000,17.679,18.068,17.581,17.581,6001,0
GIF,D,20210118,000000,17.237,18.367,17.237,17.679,6588,0
GIF,D,20210119,000000,17.483,18.07,17.483,17.63,3454,0
GIF,D,20210120,000000,17.564,17.876,17.434,17.485,4726,0
GIF,D,20210121,000000,17.444,17.67,16.108,16.982,8076,0
GIF,D,20210122,000000,17.086,17.086,16.216,16.353,5607,0
GIF,D,20210125,000000,16.353,16.943,16.108,16.108,6950,0
GIF,D,20210126,000000,16.108,16.385,15.715,16.304,8705,0
GIF,D,20210127,000000,16.697,18.171,16.697,17.179,24153,0
GIF,D,20210128,000000,17.237,17.581,16.304,16.992,10024,0
GIF,D,20210129,000000,16.992,17.167,16.505,16.511,5275,0
GIF,D,20210201,000000,16.462,16.841,16.206,16.31,3524,0
GIF,D,20210202,000000,16.501,16.501,16.206,16.403,5461,0
GIF,D,20210203,000000,16.304,17.569,16.206,16.206,12344,0
GIF,D,20210204,000000,16.501,16.587,16.306,16.403,3006,0
GIF,D,20210205,000000,16.501,17.188,16.314,16.495,3756,0
GIF,D,20210208,000000,16.495,16.687,16.304,16.304,4821,0
GIF,D,20210209,000000,16.501,16.522,16.206,16.295,8554,0
GIF,D,20210210,000000,16.401,16.401,15.853,15.97,8839,0
GIF,D,20210211,000000,16.206,16.353,15.912,16.353,3070,0
GIF,D,20210212,000000,16.353,16.795,16.353,16.589,5596,0
GIF,D,20210215,000000,16.599,16.845,16.316,16.648,5538,0
GIF,D,20210216,000000,16.699,16.699,16.302,16.668,8878,0
GIF,D,20210217,000000,16.668,16.668,16.206,16.206,2238,0
GIF,D,20210218,000000,16.501,16.501,15.912,16.108,4637,0
GIF,D,20210219,000000,15.912,16.106,15.528,15.528,12552,0
GIF,D,20210222,000000,16.283,16.283,15.371,15.898,8505,0
GIF,D,20210223,000000,15.99,16.09,15.381,15.42,5234,0
GIF,D,20210224,000000,15.42,15.986,15.222,15.98,2918,0
GIF,D,20210225,000000,16.088,16.088,15.715,15.715,1092,0
GIF,D,20210226,000000,15.713,15.713,15.214,15.418,2076,0
GIF,D,20210301,000000,14.941,15.499,14.939,15.499,2404,0
GIF,D,20210302,000000,15.499,16.037,14.929,15.234,3730,0
GIF,D,20210303,000000,15.617,15.617,15.322,15.324,1998,0
GIF,D,20210304,000000,15.086,15.42,14.536,14.949,8368,0
GIF,D,20210305,000000,15.224,15.46,14.635,14.831,4502,0
GIF,D,20210308,000000,14.644,15.253,14.578,15.253,2305,0
GIF,D,20210309,000000,14.841,15.251,14.841,15.028,4064,0
GIF,D,20210310,000000,15.224,15.609,14.821,15.226,10863,0
GIF,D,20210311,000000,15.226,15.566,15.075,15.381,4481,0
GIF,D,20210312,000000,15.381,15.381,15.126,15.126,2844,0
GIF,D,20210315,000000,15.224,15.224,14.635,14.733,10221,0
GIF,D,20210316,000000,14.929,15.173,14.733,14.737,8286,0
GIF,D,20210317,000000,14.919,15.112,14.733,14.89,2762,0
GIF,D,20210318,000000,14.929,15.124,14.737,14.831,2374,0
GIF,D,20210319,000000,15.067,15.067,14.733,14.833,1424,0
GIF,D,20210322,000000,14.841,14.843,14.637,14.825,2771,0
GIF,D,20210323,000000,15.018,15.018,14.558,14.821,2247,0
GIF,D,20210324,000000,14.821,14.821,14.438,14.729,2325,0
GIF,D,20210325,000000,14.536,14.727,13.083,14.144,7060,0
GIF,D,20210326,000000,14.536,14.536,13.751,14.534,1296,0
GIF,D,20210329,000000,14.534,14.733,13.761,14.733,20857,0
GIF,D,20210330,000000,15.32,15.517,14.772,15.47,12038,0
GIF,D,20210331,000000,15.705,15.715,14.733,14.831,11910,0
GIF,D,20210401,000000,14.831,14.831,13.751,14.438,5385,0
GIF,D,20210406,000000,14.595,15.204,14.379,15.185,8593,0
GIF,D,20210407,000000,15.165,15.44,14.772,15.067,5330,0
GIF,D,20210408,000000,15.086,15.224,14.91,15.185,2689,0
GIF,D,20210409,000000,15.185,16.128,15.165,15.735,12753,0
GIF,D,20210412,000000,15.813,16.206,15.538,15.872,13633,0
GIF,D,20210413,000000,16.01,16.108,15.636,15.892,6701,0
GIF,D,20210414,000000,15.892,16.088,15.735,15.872,6014,0
GIF,D,20210415,000000,15.715,15.892,15.224,15.715,3372,0
GIF,D,20210416,000000,15.715,15.715,15.361,15.597,2094,0
GIF,D,20210419,000000,15.401,15.42,15.106,15.106,2737,0
GIF,D,20210420,000000,15.106,15.126,14.261,14.792,6410,0
GIF,D,20210421,000000,14.772,14.772,14.379,14.379,3268,0
GIF,D,20210422,000000,14.379,14.635,13.947,14.438,11263,0
GIF,D,20210423,000000,14.104,14.478,14.065,14.399,8450,0
GIF,D,20210426,000000,14.261,14.379,13.927,14.242,7465,0
GIF,D,20210427,000000,14.34,14.34,13.947,13.967,3386,0
GIF,D,20210428,000000,14.045,14.242,13.908,13.967,7578,0
GIF,D,20210429,000000,14.202,15.028,14.045,14.949,6592,0
GIF,D,20210430,000000,14.929,14.929,14.32,14.615,8324,0
GIF,D,20210504,000000,14.733,14.733,14.379,14.536,3980,0
GIF,D,20210505,000000,14.536,14.536,14.183,14.399,2461,0
GIF,D,20210506,000000,14.34,14.674,14.045,14.124,4427,0
GIF,D,20210507,000000,14.34,14.615,14.144,14.556,2838,0
GIF,D,20210510,000000,14.497,14.694,14.399,14.478,3338,0
GIF,D,20210511,000000,14.379,14.536,14.144,14.34,10106,0
GIF,D,20210512,000000,14.458,14.694,14.202,14.34,3824,0
GIF,D,20210513,000000,14.42,14.58,14.2,14.2,1685,0
GIF,D,20210514,000000,14.22,14.5,14.2,14.46,3533,0
GIF,D,20210517,000000,14.2,14.52,14.14,14.52,3690,0
GIF,D,20210518,000000,14.54,14.54,13.9,14.1,7054,0
GIF,D,20210519,000000,14.06,14.08,13.5,13.7,3305,0
GIF,D,20210520,000000,13.58,13.9,13.52,13.76,5944,0
GIF,D,20210521,000000,13.86,14.08,13.86,14.08,5996,0
GIF,D,20210524,000000,14.24,14.92,14,14.5,6152,0
GIF,D,20210525,000000,14.5,14.5,14.08,14.42,4292,0
GIF,D,20210526,000000,14.5,14.86,14.2,14.4,2214,0
GIF,D,20210527,000000,14.68,14.7,14.2,14.44,4798,0
GIF,D,20210528,000000,14.42,14.42,14.08,14.4,1855,0
GIF,D,20210531,000000,14,14.2,13.82,13.9,5954,0
GIF,D,20210601,000000,13.92,14.1,13.66,14,3189,0
GIF,D,20210602,000000,13.9,13.98,13.86,13.98,3052,0
GIF,D,20210604,000000,14.16,14.16,13.92,14,845,0
GIF,D,20210607,000000,14.02,14.3,13.9,14.16,4971,0
GIF,D,20210608,000000,14.16,14.22,13.9,14.14,4436,0
GIF,D,20210609,000000,14.2,14.22,13.88,14.18,3187,0
GIF,D,20210610,000000,14.1,14.1,13.9,14,1280,0
GIF,D,20210611,000000,14.1,14.1,13.9,14.1,802,0
GIF,D,20210614,000000,14.14,14.2,13.84,14.2,3030,0
GIF,D,20210615,000000,14.28,14.28,13.9,14.1,1677,0
GIF,D,20210616,000000,13.9,14.1,13.6,14.1,2831,0
GIF,D,20210617,000000,14.18,14.18,13.5,13.78,6061,0
GIF,D,20210618,000000,13.7,13.72,13.56,13.6,4001,0
GIF,D,20210621,000000,13.6,13.6,13,13.3,6358,0
GIF,D,20210622,000000,13.44,13.5,13,13.1,4034,0
GIF,D,20210623,000000,13.28,13.28,13,13.26,2094,0
GIF,D,20210624,000000,13.42,13.42,13,13.24,2606,0
GIF,D,20210625,000000,13.24,13.24,12.5,12.98,9064,0
GIF,D,20210628,000000,12.64,12.96,12.64,12.7,1428,0
GIF,D,20210629,000000,12.7,13,12.6,12.6,6451,0
GIF,D,20210630,000000,12.86,12.86,12.5,12.7,7692,0
GIF,D,20210701,000000,12.86,13,12.82,13,2747,0
GIF,D,20210702,000000,12.94,13.16,12.8,12.92,4533,0
GIF,D,20210705,000000,12.9,12.9,12.7,12.74,1932,0
GIF,D,20210706,000000,12.64,12.88,12.6,12.64,3777,0
GIF,D,20210707,000000,12.84,13.08,12.66,13.08,3373,0
GIF,D,20210708,000000,13.08,13.08,12.74,13,1506,0
GIF,D,20210709,000000,13.08,13.08,12.8,13.04,183,0
GIF,D,20210712,000000,13.04,13.06,12.7,12.7,1309,0
GIF,D,20210713,000000,13,13.08,12.66,12.7,2136,0
GIF,D,20210714,000000,12.7,12.74,12.6,12.68,2234,0
GIF,D,20210715,000000,12.68,12.9,12.6,12.88,1219,0
GIF,D,20210716,000000,12.68,12.8,12.68,12.8,138,0
GIF,D,20210719,000000,12.98,12.98,12.26,12.4,3267,0
GIF,D,20210720,000000,12.48,12.58,12.3,12.48,940,0
GIF,D,20210721,000000,12.52,12.52,12.2,12.2,1915,0
GIF,D,20210722,000000,12.5,12.9,12.28,12.48,2886,0
GIF,D,20210723,000000,12.4,12.4,11.74,12,14213,0
GIF,D,20210726,000000,12,12,11.72,12,3365,0
GIF,D,20210727,000000,11.7,12,11.22,11.72,29662,0
GIF,D,20210728,000000,11.78,11.78,11.2,11.5,13662,0
GIF,D,20210729,000000,11.5,11.5,10.82,10.86,23642,0
GIF,D,20210730,000000,10.98,11.3,10.82,11.26,6454,0
GIF,D,20210802,000000,11.34,11.34,10.68,10.92,21199,0
GIF,D,20210803,000000,10.5,10.5,10.3,10.4,7119,0
GIF,D,20210804,000000,10.28,10.7,9.9,10,25957,0
GIF,D,20210805,000000,10,10.2,9.8,10.2,10404,0
GIF,D,20210806,000000,9.9,10.2,9.9,10.14,11738,0
GIF,D,20210809,000000,10.14,10.14,9.61,9.61,14416,0
GIF,D,20210810,000000,9.7,9.9,9.7,9.86,7639,0
GIF,D,20210811,000000,9.85,9.87,9.8,9.82,6159,0
GIF,D,20210812,000000,9.82,9.93,9.78,9.93,11242,0
GIF,D,20210813,000000,9.99,9.99,9.65,9.94,5748,0
GIF,D,20210816,000000,9.94,9.94,9.61,9.75,3822,0
GIF,D,20210817,000000,9.89,10.2,9.7,10.18,10387,0
GIF,D,20210818,000000,10.2,10.4,9.59,9.86,11596,0
GIF,D,20210819,000000,9.86,9.92,9.55,9.64,10174,0
GIF,D,20210820,000000,9.6,9.6,9.01,9.23,14190,0
GIF,D,20210823,000000,9.23,9.23,8.78,8.92,20078,0
GIF,D,20210824,000000,8.92,10.38,8.92,10.26,20027,0
GIF,D,20210825,000000,10.5,11.4,9.8,10.74,68751,0
GIF,D,20210826,000000,10.56,10.68,9.84,10,14843,0
GIF,D,20210827,000000,10,10.58,10,10.24,9037,0
GIF,D,20210830,000000,10,10.26,9.84,9.9,3860,0
GIF,D,20210831,000000,10,10.32,9.84,10.26,13479,0
GIF,D,20210901,000000,10.3,10.32,10.04,10.2,5036,0
GIF,D,20210902,000000,10,10.14,9.5,10.08,11627,0
GIF,D,20210903,000000,10.14,10.2,9.8,10.16,9863,0
GIF,D,20210906,000000,10.18,10.26,9.82,9.96,5759,0
GIF,D,20210907,000000,9.96,10.18,9.9,9.92,3415,0
GIF,D,20210908,000000,9.99,10.2,9.87,10,14312,0
GIF,D,20210909,000000,10.24,10.24,9.52,9.58,4269,0
GIF,D,20210910,000000,10.16,10.16,9.75,10,1643,0
GIF,D,20210913,000000,10.08,10.08,9.75,10.04,2859,0
GIF,D,20210914,000000,10.04,10.06,9.82,10.06,2478,0
GIF,D,20210915,000000,10.1,10.1,10,10.08,1640,0
GIF,D,20210916,000000,10.06,10.1,9.88,10.08,1465,0
GIF,D,20210917,000000,10,10.24,10,10.16,4220,0
GIF,D,20210920,000000,10.16,10.16,9.75,9.87,12700,0
GIF,D,20210921,000000,9.72,9.95,9.63,9.95,2021,0
GIF,D,20210922,000000,9.95,10.04,9.72,9.99,3201,0
GIF,D,20210923,000000,9.9,10.04,9.8,10.04,4011,0
GIF,D,20210924,000000,9.82,10,9.8,9.98,3894,0
GIF,D,20210927,000000,9.8,9.99,9.76,9.95,8631,0
GIF,D,20210928,000000,9.94,10.02,9.7,9.95,3182,0
GIF,D,20210929,000000,9.94,9.98,9.72,9.97,678,0
GIF,D,20210930,000000,9.97,9.97,9.73,9.93,3967,0
GIF,D,20211001,000000,9.93,9.93,9.73,9.88,6317,0
GIF,D,20211004,000000,9.93,9.97,9.26,9.89,7654,0
GIF,D,20211005,000000,9.88,9.93,9.77,9.93,5077,0
GIF,D,20211006,000000,9.92,10.06,9.7,9.95,12914,0
GIF,D,20211007,000000,9.89,10.04,9.8,9.95,9859,0
GIF,D,20211008,000000,9.9,10.04,9.84,9.99,14486,0
GIF,D,20211011,000000,10.08,10.16,9.87,10.1,8279,0
GIF,D,20211012,000000,10.1,10.18,10,10.18,7371,0
GIF,D,20211013,000000,10.18,10.64,10.04,10.64,9498,0
GIF,D,20211014,000000,10.66,10.98,10.3,10.3,15384,0
GIF,D,20211015,000000,10.32,10.7,10.3,10.5,5686,0
GIF,D,20211018,000000,10.6,10.86,10.5,10.66,3976,0
GIF,D,20211019,000000,10.78,10.78,9.9,10.34,7548,0
GIF,D,20211020,000000,10.34,10.34,9.89,10.14,3977,0
GIF,D,20211021,000000,10.14,10.14,9.81,9.82,2339,0
GIF,D,20211022,000000,9.9,9.99,9.8,9.97,2420,0
GIF,D,20211025,000000,9.97,10,9.9,9.9,10078,0
GIF,D,20211026,000000,9.99,10,9.81,9.99,2532,0
GIF,D,20211027,000000,9.85,10,9.85,9.99,682,0
GIF,D,20211028,000000,9.99,10,9.6,9.95,5182,0
GIF,D,20211029,000000,9.95,10,9.8,10,3652,0
GIF,D,20211102,000000,10,10,9.61,9.94,3253,0
GIF,D,20211103,000000,9.98,9.98,9.72,9.95,4053,0
GIF,D,20211104,000000,9.96,9.97,9.76,9.76,1931,0
GIF,D,20211105,000000,9.89,9.89,9.6,9.7,3820,0
GIF,D,20211108,000000,9.7,9.95,9.6,9.6,6961,0
GIF,D,20211109,000000,9.65,9.79,9.41,9.65,2006,0
GIF,D,20211110,000000,9.68,9.68,9.18,9.5,3461,0
GIF,D,20211112,000000,9.3,9.55,9.24,9.49,1893,0
GIF,D,20211115,000000,9.5,9.5,9.3,9.5,2474,0
GIF,D,20211116,000000,9.5,9.5,9.24,9.5,5048,0
GIF,D,20211117,000000,9.48,9.48,9.15,9.23,3837,0
GIF,D,20211118,000000,9.23,9.23,9,9.05,8642,0
GIF,D,20211119,000000,9,9.17,9,9.1,2000,0
GIF,D,20211122,000000,9.1,9.1,8.75,8.9,6820,0
GIF,D,20211123,000000,8.9,8.9,8.77,8.8,5332,0
GIF,D,20211124,000000,8.84,8.84,8.72,8.75,3833,0
GIF,D,20211125,000000,8.84,8.84,8.62,8.62,7805,0
GIF,D,20211126,000000,8.62,8.79,8.55,8.65,9667,0
GIF,D,20211129,000000,8.75,8.75,7.14,7.14,45881,0
GIF,D,20211130,000000,7.13,7.4,6.69,7.14,30837,0
GIF,D,20211201,000000,7.25,7.42,7.25,7.4,9302,0
GIF,D,20211202,000000,7.55,7.55,7.2,7.4,6759,0
GIF,D,20211203,000000,7.4,7.4,7.02,7.19,3249,0
GIF,D,20211206,000000,7.19,7.29,6.72,7.04,13561,0
GIF,D,20211207,000000,7,7.39,7,7.27,15950,0
GIF,D,20211208,000000,7.3,7.33,7.25,7.3,3848,0
GIF,D,20211209,000000,7.38,7.38,7.08,7.22,8999,0
GIF,D,20211210,000000,7.22,7.3,7.1,7.3,1632,0
GIF,D,20211213,000000,7.3,7.3,7.01,7.27,3927,0
GIF,D,20211214,000000,7.01,7.21,7,7.1,7966,0
GIF,D,20211215,000000,7,7.23,7,7.12,12221,0
GIF,D,20211216,000000,7.2,7.2,7.01,7.07,9447,0
GIF,D,20211217,000000,7.19,7.19,7,7,5395,0
GIF,D,20211220,000000,7,7,6.77,6.88,8215,0
GIF,D,20211221,000000,6.9,6.95,6.53,6.7,12805,0
GIF,D,20211222,000000,6.7,6.79,6.54,6.68,10362,0
GIF,D,20211223,000000,6.68,6.7,6.4,6.6,40129,0
GIF,D,20211227,000000,6.55,6.6,6,6.1,52602,0
GIF,D,20211228,000000,6.1,6.34,6,6.2,35759,0
GIF,D,20211229,000000,6.34,7,6.34,7,41536,0
GIF,D,20211230,000000,7,7,6.83,6.97,3666,0
GIF,D,20220103,000000,6.97,7.49,6.97,7.35,5224,0
GIF,D,20220104,000000,7.4,7.48,7.4,7.48,2806,0
GIF,D,20220105,000000,7.47,7.5,7.42,7.5,1210,0
GIF,D,20220107,000000,7.5,8.94,7.5,8.9,20942,0
GIF,D,20220110,000000,9.1,10,9,9.9,44107,0
GIF,D,20220111,000000,10.08,10.4,9.5,9.74,25232,0
GIF,D,20220112,000000,9.79,9.79,9.3,9.49,7301,0
GIF,D,20220113,000000,9.49,9.49,9.03,9.07,3637,0
GIF,D,20220114,000000,9.1,9.19,9,9.1,2758,0
GIF,D,20220117,000000,9.1,9.1,8.96,8.96,4807,0
GIF,D,20220118,000000,8.96,8.96,8.3,8.7,3301,0
GIF,D,20220119,000000,8.64,8.64,8,8.31,1708,0
GIF,D,20220120,000000,8.06,8.39,8.06,8.39,585,0
GIF,D,20220121,000000,8.38,8.39,8.16,8.36,3005,0
GIF,D,20220124,000000,8.39,8.39,7.51,7.53,9862,0
GIF,D,20220125,000000,7.5,7.88,7.5,7.6,2992,0
GIF,D,20220126,000000,7.7,8.05,7.58,7.75,1355,0
GIF,D,20220127,000000,7.75,8.2,7.75,8.2,1063,0
GIF,D,20220128,000000,8.36,8.37,7.69,8.09,1651,0
GIF,D,20220131,000000,7.61,8.2,7.61,8.2,2121,0
GIF,D,20220201,000000,8.2,8.2,7.97,8.2,335,0
GIF,D,20220202,000000,8.2,8.37,8,8.28,1072,0
GIF,D,20220203,000000,8.28,8.28,8.01,8.25,253,0
GIF,D,20220204,000000,8.23,8.23,8.13,8.22,595,0
GIF,D,20220207,000000,8.15,8.22,8.01,8.22,811,0
GIF,D,20220208,000000,8.22,8.22,8.2,8.2,150,0
GIF,D,20220209,000000,8.22,8.3,8.22,8.3,560,0
GIF,D,20220210,000000,8.3,8.3,8.1,8.3,1753,0
GIF,D,20220211,000000,8.4,8.4,7.8,8.23,3191,0
GIF,D,20220214,000000,8,8,7.2,7.6,15299,0
GIF,D,20220215,000000,7.56,7.93,7.3,7.93,5085,0
GIF,D,20220216,000000,8.2,8.2,7.61,7.88,2422,0
GIF,D,20220217,000000,8.17,8.17,7.62,7.8,3050,0
GIF,D,20220218,000000,7.8,7.8,7.79,7.79,705,0
GIF,D,20220221,000000,7.8,7.8,7.4,7.79,1458,0
GIF,D,20220222,000000,7.8,8.28,7.42,8.28,3336,0
GIF,D,20220223,000000,8.28,8.32,7.82,8,2273,0
GIF,D,20220224,000000,7.79,7.79,6.51,7.2,12092,0
GIF,D,20220225,000000,7.2,7.7,6.8,7.7,7519,0
GIF,D,20220228,000000,7.74,7.74,7.2,7.63,3940,0
GIF,D,20220301,000000,7.99,7.99,7.32,7.7,3425,0
GIF,D,20220302,000000,7.7,7.7,7.24,7.67,5349,0
GIF,D,20220303,000000,7.67,7.67,7.25,7.4,1982,0
GIF,D,20220304,000000,7.67,7.67,7.25,7.4,1011,0
GIF,D,20220307,000000,7.4,7.4,7.12,7.34,825,0
GIF,D,20220308,000000,7.67,7.67,7.14,7.14,736,0
GIF,D,20220309,000000,7.67,7.67,7.14,7.15,393,0
GIF,D,20220310,000000,7.2,7.35,7.15,7.35,703,0
GIF,D,20220311,000000,7.6,7.9,7.12,7.9,3364,0
GIF,D,20220314,000000,7.9,7.9,7.6,7.9,601,0
GIF,D,20220315,000000,7.9,7.9,7.65,7.9,236,0
GIF,D,20220316,000000,7.9,8,7.65,8,1372,0
GIF,D,20220317,000000,8.32,8.32,7.88,7.9,802,0
GIF,D,20220318,000000,8,8.2,7.82,7.97,612,0
GIF,D,20220321,000000,7.9,8.28,7.41,8.27,4866,0
GIF,D,20220322,000000,8.28,8.29,8.1,8.29,2408,0
GIF,D,20220323,000000,7.8,8.3,7.8,8.29,2038,0
GIF,D,20220324,000000,8.28,8.29,8,8.29,433,0
GIF,D,20220325,000000,8.3,8.3,8.29,8.29,16,0
GIF,D,20220328,000000,8.29,8.3,8.01,8.3,840,0
GIF,D,20220329,000000,8.27,8.47,8.27,8.47,3115,0
GIF,D,20220330,000000,8.46,8.76,8.4,8.7,1887,0
GIF,D,20220331,000000,8.75,8.75,8.3,8.54,2487,0
GIF,D,20220401,000000,8.7,8.7,7.93,8.29,2472,0
GIF,D,20220404,000000,8.2,8.2,7.96,7.97,620,0
GIF,D,20220405,000000,7.97,8.19,7.97,8,696,0
GIF,D,20220406,000000,8.15,8.18,8.15,8.16,248,0
GIF,D,20220407,000000,8.05,8.18,8.04,8.18,153,0
GIF,D,20220408,000000,8.6,8.6,8.19,8.46,731,0
GIF,D,20220411,000000,8.46,8.46,8.07,8.07,626,0
GIF,D,20220412,000000,8.33,8.33,8.11,8.28,335,0
GIF,D,20220413,000000,8.38,8.38,8,8.2,610,0
GIF,D,20220414,000000,8.22,8.22,7.9,7.94,719,0
GIF,D,20220419,000000,8.2,8.2,8.16,8.2,98,0
GIF,D,20220420,000000,8.22,8.22,7.98,8.18,980,0
GIF,D,20220421,000000,8.18,8.18,7.7,8.1,2014,0
GIF,D,20220422,000000,8.2,8.2,8,8.16,282,0
GIF,D,20220425,000000,8.16,8.16,7.86,7.86,1404,0
GIF,D,20220426,000000,8.16,8.16,7.52,7.68,1279,0
GIF,D,20220427,000000,7.68,7.68,7.12,7.5,835,0
GIF,D,20220428,000000,7.7,7.7,7.18,7.6,1147,0
GIF,D,20220429,000000,7.4,7.7,7.2,7.7,3683,0
GIF,D,20220502,000000,7.7,7.7,7.12,7.68,1296,0
GIF,D,20220504,000000,7.7,7.7,6.94,6.98,11902,0
GIF,D,20220505,000000,7.06,7.06,6.42,6.46,6004,0
GIF,D,20220506,000000,6.4,6.4,6.06,6.28,2981,0
GIF,D,20220509,000000,6.28,6.28,5.98,5.98,7025,0
GIF,D,20220510,000000,6.06,6.34,5.96,6.34,3713,0
GIF,D,20220511,000000,6.44,6.44,6,6.22,2367,0
GIF,D,20220512,000000,6.38,6.38,6.04,6.32,755,0
GIF,D,20220513,000000,6.3,6.3,6.08,6.3,1414,0
GIF,D,20220516,000000,6.4,6.4,6.14,6.4,905,0
GIF,D,20220517,000000,6.38,6.64,6.38,6.42,5617,0
GIF,D,20220518,000000,6.42,6.42,6.4,6.4,5267,0
GIF,D,20220519,000000,6.4,6.4,6.38,6.38,1084,0
GIF,D,20220520,000000,6.36,6.36,6.12,6.12,1252,0
GIF,D,20220523,000000,6.3,6.32,6.14,6.32,1039,0
GIF,D,20220524,000000,6.3,6.3,6.12,6.12,348,0
GIF,D,20220525,000000,6.2,6.6,6.12,6.12,5836,0
GIF,D,20220526,000000,6.1,6.26,6.1,6.26,51,0
GIF,D,20220527,000000,6.1,6.28,6.1,6.28,2289,0
GIF,D,20220530,000000,6.1,6.28,6.1,6.28,2861,0
GIF,D,20220531,000000,6.3,6.34,6.14,6.14,214,0
GIF,D,20220601,000000,6.14,6.34,6.14,6.3,1252,0
GIF,D,20220602,000000,6.3,6.3,5.94,5.98,3232,0
GIF,D,20220603,000000,6.08,6.52,5.92,6.1,7585,0
GIF,D,20220606,000000,6.2,6.36,6.06,6.36,894,0
GIF,D,20220607,000000,6.36,6.36,6.06,6.12,5769,0
GIF,D,20220608,000000,6.12,6.12,6.12,6.12,100,0
GIF,D,20220609,000000,6.02,6.16,5.66,5.8,3834,0
GIF,D,20220610,000000,5.8,5.98,5.68,5.98,2206,0
GIF,D,20220613,000000,5.46,5.94,5.46,5.9,3288,0
GIF,D,20220614,000000,6,6,5.68,5.76,1477,0
GIF,D,20220615,000000,5.86,5.86,5.62,5.8,1678,0
GIF,D,20220617,000000,5.86,5.94,5.58,5.94,3584,0
GIF,D,20220620,000000,5.94,5.94,5.5,5.72,5787,0
GIF,D,20220621,000000,5.6,5.82,5.6,5.68,4402,0
GIF,D,20220622,000000,5.6,5.66,5.42,5.54,2461,0
GIF,D,20220623,000000,5.54,5.82,5.54,5.62,1671,0
GIF,D,20220624,000000,5.8,5.94,5.78,5.78,3679,0
GIF,D,20220627,000000,5.78,6,5.78,6,811,0
GIF,D,20220628,000000,5.9,6,5.72,5.98,3691,0
GIF,D,20220629,000000,5.98,5.98,5.8,5.96,735,0
GIF,D,20220630,000000,5.86,5.86,5.86,5.86,118,0
GIF,D,20220701,000000,5.94,5.94,5.66,5.9,1281,0
GIF,D,20220704,000000,5.9,6.48,5.72,6.48,1441,0
GIF,D,20220705,000000,6.52,6.52,6.1,6.42,2128,0
GIF,D,20220706,000000,6.4,6.4,6.12,6.38,616,0
GIF,D,20220707,000000,6.38,6.4,6.16,6.38,2025,0
GIF,D,20220708,000000,6.42,6.42,6.12,6.38,2584,0
GIF,D,20220711,000000,6.3,6.3,5.9,6.3,3066,0
GIF,D,20220712,000000,6.1,6.16,6,6.16,655,0
GIF,D,20220713,000000,6.18,6.18,5.94,6,863,0
GIF,D,20220714,000000,6.1,6.1,5.84,5.9,781,0
GIF,D,20220715,000000,5.72,5.8,5.66,5.8,1225,0
GIF,D,20220718,000000,5.6,6,5.6,5.96,840,0
GIF,D,20220719,000000,5.96,5.98,5.8,5.98,580,0
GIF,D,20220720,000000,5.98,5.98,5.68,5.8,1030,0
GIF,D,20220721,000000,5.96,5.96,5.88,5.9,105,0
GIF,D,20220722,000000,5.96,6.18,5.96,6.18,5909,0
GIF,D,20220725,000000,6.18,6.18,6.1,6.1,1743,0
GIF,D,20220726,000000,6.12,6.14,6.02,6.1,3560,0
GIF,D,20220727,000000,6.1,6.14,5.92,6.1,3142,0
GIF,D,20220728,000000,6.14,6.14,5.94,6.12,2706,0
GIF,D,20220729,000000,6.12,6.12,5.98,6,2478,0
GIF,D,20220801,000000,6.1,6.18,5.98,6.06,1017,0
GIF,D,20220802,000000,6,6.14,5.98,6.14,761,0
GIF,D,20220803,000000,6.14,6.2,5.96,6,4120,0
GIF,D,20220804,000000,6,6.22,6,6.2,5504,0
GIF,D,20220805,000000,6.2,6.2,6.06,6.1,2004,0
GIF,D,20220808,000000,6.14,6.16,5.98,6.16,4661,0
GIF,D,20220809,000000,6.2,6.28,6,6.22,3948,0
GIF,D,20220810,000000,6.62,6.62,6.24,6.32,6530,0
GIF,D,20220811,000000,6.5,7.4,6.5,7.3,26907,0
GIF,D,20220812,000000,7.38,7.48,6.86,7.3,19722,0
GIF,D,20220816,000000,7.36,7.7,7.02,7.7,11087,0
GIF,D,20220817,000000,7.68,7.7,7.12,7.4,6041,0
GIF,D,20220818,000000,7.04,7.34,6.34,6.96,12684,0
GIF,D,20220819,000000,6.98,6.98,6.4,6.86,2182,0
GIF,D,20220822,000000,6.5,6.76,6.5,6.76,2712,0
GIF,D,20220823,000000,6.76,6.76,6.32,6.64,569,0
GIF,D,20220824,000000,6.64,6.64,6.36,6.58,3047,0
GIF,D,20220825,000000,6.6,6.94,6.58,6.58,2833,0
GIF,D,20220826,000000,6.6,6.6,6.36,6.52,7354,0
GIF,D,20220829,000000,6.64,6.64,6.3,6.34,622,0
GIF,D,20220830,000000,6.36,6.6,6.36,6.5,597,0
GIF,D,20220831,000000,6.6,6.6,6.36,6.6,976,0
GIF,D,20220901,000000,6.6,6.64,6.6,6.64,395,0
GIF,D,20220902,000000,6.8,6.9,6.42,6.72,3891,0
GIF,D,20220905,000000,6.72,7.14,6.62,7.14,6713,0
GIF,D,20220906,000000,7.1,7.14,6.82,7.12,5275,0
GIF,D,20220907,000000,7.06,7.18,6.5,7.18,10453,0
GIF,D,20220908,000000,7.18,7.18,6.9,7,1432,0
GIF,D,20220909,000000,7.14,7.14,6.82,7.08,911,0
GIF,D,20220912,000000,7.18,7.18,6.54,6.9,6828,0
GIF,D,20220913,000000,6.9,6.9,6.64,6.9,483,0
GIF,D,20220914,000000,6.9,6.9,6.7,6.9,1203,0
GIF,D,20220915,000000,6.88,7.08,6.7,7.08,3382,0
GIF,D,20220916,000000,6.98,6.98,6.6,6.86,4300,0
GIF,D,20220919,000000,6.92,6.94,6.54,6.94,2593,0
GIF,D,20220920,000000,6.92,7.06,6.8,6.8,1892,0
GIF,D,20220921,000000,6.8,7.18,6.62,7.08,4956,0
GIF,D,20220922,000000,6.92,7.14,6.5,6.54,3649,0
GIF,D,20220923,000000,6.76,6.76,6.1,6.46,5453,0
GIF,D,20220926,000000,6.08,6.28,5.8,6,8229,0
GIF,D,20220927,000000,6,6.16,5.9,6.16,1290,0
GIF,D,20220928,000000,6,6,5.98,5.98,936,0
GIF,D,20220929,000000,6,6.16,5.8,5.96,5880,0
GIF,D,20220930,000000,5.72,5.98,5.72,5.9,2402,0
GIF,D,20221003,000000,5.98,5.98,5.44,5.56,4870,0
GIF,D,20221004,000000,5.58,5.58,5.38,5.48,6861,0
GIF,D,20221005,000000,5.4,5.48,5.4,5.48,750,0
GIF,D,20221006,000000,5.44,5.44,5.28,5.4,2775,0
GIF,D,20221007,000000,5.4,5.5,5.12,5.34,6839,0
GIF,D,20221010,000000,5.3,5.46,5.1,5.1,5912,0
GIF,D,20221011,000000,5.4,5.4,5,5.16,5105,0
GIF,D,20221012,000000,5.16,5.16,5,5.1,2364,0
GIF,D,20221013,000000,4.9,4.99,4.84,4.99,4608,0
GIF,D,20221014,000000,5,5.26,4.79,5.26,2079,0
GIF,D,20221017,000000,5.26,5.26,5.18,5.2,849,0
GIF,D,20221018,000000,5.2,5.24,5.12,5.22,114,0
GIF,D,20221019,000000,5.24,5.26,5.2,5.26,252,0
GIF,D,20221020,000000,5.24,5.46,5.24,5.46,875,0
GIF,D,20221021,000000,5.38,5.38,4.98,5.1,3841,0
GIF,D,20221024,000000,5.08,5.08,4.81,4.85,1206,0
GIF,D,20221025,000000,4.85,5.04,4.8,4.8,1257,0
GIF,D,20221026,000000,4.8,4.95,4.59,4.95,3628,0
GIF,D,20221027,000000,5.08,5.08,4.85,5.06,1217,0
GIF,D,20221028,000000,5.06,5.06,5,5.02,207,0
GIF,D,20221031,000000,5.06,5.3,5.04,5.28,1320,0
GIF,D,20221102,000000,5.26,5.54,5.26,5.4,9389,0
GIF,D,20221103,000000,5.48,5.8,5.3,5.8,1415,0
GIF,D,20221104,000000,5.8,5.8,5.56,5.7,804,0
GIF,D,20221107,000000,5.8,5.8,5.7,5.8,1884,0
GIF,D,20221108,000000,5.74,5.76,5.44,5.76,249,0
GIF,D,20221109,000000,5.78,5.78,5.38,5.56,3265,0
GIF,D,20221110,000000,5.6,5.6,5.4,5.42,2890,0
GIF,D,20221114,000000,5.54,5.54,5.3,5.5,851,0
GIF,D,20221115,000000,5.56,5.6,5.46,5.6,1973,0
GIF,D,20221116,000000,5.6,5.6,5.32,5.52,827,0
GIF,D,20221117,000000,5.6,5.8,5.6,5.6,713,0
GIF,D,20221118,000000,5.8,5.8,5.52,5.74,1385,0
GIF,D,20221121,000000,5.74,5.78,5.68,5.76,504,0
GIF,D,20221122,000000,5.76,5.76,5.6,5.7,733,0
GIF,D,20221123,000000,5.7,5.78,5.62,5.72,8249,0
GIF,D,20221124,000000,5.78,5.9,5.64,5.66,4446,0
GIF,D,20221125,000000,5.66,6,5.6,5.8,27489,0
GIF,D,20221128,000000,5.8,5.8,5.24,5.3,4985,0
GIF,D,20221129,000000,4.9,5.34,4.9,5.34,11744,0
GIF,D,20221130,000000,5.46,5.8,5.38,5.8,7261,0
GIF,D,20221201,000000,5.76,5.8,5.52,5.74,1109,0
GIF,D,20221202,000000,5.76,6.26,5.74,6.06,11240,0
GIF,D,20221205,000000,6.24,6.24,5.8,5.92,1750,0
GIF,D,20221206,000000,5.98,6.12,5.8,5.8,3608,0
GIF,D,20221207,000000,5.8,5.8,5.68,5.7,4160,0
GIF,D,20221208,000000,5.68,6.02,5.68,5.9,4654,0
GIF,D,20221209,000000,5.88,5.88,5.7,5.84,1921,0
GIF,D,20221212,000000,6,6,5.76,5.86,1706,0
GIF,D,20221213,000000,5.86,5.94,5.5,5.62,6703,0
GIF,D,20221214,000000,5.62,5.8,5.62,5.66,345,0
GIF,D,20221215,000000,5.88,5.88,5.66,5.74,4949,0
GIF,D,20221216,000000,5.72,5.72,5.7,5.72,282,0
GIF,D,20221219,000000,5.72,5.78,5.72,5.78,455,0
GIF,D,20221220,000000,5.8,5.8,5.66,5.66,619,0
GIF,D,20221221,000000,5.66,5.76,5.66,5.76,3548,0
GIF,D,20221222,000000,5.76,5.76,5.66,5.7,875,0
GIF,D,20221223,000000,5.66,5.7,5.5,5.6,5024,0
GIF,D,20221227,000000,5.5,5.6,5.5,5.54,10892,0
GIF,D,20221228,000000,5.54,5.6,5.5,5.6,5408,0
GIF,D,20221229,000000,5.6,5.6,5.54,5.58,1193,0
GIF,D,20221230,000000,5.56,5.9,5.52,5.78,5341,0
GIF,D,20230102,000000,5.78,5.78,5.6,5.78,1320,0
GIF,D,20230103,000000,5.76,5.76,5.5,5.76,6476,0
GIF,D,20230104,000000,5.76,5.76,5.54,5.7,4806,0
GIF,D,20230105,000000,5.7,5.76,5.6,5.76,1825,0
GIF,D,20230109,000000,5.78,5.78,5.64,5.72,469,0
GIF,D,20230110,000000,5.74,5.78,5.66,5.7,1554,0
GIF,D,20230111,000000,5.76,5.76,5.66,5.68,2042,0
GIF,D,20230112,000000,5.76,5.78,5.7,5.78,1087,0
GIF,D,20230113,000000,5.76,5.76,5.68,5.68,635,0
GIF,D,20230116,000000,5.68,6.08,5.68,5.96,3643,0
GIF,D,20230117,000000,5.96,5.96,5.76,5.76,16,0
GIF,D,20230118,000000,5.8,6.1,5.8,6.08,554,0
GIF,D,20230119,000000,6.08,6.1,5.82,5.98,3375,0
GIF,D,20230120,000000,5.98,5.98,5.9,5.9,201,0
GIF,D,20230123,000000,6,6,5.8,5.82,98,0
GIF,D,20230124,000000,5.82,6,5.8,5.98,4195,0
GIF,D,20230125,000000,5.98,5.98,5.82,5.96,193,0
GIF,D,20230126,000000,5.94,5.94,5.82,5.94,16,0
GIF,D,20230127,000000,5.82,5.94,5.82,5.9,6027,0
GIF,D,20230130,000000,5.9,6.1,5.82,6.02,2287,0
GIF,D,20230131,000000,6,6.1,5.86,6.08,7676,0
GIF,D,20230201,000000,6,6.1,5.88,6.1,149,0
GIF,D,20230202,000000,6.1,6.1,5.88,5.98,960,0
GIF,D,20230203,000000,5.98,6.06,5.92,5.92,2596,0
GIF,D,20230206,000000,5.98,5.98,5.88,5.98,785,0
GIF,D,20230207,000000,5.98,5.98,5.8,5.96,2962,0
GIF,D,20230208,000000,5.96,5.98,5.88,5.9,2323,0
GIF,D,20230209,000000,5.96,6.4,5.88,6.28,8889,0
GIF,D,20230210,000000,6.28,6.28,5.92,5.98,2909,0
GIF,D,20230213,000000,5.96,5.98,5.4,5.78,6080,0
GIF,D,20230214,000000,5.78,5.78,5.64,5.74,7373,0
GIF,D,20230215,000000,5.74,5.74,5.68,5.7,752,0
GIF,D,20230216,000000,5.7,5.92,5.66,5.8,298,0
GIF,D,20230217,000000,5.8,5.8,5.66,5.8,630,0
GIF,D,20230220,000000,5.8,5.8,5.58,5.72,735,0
GIF,D,20230221,000000,5.72,5.72,5.58,5.72,799,0
GIF,D,20230222,000000,5.72,5.72,5.58,5.7,308,0
GIF,D,20230223,000000,5.54,5.68,5.54,5.68,1350,0
GIF,D,20230224,000000,5.68,5.68,5.5,5.64,1293,0
GIF,D,20230227,000000,5.52,5.64,5.5,5.64,484,0
GIF,D,20230228,000000,5.62,5.64,5.48,5.56,1247,0
GIF,D,20230301,000000,5.56,5.64,5.56,5.64,723,0
GIF,D,20230302,000000,5.64,5.64,5.54,5.64,223,0
GIF,D,20230303,000000,5.68,5.68,5.5,5.56,2734,0
GIF,D,20230306,000000,5.22,5.62,5.22,5.62,6096,0
GIF,D,20230307,000000,5.62,5.62,5.54,5.62,1033,0
GIF,D,20230308,000000,5.6,5.6,5.56,5.6,1087,0
GIF,D,20230309,000000,5.6,5.6,5.48,5.5,961,0
GIF,D,20230310,000000,5.5,5.6,5.5,5.6,1542,0
GIF,D,20230313,000000,5.58,5.72,5.44,5.72,2294,0
GIF,D,20230314,000000,5.7,5.7,5.56,5.66,883,0
GIF,D,20230315,000000,5.7,5.7,5.46,5.52,2863,0
GIF,D,20230316,000000,5.52,5.64,5.42,5.42,2026,0
GIF,D,20230317,000000,5.6,5.8,5.5,5.8,2189,0
GIF,D,20230320,000000,5.8,5.8,5.42,5.46,3018,0
GIF,D,20230321,000000,5.46,5.62,5.38,5.38,3916,0
GIF,D,20230322,000000,5.38,5.56,5.38,5.56,532,0
GIF,D,20230323,000000,5.38,5.78,5.38,5.78,2533,0
GIF,D,20230324,000000,5.78,5.9,5.64,5.7,2822,0
GIF,D,20230327,000000,5.7,5.7,5.36,5.6,3930,0
GIF,D,20230328,000000,5.68,5.68,5.46,5.56,2764,0
GIF,D,20230329,000000,5.56,5.66,5.48,5.6,99,0
GIF,D,20230330,000000,5.6,5.6,5.34,5.58,2769,0
GIF,D,20230331,000000,5.58,5.58,5.5,5.5,199,0
GIF,D,20230403,000000,5.48,5.6,5.42,5.48,1018,0
GIF,D,20230404,000000,5.48,5.58,5.26,5.56,6948,0
GIF,D,20230405,000000,5.58,5.6,5.58,5.58,1867,0
GIF,D,20230406,000000,5.58,5.6,5.44,5.6,64,0
GIF,D,20230411,000000,5.62,5.78,5.62,5.78,2008,0
GIF,D,20230412,000000,5.78,5.78,5.56,5.56,788,0
GIF,D,20230413,000000,5.7,5.7,5.62,5.7,237,0
GIF,D,20230414,000000,5.7,5.7,5.62,5.7,87,0
GIF,D,20230417,000000,5.7,5.7,5.68,5.7,8,0
GIF,D,20230418,000000,5.7,5.7,5.54,5.7,1083,0
GIF,D,20230419,000000,5.54,5.66,5.54,5.66,372,0
GIF,D,20230420,000000,5.66,5.68,5.3,5.32,2934,0
GIF,D,20230421,000000,5.36,5.6,5.36,5.5,5974,0
GIF,D,20230424,000000,5.52,5.58,5.52,5.56,107,0
GIF,D,20230425,000000,5.56,5.92,5.42,5.8,17180,0
GIF,D,20230426,000000,5.8,5.9,5.52,5.76,16378,0
GIF,D,20230427,000000,5.7,5.72,5.5,5.6,3863,0
GIF,D,20230428,000000,5.6,5.6,5.5,5.54,3545,0
GIF,D,20230502,000000,5.56,5.76,5.56,5.74,7715,0
GIF,D,20230504,000000,5.74,5.74,5.54,5.68,3589,0
GIF,D,20230505,000000,5.7,5.76,5.38,5.68,8594,0
GIF,D,20230508,000000,5.68,5.72,5.62,5.62,4779,0
GIF,D,20230509,000000,5.64,5.72,5.64,5.64,180,0
GIF,D,20230510,000000,5.66,5.7,5.66,5.7,628,0
GIF,D,20230511,000000,5.7,5.76,5.62,5.7,1816,0
GIF,D,20230512,000000,5.78,5.88,5.68,5.76,6980,0
GIF,D,20230515,000000,5.76,5.8,5.7,5.8,3575,0
GIF,D,20230516,000000,5.8,5.8,5.64,5.8,1032,0
GIF,D,20230517,000000,5.78,5.8,5.68,5.8,1689,0
GIF,D,20230518,000000,5.8,5.8,5.7,5.8,2134,0
GIF,D,20230519,000000,5.84,5.84,5.8,5.8,1007,0
GIF,D,20230522,000000,5.8,5.86,5.8,5.84,2766,0
GIF,D,20230523,000000,5.88,6.38,5.84,6.38,20466,0
GIF,D,20230524,000000,6.06,6.34,5.98,6.2,9923,0
GIF,D,20230525,000000,6.2,6.2,5.98,6.16,818,0
GIF,D,20230526,000000,6.16,6.16,5.98,6.14,246,0
GIF,D,20230529,000000,6.14,6.14,6,6.08,1874,0
GIF,D,20230530,000000,6.08,6.08,5.98,6.08,2422,0
GIF,D,20230531,000000,6.08,6.08,6,6.04,594,0
GIF,D,20230601,000000,6,6.16,6,6.02,1950,0
GIF,D,20230602,000000,6.16,6.24,6.02,6.22,3081,0
GIF,D,20230605,000000,6.24,6.46,6.22,6.44,6197,0
GIF,D,20230606,000000,6.44,6.44,6.06,6.3,3408,0
GIF,D,20230607,000000,6.3,6.38,6.06,6.06,2958,0
GIF,D,20230609,000000,6.22,6.36,6.22,6.36,469,0
GIF,D,20230612,000000,6.4,6.44,6.3,6.42,4633,0
GIF,D,20230613,000000,6.42,6.6,6.42,6.6,6230,0
GIF,D,20230614,000000,6.78,6.88,6.4,6.6,8271,0
GIF,D,20230615,000000,6.62,6.76,6.46,6.74,6113,0
GIF,D,20230616,000000,6.76,6.96,6.76,6.94,3647,0
GIF,D,20230619,000000,7,7,6.68,6.94,9523,0
GIF,D,20230620,000000,6.9,7,6.86,7,3508,0
GIF,D,20230621,000000,7,7.16,6.88,7.08,5461,0
GIF,D,20230622,000000,7.08,7.12,6.96,6.98,1822,0
GIF,D,20230623,000000,6.98,7.1,6.98,7.08,1759,0
GIF,D,20230626,000000,7.08,7.08,7.02,7.02,26,0
GIF,D,20230627,000000,6.98,7,6.96,7,506,0
GIF,D,20230628,000000,6.8,6.96,6.78,6.96,7250,0
GIF,D,20230629,000000,7,7,6.74,6.96,2914,0
GIF,D,20230630,000000,6.98,6.98,6.76,6.98,2433,0
GIF,D,20230703,000000,7,7.5,7,7.46,13251,0
GIF,D,20230704,000000,7.46,7.46,7.02,7.08,6676,0
GIF,D,20230705,000000,7.08,7.44,7.08,7.42,1739,0
GIF,D,20230706,000000,7.38,7.38,7.1,7.24,414,0
GIF,D,20230707,000000,7.26,7.26,7,7.12,3184,0
GIF,D,20230710,000000,7.14,7.14,7,7.04,341,0
GIF,D,20230711,000000,7,7.02,7,7.02,448,0
GIF,D,20230712,000000,7,7.02,6.9,7.02,1121,0
GIF,D,20230713,000000,7,7,6.76,6.96,2355,0
GIF,D,20230714,000000,7,7.64,7,7.6,10948,0
GIF,D,20230717,000000,7.68,7.98,7.62,7.9,13433,0
GIF,D,20230718,000000,7.96,7.98,7.68,7.88,2254,0
GIF,D,20230719,000000,7.98,7.98,7.54,7.74,3458,0
GIF,D,20230720,000000,7.94,8.02,7.84,8.02,2945,0
GIF,D,20230721,000000,8.1,9.78,7.88,9.64,55200,0
GIF,D,20230724,000000,9.78,10.45,9.1,9.56,36086,0
GIF,D,20230725,000000,9.56,10.2,9.56,9.7,9969,0
GIF,D,20230726,000000,9.78,9.78,9.3,9.5,4465,0
GIF,D,20230727,000000,9.52,9.98,9.52,9.76,6642,0
GIF,D,20230728,000000,9.7,10,9.7,10,11212,0
GIF,D,20230731,000000,10.2,12.2,10.2,12.05,123515,0
GIF,D,20230801,000000,12.35,12.7,11.2,11.65,47873,0
GIF,D,20230802,000000,11.4,11.75,10.75,11.15,23734,0
GIF,D,20230803,000000,11,11.75,10.7,11.6,14374,0
GIF,D,20230804,000000,11.55,11.85,10.9,10.9,12742,0
GIF,D,20230807,000000,10.9,10.9,10.15,10.15,19433,0
GIF,D,20230808,000000,10.05,10.05,9.5,9.84,15060,0
GIF,D,20230809,000000,9.88,11.65,9.88,11.45,29694,0
GIF,D,20230810,000000,11.35,11.7,10.85,11.5,34398,0
GIF,D,20230811,000000,11.55,11.7,10.7,11.05,11713,0
GIF,D,20230814,000000,10.9,10.9,10.45,10.55,10643,0
GIF,D,20230816,000000,10.55,10.7,10.25,10.5,3761,0
GIF,D,20230817,000000,10.65,10.65,10,10.1,8345,0
GIF,D,20230818,000000,10.1,11,9.9,10.4,11469,0
GIF,D,20230821,000000,10.95,11.3,10.3,10.85,8192,0
GIF,D,20230822,000000,10.9,11,10.5,10.5,4915,0
GIF,D,20230823,000000,10.5,11.25,10.45,11.15,10701,0
GIF,D,20230824,000000,11.15,11.15,10.65,11.1,4017,0
GIF,D,20230825,000000,11.1,11.2,10.9,11.2,3990,0
GIF,D,20230828,000000,10.9,10.9,10.3,10.8,4144,0
GIF,D,20230829,000000,10.8,11.2,10.4,11.2,6384,0
GIF,D,20230830,000000,11.15,11.2,10.7,11,3007,0
GIF,D,20230831,000000,11.1,11.4,11,11.35,14796,0
GIF,D,20230901,000000,11.45,11.85,11.45,11.8,20372,0
GIF,D,20230904,000000,11.85,11.9,11.55,11.65,12927,0
GIF,D,20230905,000000,11.8,11.8,11.25,11.7,4686,0
GIF,D,20230906,000000,11.7,11.9,11.25,11.7,5514,0
GIF,D,20230907,000000,11.7,11.95,11.15,11.5,8540,0
GIF,D,20230908,000000,11.5,11.7,10.85,11.2,5332,0
GIF,D,20230911,000000,10.7,11.3,10.6,11.1,6735,0
GIF,D,20230912,000000,11.1,11.1,10.4,10.45,10069,0
GIF,D,20230913,000000,10.45,11,10.4,10.95,3562,0
GIF,D,20230914,000000,11.25,11.45,10.8,10.95,2428,0
GIF,D,20230915,000000,10.95,11.5,10.85,11.35,3885,0
GIF,D,20230918,000000,11.35,11.8,10.7,11.4,9274,0
GIF,D,20230919,000000,11.75,11.75,11.15,11.3,5601,0
GIF,D,20230920,000000,11.45,11.6,11.2,11.6,1135,0
GIF,D,20230921,000000,11.6,11.8,11.25,11.65,2535,0
GIF,D,20230922,000000,11.75,11.75,10.9,11.45,3011,0
GIF,D,20230925,000000,11.5,11.5,10.9,11.2,12188,0
GIF,D,20230926,000000,11.3,11.3,10.9,11.15,352,0
GIF,D,20230927,000000,10.55,10.95,10.35,10.65,8415,0
GIF,D,20230928,000000,10.6,10.75,10.1,10.3,4806,0
GIF,D,20230929,000000,10.5,10.8,10.3,10.75,6338,0
GIF,D,20231002,000000,10.75,10.75,10.1,10.3,3049,0
GIF,D,20231003,000000,10.3,10.7,9.62,10.3,5138,0
GIF,D,20231004,000000,10.45,10.75,9.6,10.75,6192,0
GIF,D,20231005,000000,10.75,10.75,10.1,10.6,5078,0
GIF,D,20231006,000000,10.6,11.05,10,10,21050,0
GIF,D,20231009,000000,10.5,11.4,10.3,11,15763,0
GIF,D,20231010,000000,11.5,11.9,11.2,11.3,41051,0
GIF,D,20231011,000000,11.8,11.85,11.3,11.8,10344,0
GIF,D,20231012,000000,11.85,11.9,11.45,11.8,21096,0
GIF,D,20231013,000000,11.8,11.8,11.6,11.75,8060,0
GIF,D,20231016,000000,12,12.9,12,12.5,38889,0
GIF,D,20231017,000000,12.6,13.45,12.25,13,90406,0
GIF,D,20231018,000000,12.85,13,12.45,12.75,12685,0
GIF,D,20231019,000000,12.75,13.15,12.15,12.7,29969,0
GIF,D,20231020,000000,12.7,12.85,12.2,12.7,9376,0
GIF,D,20231023,000000,12.8,12.85,12.45,12.7,3566,0
GIF,D,20231024,000000,12.5,12.7,12.15,12.55,2891,0
GIF,D,20231025,000000,12.75,12.75,12.35,12.6,2675,0
GIF,D,20231026,000000,12.6,12.6,12.15,12.5,2247,0
GIF,D,20231027,000000,12.6,12.6,11.65,12.45,6463,0
GIF,D,20231030,000000,12.5,12.5,11.55,11.9,10340,0
GIF,D,20231031,000000,11.6,11.75,11.35,11.4,13806,0
GIF,D,20231102,000000,11.65,12,11.4,11.7,966,0
GIF,D,20231103,000000,11.8,11.8,11.3,11.45,5948,0
GIF,D,20231106,000000,11.4,11.4,10.65,10.85,24924,0
GIF,D,20231107,000000,10.8,10.85,10.5,10.85,3274,0
GIF,D,20231108,000000,10.9,10.9,10.5,10.85,13465,0
GIF,D,20231109,000000,10.85,11.55,10.85,11.3,12297,0
GIF,D,20231110,000000,11.35,11.35,10.75,11.35,12716,0
GIF,D,20231113,000000,11.5,11.5,11.2,11.45,1429,0
GIF,D,20231114,000000,11.5,11.7,11,11.55,5006,0
GIF,D,20231115,000000,11.55,12.15,11.5,11.6,6472,0
GIF,D,20231116,000000,11.6,12,11.6,11.85,3716,0
GIF,D,20231117,000000,11.95,11.95,11.3,11.55,3334,0
GIF,D,20231120,000000,11.55,11.95,11.55,11.95,1913,0
GIF,D,20231121,000000,11.95,11.95,10.85,11.4,24920,0
GIF,D,20231122,000000,11.7,11.7,10.85,11.05,5445,0
GIF,D,20231123,000000,11,11.2,10.95,10.95,1209,0
GIF,D,20231124,000000,11,11.05,10.65,11.05,6204,0
GIF,D,20231127,000000,10.7,11.3,10.6,11.05,2561,0
GIF,D,20231128,000000,11.1,11.1,10.65,11.05,2199,0
GIF,D,20231129,000000,11.05,11.05,10.75,10.75,346,0
GIF,D,20231130,000000,10.75,11.25,10.7,11,2812,0
GIF,D,20231201,000000,11,11,10.6,10.65,2392,0
GIF,D,20231204,000000,10.7,10.7,10.35,10.6,3551,0
GIF,D,20231205,000000,10.6,11.15,10.6,11,6924,0
GIF,D,20231206,000000,11.1,11.1,10.7,11.1,3640,0
GIF,D,20231207,000000,11.2,11.5,11,11.3,5914,0
GIF,D,20231208,000000,11.5,11.9,10.9,11.9,37973,0
GIF,D,20231211,000000,12,12.5,11.35,11.9,31399,0
GIF,D,20231212,000000,11.8,11.8,11.2,11.65,9824,0
GIF,D,20231213,000000,11.65,12.4,11.3,12.3,22783,0
GIF,D,20231214,000000,12.3,12.35,11.4,12,11716,0
GIF,D,20231215,000000,11.55,12,11.55,11.7,4881,0
GIF,D,20231218,000000,11.65,11.9,11.15,11.15,14985,0
GIF,D,20231219,000000,11.15,11.8,10.95,11,46925,0
GIF,D,20231220,000000,11.3,11.45,10.85,11.35,21168,0
GIF,D,20231221,000000,11,11.55,11,11.45,11244,0
GIF,D,20231222,000000,11.2,11.9,11.15,11.3,56069,0
GIF,D,20231227,000000,11.4,12,11.3,11.95,44442,0
GIF,D,20231228,000000,12,12.35,11.8,11.9,81030,0
GIF,D,20231229,000000,12.2,12.7,11.9,11.9,68469,0
GIF,D,20240102,000000,12,12.4,11.6,11.9,13506,0
GIF,D,20240103,000000,12,12.15,11.65,12.05,16238,0
GIF,D,20240104,000000,11.85,12.55,11.85,12.2,25580,0
GIF,D,20240105,000000,12.3,13.3,12.2,13,101221,0
GIF,D,20240108,000000,13,13.7,13,13.3,37425,0
GIF,D,20240109,000000,13.35,14.5,13.3,13.45,41117,0
GIF,D,20240110,000000,13.45,14.05,13.2,13.55,9440,0
GIF,D,20240111,000000,13.35,13.7,13.2,13.55,13577,0
GIF,D,20240112,000000,13.55,13.75,13.55,13.75,13150,0
GIF,D,20240115,000000,13.75,14.4,13.75,13.9,32091,0
GIF,D,20240116,000000,13.95,14,13.5,13.55,18073,0
GIF,D,20240117,000000,13.55,13.55,13.15,13.4,2450,0
GIF,D,20240118,000000,13.35,13.95,13.15,13.95,16258,0
GIF,D,20240119,000000,13.95,14.15,13.55,14.15,21778,0
GIF,D,20240122,000000,14.2,14.2,13.75,13.85,4371,0
GIF,D,20240123,000000,13.85,14.4,13.5,14.15,8399,0
GIF,D,20240124,000000,14.15,14.8,13.95,14.65,26043,0
GIF,D,20240125,000000,14.65,15.2,14.65,15.1,35021,0
GIF,D,20240126,000000,15.15,15.3,15,15.2,16029,0
GIF,D,20240129,000000,15.3,15.3,14.8,15.2,14013,0
GIF,D,20240130,000000,15.15,15.15,14,14,28394,0
GIF,D,20240131,000000,14,14.4,14,14.15,13111,0
GIF,D,20240201,000000,14.25,14.4,13.5,14.4,21015,0
GIF,D,20240202,000000,13.85,14.4,13.75,14.3,14031,0
GIF,D,20240205,000000,14.3,14.75,14.1,14.5,7431,0
GIF,D,20240206,000000,14.5,14.5,13.75,13.95,12393,0
GIF,D,20240207,000000,13.9,14.15,13.85,14.1,15818,0
GIF,D,20240208,000000,14,14,13.4,13.55,9847,0
GIF,D,20240209,000000,13.5,14.15,13.5,14.15,8979,0
GIF,D,20240212,000000,13.8,14.1,13.65,13.9,6620,0
GIF,D,20240213,000000,13.9,14.05,13.45,13.6,7707,0
GIF,D,20240214,000000,13.6,13.6,13.4,13.55,1466,0
GIF,D,20240215,000000,14,14.2,13.4,13.7,6738,0
GIF,D,20240216,000000,13.7,14.5,13.5,14.05,7812,0
GIF,D,20240219,000000,14.05,14.05,13.9,14.05,3598,0
GIF,D,20240220,000000,13.9,14.25,13.75,14.2,3200,0
GIF,D,20240221,000000,14.15,14.15,13.7,13.7,3758,0
GIF,D,20240222,000000,13.7,14.4,13.7,14.15,8678,0
GIF,D,20240223,000000,14.2,14.2,13.7,13.9,3587,0
GIF,D,20240226,000000,13.75,14.05,13.55,13.85,3996,0
GIF,D,20240227,000000,13.85,13.85,13.3,13.65,5706,0
GIF,D,20240228,000000,13.2,13.5,13.05,13.3,2428,0
GIF,D,20240229,000000,13.1,13.45,13.1,13.3,1171,0
GIF,D,20240301,000000,13.55,13.65,12.65,12.8,6803,0
GIF,D,20240304,000000,12.85,12.9,12.2,12.4,14202,0
GIF,D,20240305,000000,12.25,12.6,12,12.3,12441,0
GIF,D,20240306,000000,12.3,12.3,12.1,12.3,1638,0
GIF,D,20240307,000000,12.1,12.3,11.75,12.3,6598,0
GIF,D,20240308,000000,12.35,12.75,12.1,12.65,2603,0
GIF,D,20240311,000000,12.65,12.65,12.3,12.55,2596,0
GIF,D,20240312,000000,12.55,12.55,11.9,12.15,2711,0
GIF,D,20240313,000000,12.1,12.1,11.55,11.9,44552,0
GIF,D,20240314,000000,11.8,12.6,11.8,12.2,25948,0
GIF,D,20240315,000000,12.2,12.6,12.1,12.4,728,0
GIF,D,20240318,000000,12.65,12.75,11.85,12.7,59763,0
GIF,D,20240319,000000,12.85,13.95,12.8,13.9,31501,0
GIF,D,20240320,000000,14.9,15.75,13.5,13.85,46863,0
GIF,D,20240321,000000,13.7,13.7,13,13.3,15801,0
GIF,D,20240322,000000,13.2,13.25,12.9,13.2,1282,0
GIF,D,20240325,000000,13.2,13.2,12.5,12.9,29188,0
GIF,D,20240326,000000,12.9,13.4,12.75,12.9,10432,0
GIF,D,20240327,000000,12.9,13.15,12.8,13.1,8260,0
GIF,D,20240328,000000,13.1,13.6,12.9,13.3,15277,0
GIF,D,20240402,000000,13.2,13.2,12.6,12.8,2126,0
GIF,D,20240403,000000,12.95,13.1,12.9,13,2119,0
GIF,D,20240404,000000,13,13.45,13,13.45,1974,0
GIF,D,20240405,000000,13.4,13.4,12.8,13.2,3116,0
GIF,D,20240408,000000,13.4,13.5,13.25,13.35,2870,0
GIF,D,20240409,000000,13.35,13.5,13.25,13.5,6257,0
GIF,D,20240410,000000,13.4,13.6,13,13.45,4210,0
GIF,D,20240411,000000,13.4,13.4,13.15,13.35,1229,0
GIF,D,20240412,000000,13.35,13.35,12.5,12.8,4574,0
GIF,D,20240415,000000,12.75,12.8,12.5,12.8,7958,0
GIF,D,20240416,000000,12.55,12.75,12.15,12.6,3283,0
GIF,D,20240417,000000,12.6,12.6,12.05,12.25,806,0
GIF,D,20240418,000000,12.25,12.6,12.25,12.6,834,0
GIF,D,20240419,000000,12.6,12.6,11.8,12.3,5416,0
GIF,D,20240422,000000,12.3,12.6,12.2,12.5,2712,0
GIF,D,20240423,000000,12.5,13,12.45,12.85,9425,0
GIF,D,20240424,000000,12.75,12.9,12.6,12.9,8595,0
GIF,D,20240425,000000,12.9,12.95,12.55,12.55,119,0
GIF,D,20240426,000000,12.55,12.9,12.55,12.85,986,0
GIF,D,20240429,000000,12.85,12.85,12.5,12.8,498,0
GIF,D,20240430,000000,12.8,12.8,12.5,12.8,2869,0
GIF,D,20240502,000000,12.7,12.85,12.1,12.85,4200,0
GIF,D,20240506,000000,12.85,12.85,12.15,12.65,2244,0
GIF,D,20240507,000000,12.7,12.7,12.55,12.65,80,0
GIF,D,20240508,000000,12.65,12.7,12.5,12.7,3003,0
GIF,D,20240509,000000,12.7,12.7,12.5,12.7,809,0
GIF,D,20240510,000000,12.5,12.7,12.5,12.7,1705,0
GIF,D,20240513,000000,12.6,12.7,12.45,12.45,526,0
GIF,D,20240514,000000,12.45,13.4,12.45,12.95,4399,0
GIF,D,20240515,000000,13,13,12.45,12.9,3580,0
GIF,D,20240516,000000,12.9,12.95,12.2,12.9,3877,0
GIF,D,20240517,000000,12.7,12.95,12.7,12.95,72,0
GIF,D,20240520,000000,12.8,13,12.7,12.9,2538,0
GIF,D,20240521,000000,12.9,12.95,12.35,12.7,1888,0
GIF,D,20240522,000000,12.7,12.9,12.5,12.9,1248,0
GIF,D,20240523,000000,12.9,12.9,12.5,12.7,745,0
GIF,D,20240524,000000,12.65,12.85,12.5,12.85,1438,0
GIF,D,20240527,000000,12.95,12.95,12.8,12.85,46,0
GIF,D,20240528,000000,12.85,12.85,12.6,12.8,263,0
GIF,D,20240529,000000,12.8,12.85,12.55,12.85,3439,0
GIF,D,20240531,000000,12.85,12.85,12.5,12.55,2297,0
GIF,D,20240603,000000,12.6,12.9,12.5,12.9,5356,0
GIF,D,20240604,000000,12.9,13.25,12.5,13.25,4699,0
GIF,D,20240605,000000,13.25,13.25,12.85,13.1,4045,0
GIF,D,20240606,000000,12.85,13.1,12.5,13,6782,0
GIF,D,20240607,000000,13,13,12.5,12.95,3166,0
GIF,D,20240610,000000,12.55,12.95,12.55,12.95,1730,0
GIF,D,20240611,000000,12.9,12.9,12.15,12.55,13438,0
GIF,D,20240612,000000,12.55,12.55,12.2,12.5,3844,0
GIF,D,20240613,000000,12.35,12.7,12.2,12.7,4590,0
GIF,D,20240614,000000,12.7,12.7,12.35,12.4,3537,0
GIF,D,20240617,000000,12.4,12.75,11.9,12,7443,0
GIF,D,20240618,000000,12,12.6,11.8,12,7786,0
GIF,D,20240619,000000,12.1,12.1,12,12,562,0
GIF,D,20240620,000000,12,12.3,11.8,11.8,3341,0
GIF,D,20240621,000000,11.8,12.4,11.8,12.4,3510,0
GIF,D,20240624,000000,12.3,12.3,11.75,11.9,2042,0
GIF,D,20240625,000000,11.9,11.95,11.75,11.95,2776,0
GIF,D,20240626,000000,11.95,11.95,11.75,11.8,665,0
GIF,D,20240627,000000,11.8,11.8,10.65,11.55,15300,0
GIF,D,20240628,000000,11.55,11.6,10.7,10.9,9026,0
GIF,D,20240701,000000,10.9,11.6,10.85,11.6,3787,0
GIF,D,20240702,000000,11.6,12,11.5,11.85,3017,0
GIF,D,20240703,000000,11.85,12,11.6,11.95,4850,0
GIF,D,20240704,000000,11.9,11.9,11.35,11.75,1509,0
GIF,D,20240705,000000,11.8,11.8,11.45,11.7,1294,0
GIF,D,20240708,000000,11.75,12,11.6,11.65,4729,0
GIF,D,20240709,000000,11.65,12,11.65,12,1954,0
GIF,D,20240710,000000,11.95,12,11.65,12,1616,0
GIF,D,20240711,000000,11.8,12.15,11.8,12.15,4378,0
GIF,D,20240712,000000,12.15,12.15,11.7,12.1,4393,0
GIF,D,20240715,000000,12.05,12.4,11.7,11.95,1874,0
GIF,D,20240716,000000,11.95,12.65,11.6,12.6,7932,0
GIF,D,20240717,000000,12.5,12.6,11.85,12.45,11880,0
GIF,D,20240718,000000,12,12.65,11.8,12.1,4534,0
GIF,D,20240719,000000,12.3,12.3,11.55,11.85,6470,0
GIF,D,20240722,000000,11.95,11.95,11.75,11.9,1547,0
GIF,D,20240723,000000,11.75,12.3,11.5,11.85,10977,0
GIF,D,20240724,000000,11.9,12.3,11.55,12,6845,0
GIF,D,20240725,000000,12,12,11.3,11.8,4962,0
GIF,D,20240726,000000,11.45,11.95,11.1,11.75,8587,0
GIF,D,20240729,000000,11.7,11.9,11.3,11.5,2037,0
GIF,D,20240730,000000,11.7,11.7,11,11,3125,0
GIF,D,20240731,000000,11.4,11.4,10.7,11,4637,0
GIF,D,20240801,000000,11.25,11.8,10.9,11.8,9206,0
GIF,D,20240802,000000,11.75,11.75,11.05,11.5,2936,0
GIF,D,20240805,000000,11.4,11.7,10.8,11,4381,0
GIF,D,20240806,000000,11,11.7,11,11.7,5236,0
GIF,D,20240807,000000,11.7,12,11.2,11.55,2404,0
GIF,D,20240808,000000,11.6,12.3,11.25,11.65,21936,0
GIF,D,20240809,000000,9.1,10,8.4,9.42,93753,0
GIF,D,20240812,000000,9.38,9.42,8.6,9.28,46561,0
GIF,D,20240813,000000,9.2,9.2,8.76,8.98,5873,0
GIF,D,20240814,000000,8.98,9.2,8.6,9,11989,0
GIF,D,20240816,000000,9.04,9.08,8.98,9.04,11804,0
GIF,D,20240819,000000,9.08,9.3,9,9.22,5749,0
GIF,D,20240820,000000,9.22,9.48,9.06,9.46,8139,0
GIF,D,20240821,000000,9.48,9.92,9.4,9.58,3953,0
GIF,D,20240822,000000,9.58,9.58,9,9.16,6836,0
GIF,D,20240823,000000,9.2,9.38,8.76,8.94,5532,0
GIF,D,20240826,000000,8.94,9.3,8.52,8.78,16560,0
GIF,D,20240827,000000,8.78,8.78,8.36,8.68,5211,0
GIF,D,20240828,000000,8.68,8.96,8.46,8.66,4668,0
GIF,D,20240829,000000,8.48,8.84,8.44,8.74,13653,0
GIF,D,20240830,000000,8.74,8.8,8.6,8.64,1111,0
GIF,D,20240902,000000,8.64,9.36,8.6,9.36,12410,0
GIF,D,20240903,000000,9.36,9.36,8.84,9.3,18988,0
GIF,D,20240904,000000,9.2,9.3,8.64,9.16,9478,0
GIF,D,20240905,000000,9.02,9.02,8.76,8.96,6384,0
GIF,D,20240906,000000,8.94,9.06,8.94,9,2491,0
GIF,D,20240909,000000,9,9,8.54,8.84,5917,0
GIF,D,20240910,000000,8.84,8.86,8.5,8.82,1788,0
GIF,D,20240911,000000,8.82,9.02,8.7,9.02,1640,0
GIF,D,20240912,000000,8.98,9.2,8.82,9.16,1910,0
GIF,D,20240913,000000,9.16,9.16,9,9,3670,0
GIF,D,20240916,000000,9,9.1,8.76,8.96,1962,0
GIF,D,20240917,000000,9.1,9.1,8.82,8.88,41,0
GIF,D,20240918,000000,9.08,9.08,8.78,8.92,796,0
GIF,D,20240919,000000,8.96,8.96,8.54,8.82,6610,0
GIF,D,20240920,000000,8.82,8.82,8.52,8.6,2529,0
GIF,D,20240923,000000,8.52,8.52,7.82,8.14,12172,0
GIF,D,20240924,000000,8.14,8.32,8,8,1662,0
GIF,D,20240925,000000,8.26,8.26,7.86,8.22,3752,0
GIF,D,20240926,000000,8.3,8.3,7.8,7.98,3369,0
GIF,D,20240927,000000,8,8.72,7.68,8.7,16019,0
GIF,D,20240930,000000,8.68,8.72,8.02,8.72,18846,0
GIF,D,20241001,000000,8.78,8.78,8.18,8.38,1911,0
GIF,D,20241002,000000,8.38,8.44,8.18,8.4,1051,0
GIF,D,20241003,000000,8.32,8.32,8,8.16,5902,0
GIF,D,20241004,000000,8.4,8.4,8.2,8.36,179,0
GIF,D,20241007,000000,8.36,8.38,8,8.28,4281,0
GIF,D,20241008,000000,8.28,8.96,7.8,8.78,2181,0
GIF,D,20241009,000000,8.78,8.78,8.08,8.3,1635,0
GIF,D,20241010,000000,8.28,8.28,7.92,8.06,4497,0
GIF,D,20241011,000000,8.08,8.08,7.8,8.06,2866,0
GIF,D,20241014,000000,7.8,8.04,7.8,8,196,0
GIF,D,20241015,000000,7.9,8.28,7.82,8.28,1182,0
GIF,D,20241016,000000,8.16,8.16,7.82,8.16,380,0
GIF,D,20241017,000000,8.18,8.18,7.76,7.96,3189,0
GIF,D,20241018,000000,7.86,7.86,7.5,7.86,5809,0
GIF,D,20241021,000000,7.86,7.94,7.5,7.82,3040,0
GIF,D,20241022,000000,7.92,7.92,7.26,7.6,7431,0
GIF,D,20241023,000000,7.6,7.6,7,7.32,4555,0
GIF,D,20241024,000000,7.58,7.58,6.9,7.28,8485,0
GIF,D,20241025,000000,7.26,7.3,7.14,7.28,3581,0
GIF,D,20241028,000000,7.28,7.64,7.12,7.56,6803,0
GIF,D,20241029,000000,7.86,7.86,7.6,7.8,20939,0
GIF,D,20241030,000000,7.7,7.88,7.6,7.86,968,0
GIF,D,20241031,000000,7.86,7.9,7.7,7.9,2337,0
GIF,D,20241104,000000,7.9,7.9,7.8,7.9,2171,0
GIF,D,20241105,000000,7.9,7.92,7.7,7.92,1081,0
GIF,D,20241106,000000,7.9,7.9,7.88,7.9,1050,0
GIF,D,20241107,000000,7.9,8.26,7.9,8.26,1803,0
GIF,D,20241108,000000,8.26,8.4,7.6,8.26,6478,0
GIF,D,20241112,000000,8.18,8.2,7.78,8.2,2955,0
GIF,D,20241113,000000,8.18,8.68,7.7,7.98,8285,0
GIF,D,20241114,000000,8,8,7,7,152299,0
GIF,D,20241115,000000,7.04,7.9,7,7.78,98752,0
GIF,D,20241118,000000,7.78,8.38,7.32,8.12,17406,0
GIF,D,20241119,000000,7.82,8.06,7.04,7.3,33854,0
GIF,D,20241120,000000,7.3,7.34,7.06,7.2,7217,0
GIF,D,20241121,000000,7.16,7.8,7,7.76,6008,0
GIF,D,20241122,000000,7.74,7.74,7.3,7.58,3169,0
GIF,D,20241125,000000,7.5,7.58,7.2,7.56,4473,0
GIF,D,20241126,000000,7.76,7.76,7.26,7.36,5446,0
GIF,D,20241127,000000,7.36,7.36,6.92,7.18,3769,0
GIF,D,20241128,000000,7.2,7.26,7,7.18,3275,0
GIF,D,20241129,000000,7.1,7.18,6.92,7.18,1235,0
GIF,D,20241202,000000,7.2,7.2,7,7.18,9978,0
GIF,D,20241203,000000,7,7.36,6.94,7.36,3771,0
GIF,D,20241204,000000,7.36,7.36,7,7,4791,0
GIF,D,20241205,000000,7,7.34,7,7,7283,0
GIF,D,20241206,000000,7.18,7.26,7.06,7.2,2888,0
GIF,D,20241209,000000,7.2,7.2,6.9,7.1,8147,0
GIF,D,20241210,000000,7.1,7.16,6.9,7.14,4658,0
GIF,D,20241211,000000,7.14,7.14,6.78,7.04,1080,0
GIF,D,20241212,000000,7.04,7.06,6.8,7.02,5797,0
GIF,D,20241213,000000,6.9,7,6.9,6.98,2503,0
GIF,D,20241216,000000,6.96,7.3,6.9,7.16,4102,0
GIF,D,20241217,000000,7.14,7.14,6.84,6.92,4172,0
GIF,D,20241218,000000,6.92,7.18,6.92,7.08,9127,0
GIF,D,20241219,000000,7.1,7.1,6.8,6.84,10707,0
GIF,D,20241220,000000,6.8,6.96,6.6,6.96,11062,0
GIF,D,20241223,000000,6.8,6.8,6.66,6.74,14565,0
GIF,D,20241227,000000,6.74,7.08,6.64,7,1290,0
GIF,D,20241230,000000,7,7.04,6.92,7.04,2138,0
GIF,D,20250102,000000,7.02,7.48,6.9,7.36,5388,0
GIF,D,20250103,000000,7.34,7.7,7.2,7.58,8852,0
GIF,D,20250107,000000,7.6,7.6,7.1,7.28,4392,0
GIF,D,20250108,000000,7.3,7.46,7.3,7.42,2143,0
GIF,D,20250109,000000,7.42,7.6,7.38,7.5,6173,0
GIF,D,20250110,000000,7.5,7.8,7.3,7.76,4405,0
GIF,D,20250113,000000,7.68,7.68,7.02,7.26,12803,0
GIF,D,20250114,000000,7.26,7.26,7.02,7.2,2404,0
GIF,D,20250115,000000,7.06,7.42,7.06,7.36,4169,0
GIF,D,20250116,000000,7.36,7.42,7.18,7.42,1559,0
GIF,D,20250117,000000,7.42,7.56,7.4,7.48,2508,0
GIF,D,20250120,000000,7.48,7.98,7.28,7.7,17802,0
GIF,D,20250121,000000,7.5,7.6,7.4,7.4,11045,0
GIF,D,20250122,000000,7.4,7.5,7.22,7.22,3179,0
GIF,D,20250123,000000,7.22,7.7,7.22,7.68,8833,0
GIF,D,20250124,000000,7.68,7.76,7.5,7.72,9403,0
GIF,D,20250127,000000,7.74,8.5,7.74,8.26,42649,0
GIF,D,20250128,000000,8.24,8.9,8.24,8.54,14440,0
GIF,D,20250129,000000,8.54,9.3,8.5,9.22,48741,0
GIF,D,20250130,000000,9.3,10.15,9.3,9.8,65312,0
GIF,D,20250131,000000,10,10.4,9.28,9.6,58853,0
GIF,D,20250203,000000,9.6,9.78,8.64,8.64,38519,0
GIF,D,20250204,000000,9.14,9.36,8.82,8.98,17613,0
GIF,D,20250205,000000,9,9.7,9,9.08,35090,0
GIF,D,20250206,000000,9.4,9.64,8.92,8.92,36158,0
GIF,D,20250207,000000,9.16,9.32,8.9,9.24,21386,0
GIF,D,20250210,000000,9,9.26,9,9,17428,0
GIF,D,20250211,000000,9.18,9.22,8.92,8.98,17070,0
GIF,D,20250212,000000,9,9.7,8.96,9.44,37193,0
GIF,D,20250213,000000,9.48,10,9.48,9.7,30382,0
GIF,D,20250214,000000,9.68,9.68,9.3,9.46,17265,0
GIF,D,20250217,000000,9.46,9.72,9.22,9.26,14315,0
GIF,D,20250218,000000,9.46,9.62,9.12,9.12,19942,0
GIF,D,20250219,000000,9.2,9.4,8.74,8.94,29921,0
GIF,D,20250220,000000,8.94,9.36,8.74,9.26,12972,0
GIF,D,20250221,000000,9.28,9.28,8.8,9,9966,0
GIF,D,20250224,000000,9,9.28,8.9,9.1,1092,0
GIF,D,20250225,000000,8.94,9.46,8.76,9,12412,0
GIF,D,20250226,000000,9,9.28,8.52,8.92,13888,0
GIF,D,20250227,000000,8.62,8.94,8.26,8.46,15800,0
GIF,D,20250228,000000,8.66,8.68,8.34,8.58,6389,0
GIF,D,20250303,000000,8.58,8.68,8,8.28,20130,0
GIF,D,20250304,000000,8.1,8.62,7.82,8,30056,0
GIF,D,20250305,000000,7.78,8.42,7.78,8.18,23427,0
GIF,D,20250306,000000,8.18,8.18,7.72,8.1,5189,0
GIF,D,20250307,000000,8.04,8.04,7.74,7.82,11140,0
GIF,D,20250310,000000,7.76,7.98,7.76,7.76,8835,0
GIF,D,20250311,000000,7.88,7.98,7.2,7.36,46886,0
GIF,D,20250312,000000,7.4,8,7.22,8,39365,0
GIF,D,20250313,000000,8.04,8.24,7.86,8.16,7364,0
GIF,D,20250314,000000,8.16,8.4,7.92,8.22,14937,0
GIF,D,20250317,000000,8.22,8.34,7.9,8.12,7722,0
GIF,D,20250318,000000,8.1,8.3,7.78,7.96,7131,0
GIF,D,20250319,000000,8.18,8.26,8.1,8.2,27840,0
GIF,D,20250320,000000,8.16,9.48,8.16,9.12,41840,0
GIF,D,20250321,000000,9.12,9.9,9,9.54,43000,0
GIF,D,20250324,000000,9.9,10.45,9.64,10.45,117575,0
GIF,D,20250325,000000,10.45,10.45,9.72,10.2,62678,0
GIF,D,20250326,000000,10.25,10.4,9.92,10.2,33099,0
GIF,D,20250327,000000,10.1,10.95,10.1,10.9,110330,0
GIF,D,20250328,000000,10.9,12.3,10.65,11.95,151095,0
GIF,D,20250331,000000,11.95,12.2,10.8,10.85,79991,0
GIF,D,20250401,000000,10.95,11.35,10.2,10.25,46921,0
GIF,D,20250402,000000,10.45,10.85,10.1,10.7,25026,0
GIF,D,20250403,000000,10.7,11.5,10.5,10.65,36850,0
GIF,D,20250404,000000,10.95,11.4,9.94,10.6,58868,0
GIF,D,20250407,000000,10.1,11.1,9.86,10.05,55776,0
GIF,D,20250408,000000,10.65,11.1,10.2,10.2,78977,0
GIF,D,20250409,000000,10.6,10.85,10.3,10.55,14760,0
GIF,D,20250410,000000,11,11.5,10.65,10.75,43454,0
GIF,D,20250411,000000,10.95,11.6,10.7,11.3,46363,0
GIF,D,20250414,000000,11.5,11.85,11.4,11.45,29969,0
GIF,D,20250415,000000,11.6,11.9,11.6,11.65,17273,0
GIF,D,20250416,000000,11.75,11.95,10.9,11.05,29046,0
GIF,D,20250417,000000,11.25,11.4,10.8,11.1,25120,0
GIF,D,20250422,000000,11,11.4,10.8,11,30793,0
GIF,D,20250423,000000,10.85,11,10.2,10.75,40212,0
GIF,D,20250424,000000,10.75,11.25,10.3,11.25,26130,0
GIF,D,20250425,000000,11.1,11.3,10.7,11.3,12630,0
GIF,D,20250428,000000,11.3,11.3,10.8,10.8,15713,0
GIF,D,20250429,000000,10.95,10.95,10.5,10.7,14833,0
GIF,D,20250430,000000,10.7,11.1,10.6,10.75,7903,0
GIF,D,20250502,000000,10.65,10.9,10.4,10.75,7713,0
GIF,D,20250505,000000,10.7,10.75,9.36,9.7,71493,0
GIF,D,20250506,000000,9.7,9.7,9.5,9.7,15909,0
GIF,D,20250507,000000,9.7,9.78,9,9.76,38503,0
GIF,D,20250508,000000,9.76,9.76,9.4,9.68,9759,0
GIF,D,20250509,000000,9.78,10.5,9.5,10,16529,0
GIF,D,20250512,000000,10.15,10.5,10,10.3,14415,0
GIF,D,20250513,000000,10.25,10.25,9.72,10.15,16129,0
GIF,D,20250514,000000,10.15,11.15,9.44,11,63812,0
GIF,D,20250515,000000,11.45,11.75,10.95,11.45,48517,0
GIF,D,20250516,000000,11.4,11.5,10.8,11.05,32161,0
GIF,D,20250519,000000,11.3,11.3,10.6,11.1,27439,0
GIF,D,20250520,000000,11,11.3,10,10.7,56616,0
GIF,D,20250521,000000,10,11.4,9.52,11.4,89267,0
GIF,D,20250522,000000,9.5,10.2,9.2,9.7,124358,0
GIF,D,20250523,000000,8.9,8.9,7.6,7.74,277253,0
GIF,D,20250526,000000,7.28,7.3,6.72,7.22,214623,0
GIF,D,20250527,000000,7.28,7.46,7.04,7.4,60432,0
GIF,D,20250528,000000,7.52,8.26,7.44,8.18,88866,0
GIF,D,20250529,000000,8.38,8.76,7.64,7.9,55413,0
GIF,D,20250530,000000,7.9,8.3,7.52,8.2,58833,0
GIF,D,20250602,000000,8.16,8.34,7.8,8.16,26605,0
GIF,D,20250603,000000,8.16,8.2,7.72,8.12,24542,0
GIF,D,20250604,000000,7.94,7.94,7.22,7.44,68630,0
GIF,D,20250605,000000,7.46,7.76,7.26,7.3,22504,0
GIF,D,20250606,000000,7.28,7.32,7,7.22,33661,0
GIF,D,20250609,000000,7.2,7.22,7.02,7.14,26564,0
GIF,D,20250610,000000,7.14,7.7,7.14,7.7,13560,0
GIF,D,20250611,000000,7.62,7.68,7.2,7.46,10385,0
GIF,D,20250612,000000,7.46,7.48,7.16,7.48,6739,0
GIF,D,20250613,000000,7.44,7.58,7.32,7.5,5811,0
GIF,D,20250616,000000,7.56,7.9,7.46,7.7,8632,0
GIF,D,20250617,000000,7.7,7.7,7.42,7.6,4630,0
GIF,D,20250618,000000,7.6,7.62,7.4,7.62,18883,0
GIF,D,20250620,000000,7.62,7.62,7.42,7.6,15165,0
GIF,D,20250623,000000,7.7,7.7,7.46,7.68,2238,0
GIF,D,20250624,000000,7.68,7.76,7.54,7.74,12677,0
GIF,D,20250625,000000,7.66,7.76,7.42,7.64,14648,0
GIF,D,20250626,000000,7.6,7.76,7.46,7.7,6141,0
GIF,D,20250627,000000,7.7,7.7,7.44,7.68,4954,0
GIF,D,20250630,000000,7.68,7.68,7.48,7.6,3957,0
GIF,D,20250701,000000,7.6,7.68,7.42,7.54,9832,0
GIF,D,20250702,000000,7.6,7.6,7.4,7.42,10072,0
GIF,D,20250703,000000,7.6,7.6,7.22,7.3,10957,0
GIF,D,20250704,000000,7.3,7.48,7.24,7.3,8357,0
GIF,D,20250707,000000,7.3,7.48,7.16,7.2,10714,0
GIF,D,20250708,000000,7.14,7.2,7.02,7.08,27068,0
GIF,D,20250709,000000,7.08,7.2,6.94,7.04,12209,0
GIF,D,20250710,000000,7,7.24,6.94,7,4990,0
GIF,D,20250711,000000,7.08,7.2,6.72,7,7043,0
GIF,D,20250714,000000,7,7.18,6.94,7,6973,0
GIF,D,20250715,000000,7,7.14,6.94,6.94,11188,0
GIF,D,20250716,000000,7.08,7.08,6.94,7.04,6171,0
GIF,D,20250717,000000,7.08,7.08,6.94,7.08,5026,0
GIF,D,20250718,000000,7.06,7.06,6.42,6.86,43587,0
GIF,D,20250721,000000,6.86,7,6.72,6.74,9709,0
GIF,D,20250722,000000,6.78,7.04,6.78,6.9,9887,0
GIF,D,20250723,000000,6.92,7.1,6.82,7,4218,0
GIF,D,20250724,000000,6.98,7,6.84,6.98,4796,0
GIF,D,20250725,000000,6.98,6.98,6.6,6.9,11518,0
GIF,D,20250728,000000,6.76,7,6.66,6.84,15796,0
GIF,D,20250729,000000,6.88,6.98,6.7,6.74,6177,0
GIF,D,20250730,000000,6.74,6.86,6.66,6.86,8900,0
GIF,D,20250731,000000,6.7,6.88,6.68,6.76,10508,0
GIF,D,20250801,000000,6.7,6.88,6.62,6.84,23726,0
GIF,D,20250804,000000,6.82,6.82,6.5,6.78,35964,0
GIF,D,20250805,000000,6.72,6.76,6.6,6.68,11809,0
GIF,D,20250806,000000,6.62,6.62,6.58,6.58,15493,0
GIF,D,20250807,000000,6.56,6.66,6.5,6.5,6280,0
GIF,D,20250808,000000,6.5,6.64,6.4,6.5,6352,0
GIF,D,20250811,000000,6.46,6.6,6.34,6.42,5872,0
GIF,D,20250812,000000,6.52,6.52,6.32,6.32,6448,0
GIF,D,20250813,000000,6.4,6.48,6.34,6.38,3305,0
GIF,D,20250814,000000,6.38,6.52,6.22,6.3,8294,0
GIF,D,20250818,000000,6.3,6.3,6.06,6.18,9170,0
GIF,D,20250819,000000,6.26,6.28,6.1,6.28,4547,0
GIF,D,20250820,000000,6.16,6.28,5.96,6,18149,0
GIF,D,20250821,000000,6.14,6.14,5.68,5.84,18335,0
GIF,D,20250822,000000,5.76,5.88,5.68,5.76,14469,0
GIF,D,20250825,000000,5.8,5.9,5.7,5.88,17504,0
GIF,D,20250826,000000,5.92,6.74,5.92,6.66,22661,0
GIF,D,20250827,000000,6.68,6.7,6.22,6.6,21039,0
GIF,D,20250828,000000,6.42,6.58,6.22,6.48,3623,0
GIF,D,20250829,000000,6.5,6.56,6.38,6.48,1435,0
GIF,D,20250901,000000,6.48,6.48,6.22,6.22,2167,0
GIF,D,20250902,000000,6.42,6.42,6.1,6.32,3353,0
GIF,D,20250903,000000,6.32,6.36,6.18,6.3,1816,0
GIF,D,20250904,000000,6.3,6.34,6.2,6.34,1057,0
GIF,D,20250905,000000,6.2,6.38,6.2,6.36,1758,0
GIF,D,20250908,000000,6.24,6.24,6.02,6.2,13389,0
GIF,D,20250909,000000,6.36,6.36,6.16,6.3,3597,0
GIF,D,20250910,000000,6.28,6.36,5.98,6.18,6092,0
GIF,D,20250911,000000,6.32,6.34,5.96,6.22,4699,0
GIF,D,20250912,000000,6.1,6.24,5.86,6.14,4843,0
GIF,D,20250915,000000,6.02,6.2,5.96,6.18,2452,0
GIF,D,20250916,000000,6.16,6.52,6,6.4,8101,0
GIF,D,20250917,000000,6.2,6.4,6.04,6.04,4201,0
GIF,D,20250918,000000,6.06,6.36,6.04,6.2,2215,0
GIF,D,20250919,000000,6.2,6.5,6.12,6.38,2858,0
GIF,D,20250922,000000,6.4,6.7,6.38,6.56,16879,0
GIF,D,20250923,000000,6.5,6.6,6.32,6.34,7304,0
GIF,D,20250924,000000,6.4,6.66,6.4,6.6,4739,0
GIF,D,20250925,000000,6.6,6.64,6.22,6.62,16661,0
GIF,D,20250926,000000,6.72,6.74,6.12,6.3,32144,0
GIF,D,20250929,000000,6.5,6.64,6.5,6.64,33164,0
GIF,D,20250930,000000,6.7,7.24,6.6,7,83004,0
GIF,D,20251001,000000,7,7,6.82,6.98,3478,0
GIF,D,20251002,000000,6.98,7.1,6.92,7.1,5249,0
GIF,D,20251003,000000,7.12,7.82,7.12,7.6,74507,0
GIF,D,20251006,000000,7.8,8.3,7.8,8.18,90248,0
GIF,D,20251007,000000,8.38,8.38,7.94,8.26,17169,0
GIF,D,20251008,000000,8.44,8.44,7.6,7.9,39434,0
GIF,D,20251009,000000,7.9,7.9,7.2,7.48,51924,0
GIF,D,20251010,000000,7.48,7.78,7.34,7.52,7830,0
GIF,D,20251013,000000,7.52,7.52,7.22,7.32,7698,0
GIF,D,20251014,000000,7.5,7.5,7.22,7.22,2301,0
GIF,D,20251015,000000,7.24,7.42,7.2,7.22,3511,0
GIF,D,20251016,000000,7.44,7.7,7.36,7.42,12083,0
GIF,D,20251017,000000,7.7,7.72,7.32,7.58,39649,0
GIF,D,20251020,000000,7.46,7.7,7.46,7.62,9869,0
GIF,D,20251021,000000,7.6,7.9,7.6,7.6,4916,0
GIF,D,20251022,000000,7.4,7.62,7.4,7.62,6534,0
GIF,D,20251023,000000,7.64,7.64,7.4,7.64,1062,0
GIF,D,20251024,000000,7.46,7.54,7.46,7.54,710,0
GIF,D,20251027,000000,7.66,8.2,7.66,8,44809,0
GIF,D,20251028,000000,8.22,8.52,8.16,8.36,54594,0
GIF,D,20251029,000000,8.48,8.6,8.24,8.4,23566,0
GIF,D,20251030,000000,8.56,8.6,8.26,8.5,5521,0
GIF,D,20251031,000000,8.5,8.5,8,8.18,14805,0
GIF,D,20251103,000000,8.12,8.3,7.92,8.1,17425,0
GIF,D,20251104,000000,8.1,8.18,7.8,8.02,5623,0
GIF,D,20251105,000000,8.12,8.12,7.84,7.86,1770,0
GIF,D,20251106,000000,7.86,7.98,7.62,7.82,10612,0
GIF,D,20251107,000000,7.8,7.94,7.74,7.92,5192,0
GIF,D,20251110,000000,7.8,8.2,7.7,8.1,6488,0
GIF,D,20251112,000000,8.12,8.12,7.88,8.12,2082,0
GIF,D,20251113,000000,7.92,8.12,7.74,7.9,2566,0
GIF,D,20251114,000000,7.74,8.1,7.74,8.06,2726,0
GIF,D,20251117,000000,8.06,8.06,7.5,7.9,12411,0
GIF,D,20251118,000000,7.5,7.66,7.5,7.5,6573,0
GIF,D,20251119,000000,7.72,7.94,7.54,7.66,2766,0
GIF,D,20251120,000000,7.6,7.78,7.56,7.62,989,0
GIF,D,20251121,000000,7.6,7.8,7.48,7.52,6341,0
GIF,D,20251124,000000,7.56,7.76,7.04,7.48,14144,0
GIF,D,20251125,000000,7.68,7.76,7.12,7.42,4578,0
GIF,D,20251126,000000,7.42,7.42,6.92,7.38,13554,0
GIF,D,20251127,000000,7.38,7.38,7.1,7.24,3538,0
GIF,D,20251128,000000,7,7,6.34,6.7,36752,0
GIF,D,20251201,000000,6.74,6.74,6.24,6.56,36565,0
GIF,D,20251202,000000,6.56,6.56,6.34,6.48,4685,0
GIF,D,20251203,000000,6.36,6.42,6.36,6.4,811,0
GIF,D,20251204,000000,6.38,6.62,6.38,6.38,3245,0
GIF,D,20251205,000000,6.6,6.6,6.38,6.58,6415,0
GIF,D,20251208,000000,6.58,6.58,6.28,6.58,3967,0
GIF,D,20251209,000000,6.56,6.56,6.36,6.38,4505,0
GIF,D,20251210,000000,6.38,6.64,6.38,6.5,6716,0
GIF,D,20251211,000000,6.5,6.6,6.34,6.34,4800,0
GIF,D,20251212,000000,6.28,6.5,6.28,6.4,8306,0
GIF,D,20251215,000000,6.32,6.56,6.32,6.38,3520,0
GIF,D,20251216,000000,6.38,6.48,6.36,6.48,3191,0
GIF,D,20251217,000000,6.34,6.48,6.08,6.48,9421,0
GIF,D,20251218,000000,6.24,6.4,6.18,6.24,12366,0
GIF,D,20251219,000000,6.22,6.24,6.14,6.14,8180,0
GIF,D,20251222,000000,6.12,6.18,5.92,6.08,29242,0
GIF,D,20251223,000000,6.02,6.26,5.8,6.26,33356,0
GIF,D,20251229,000000,6.26,6.38,5.94,6.38,8838,0
GIF,D,20251230,000000,6.5,6.66,6.5,6.54,9390,0
GIF,D,20260102,000000,6.54,6.7,6.5,6.64,4808,0
GIF,D,20260105,000000,6.64,6.64,6.5,6.64,2513,0
GIF,D,20260107,000000,6.64,6.66,6.4,6.58,6800,0
GIF,D,20260108,000000,6.58,6.58,6.44,6.5,3538,0
GIF,D,20260109,000000,6.5,7.3,6.44,6.8,34633,0
GIF,D,20260112,000000,6.82,6.98,6.68,6.86,7324,0
GIF,D,20260113,000000,6.7,6.7,6.22,6.5,17937,0
GIF,D,20260114,000000,6.52,6.6,6.4,6.58,3606,0
GIF,D,20260115,000000,6.64,6.64,6.4,6.58,2233,0
GIF,D,20260116,000000,6.48,6.68,6.48,6.5,5082,0
GIF,D,20260119,000000,6.82,6.84,6.6,6.84,13436,0
GIF,D,20260120,000000,6.84,6.86,6.72,6.84,4051,0
GIF,D,20260121,000000,6.8,6.84,6.8,6.84,1684,0
GIF,D,20260122,000000,6.68,6.84,6.6,6.84,5244,0
GIF,D,20260123,000000,6.8,6.84,6.68,6.8,1626,0
GIF,D,20260126,000000,6.84,6.86,6.7,6.84,2293,0
GIF,D,20260127,000000,6.74,6.88,6.74,6.88,808,0
GIF,D,20260128,000000,6.78,6.88,6.74,6.78,1747,0
GIF,D,20260129,000000,6.78,6.8,6.76,6.76,2670,0
GIF,D,20260130,000000,6.8,7,6.8,6.92,7603,0
GIF,D,20260202,000000,6.94,6.94,6.72,6.9,4950,0
GIF,D,20260203,000000,6.88,6.88,6.6,6.6,11576,0
GIF,D,20260204,000000,6.62,6.8,6.6,6.7,2671,0
GIF,D,20260205,000000,6.8,6.8,6.4,6.8,2246,0
GIF,D,20260206,000000,6.78,6.8,6.46,6.8,4859,0
GIF,D,20260209,000000,6.7,6.86,6.7,6.86,2574,0
GIF,D,20260210,000000,6.7,6.7,6.44,6.66,10326,0
GIF,D,20260211,000000,6.68,6.7,6.04,6.54,10558,0
GIF,D,20260212,000000,6.54,6.6,6.14,6.38,13516,0
GIF,D,20260213,000000,6.4,6.5,6.26,6.5,3318,0
GIF,D,20260216,000000,6.36,6.5,6.18,6.36,13199,0
GIF,D,20260217,000000,6.3,6.3,5.98,6.06,30526,0
GIF,D,20260218,000000,6.04,6.2,5.96,6.04,46363,0
GIF,D,20260219,000000,6.34,6.34,6.06,6.3,4271,0
GIF,D,20260220,000000,6.32,6.32,6.04,6.24,4786,0
GIF,D,20260223,000000,6.02,6.26,5.98,6.02,7971,0
GIF,D,20260224,000000,6.02,6.2,5.98,6.04,12057,0
GIF,D,20260225,000000,6.44,6.58,6.04,6.36,66229,0
GIF,D,20260226,000000,6.38,6.38,6.04,6.24,11352,0
GIF,D,20260227,000000,6.08,6.12,6,6.12,30544,0
GIF,D,20260302,000000,5.98,6.1,5.98,6.1,8357,0
GIF,D,20260303,000000,6,6.12,5.94,6.04,21931,0
GIF,D,20260304,000000,6.12,6.14,5.98,5.98,8308,0
GIF,D,20260305,000000,6.12,6.12,5.98,6.08,6147,0
GIF,D,20260306,000000,6.08,6.1,5.68,6.06,6359,0
GIF,D,20260309,000000,5.96,5.96,5.7,5.9,7058,0
GIF,D,20260310,000000,5.98,6,5.8,5.98,4844,0
GIF,D,20260311,000000,5.98,5.98,5.74,5.94,4395,0
GIF,D,20260312,000000,5.82,5.88,5.04,5.66,17511,0
GIF,D,20260313,000000,5.68,5.92,5.46,5.88,14759,0
GIF,D,20260316,000000,5.88,5.88,5.4,5.5,27637,0
GIF,D,20260317,000000,5.5,5.5,5.32,5.4,20310,0
GIF,D,20260318,000000,5.54,5.56,5.28,5.48,7842,0
GIF,D,20260319,000000,5.34,5.6,5.2,5.5,30535,0
GIF,D,20260320,000000,5.5,5.6,5.06,5.48,6127,0
GIF,D,20260323,000000,5.48,5.48,5.1,5.2,10952,0
GIF,D,20260324,000000,5.1,5.2,5.08,5.2,4670,0
GIF,D,20260325,000000,5.1,5.34,5.06,5.34,8068,0
GIF,D,20260326,000000,5.2,5.34,5.02,5.26,11716,0
GIF,D,20260327,000000,5.04,5.2,5.02,5.18,6936,0
GIF,D,20260330,000000,5.18,5.18,5.02,5.14,1707,0
GIF,D,20260331,000000,5.08,5.12,5,5,3865,0
GIF,D,20260401,000000,5,5.1,4.97,5,11715,0
GIF,D,20260402,000000,5,5.08,5,5,7464,0
GIF,D,20260407,000000,5,5.09,4.8,5,7945,0
GIF,D,20260408,000000,4.985,5.1,4.985,5.08,6917,0
GIF,D,20260409,000000,5.1,5.11,4.995,5.11,1435,0
GIF,D,20260410,000000,5,5.11,4.99,5.09,4959,0
GIF,D,20260413,000000,5.09,5.17,4.99,5.09,8583,0
GIF,D,20260414,000000,5.09,5.18,5.02,5.15,1282,0
GIF,D,20260415,000000,5.06,5.19,5.06,5.15,2423,0
GIF,D,20260416,000000,5.15,5.34,4.875,5.24,10659,0
GIF,D,20260417,000000,5.29,5.29,5.02,5.19,5390,0
GIF,D,20260420,000000,5.18,5.28,5.11,5.15,13886,0
GIF,D,20260421,000000,5.25,5.26,5.1,5.22,11164,0
GIF,D,20260422,000000,5.25,5.26,5.15,5.15,3104,0
GIF,D,20260423,000000,5.17,5.25,5.15,5.25,3227,0
GIF,D,20260424,000000,5.24,5.27,5.19,5.27,10950,0
GIF,D,20260427,000000,5.25,5.26,5.2,5.26,1466,0
GIF,D,20260428,000000,5.28,5.28,5.2,5.2,1412,0
GIF,D,20260429,000000,5.2,5.2,5.03,5.16,5497,0
GIF,D,20260430,000000,5.16,5.26,5.04,5.15,1314,0
GIF,D,20260504,000000,5.15,5.15,5.08,5.15,1136,0
GIF,D,20260505,000000,5.15,5.15,4.815,5.1,7615,0
GIF,D,20260506,000000,5.14,5.19,4.8,5.14,14541,0
GIF,D,20260507,000000,5.13,5.13,4.8,5,13855,0
GIF,D,20260508,000000,5.09,5.09,4.94,5,2379,0
GIF,D,20260511,000000,5.09,5.09,4.905,4.98,1692,0
GIF,D,20260512,000000,4.85,5.01,4.8,4.91,15199,0
GIF,D,20260513,000000,4.905,5,4.72,4.9,2101,0
GIF,D,20260514,000000,4.985,5,4.985,5,1017,0
GIF,D,20260515,000000,5,5.1,5,5,4602,0
GIF,D,20260518,000000,4.92,5,4.92,5,112662,0
GIF,D,20260519,000000,5.02,5.09,4.945,5,6521,0
GIF,D,20260520,000000,5.06,5.06,4.905,5.03,2626,0
GIF,D,20260521,000000,5.05,5.15,5.01,5.02,4066,0
GIF,D,20260522,000000,5.02,5.17,4.93,5.16,4379,0
GIF,D,20260525,000000,5.26,5.49,5.16,5.34,31011,0
GIF,D,20260526,000000,5.34,5.34,5.17,5.28,5247,0
GIF,D,20260527,000000,5.26,5.26,5.12,5.12,2791,0
GIF,D,20260528,000000,5.12,5.12,4.72,5.11,7718,0
GIF,D,20260529,000000,5.11,5.11,5.01,5.02,603,0
GIF,D,20260601,000000,5.03,5.11,4.91,5.1,2846,0
GIF,D,20260602,000000,5.1,5.12,4.97,4.975,6228,0
GIF,D,20260603,000000,4.98,5.15,4.98,5,7717,0
GIF,D,20260605,000000,5,5.09,4.86,4.97,8112,0
GIF,D,20260608,000000,4.97,5.05,4.97,5.05,4930,0
GIF,D,20260609,000000,5.05,5.1,4.98,5.05,1740,0
GIF,D,20260610,000000,5.09,5.1,4.98,5.08,10948,0
GIF,D,20260611,000000,5.07,5.09,4.98,4.98,6450,0
GIF,D,20260612,000000,4.98,4.995,4.96,4.96,3578,0
GIF,D,20260615,000000,4.995,4.995,4.8,4.95,15726,0
GIF,D,20260616,000000,4.895,4.95,4.7,4.73,26000,0
GIF,D,20260617,000000,4.84,4.87,4.78,4.85,3113,0
GIF,D,20260618,000000,4.8,4.87,4.8,4.87,1533,0
GIF,D,20260619,000000,4.87,4.94,4.87,4.87,1995,0
GIF,D,20260622,000000,4.94,4.97,4.9,4.9,8316,0
GIF,D,20260623,000000,4.9,4.995,4.9,4.91,3353,0
GIF,D,20260624,000000,4.985,4.995,4.8,4.95,5960,0
GIF,D,20260625,000000,4.855,4.95,4.81,4.835,4129,0
GIF,D,20260626,000000,4.835,4.95,4.835,4.88,588,0
GIF,D,20260629,000000,4.88,5,4.825,4.84,4672,0
GIF,D,20260630,000000,4.85,4.99,4.8,4.945,4131,0
GIF,D,20260701,000000,4.945,4.945,4.82,4.82,1136,0
GIF,D,20260702,000000,4.83,4.88,4.79,4.88,6599,0
GIF,D,20260703,000000,4.85,4.87,4.73,4.75,8872,0
GIF,D,20260706,000000,4.885,4.885,4.73,4.74,1936,0
GIF,D,20260707,000000,4.74,4.82,4.705,4.795,5658,0
GIF,D,20260708,000000,4.73,4.97,4.655,4.95,5908,0
GIF,D,20260709,000000,4.805,4.95,4.695,4.76,13068,0
GIF,D,20260710,000000,4.75,4.895,4.67,4.67,5074,0
GIF,D,20260713,000000,4.86,4.86,4.55,4.555,9816,0
GIF,D,20260714,000000,4.56,4.78,4.56,4.57,7719,0
GIF,D,20260715,000000,4.7,4.7,4.56,4.56,5795,0
GIF,D,20260716,000000,4.645,4.645,4.41,4.6,9684,0
GIF,D,20260717,000000,4.6,4.6,4.45,4.585,3555,0
GIF,D,20260720,000000,4.545,4.6,4.44,4.45,4993,0
GIF,D,20260721,000000,4.45,4.575,4.4,4.42,4767,0
GIF,D,20260722,000000,4.54,4.56,4.405,4.55,4884,0
GIF,D,20260723,000000,4.54,4.55,4.42,4.54,2081,0
GIF,D,20260724,000000,4.415,4.54,4.41,4.54,7442,0
GIF,D,20260727,000000,4.54,4.54,4.54,4.54,631,0
GIF,D,20260728,000000,4.51,4.54,4.48,4.48,1084,0
GIF,D,20260729,000000,4.43,4.58,4.43,4.525,1908,0
GIF,D,20260730,000000,4.49,4.57,4.49,4.55,1504,0
GIF,D,20260731,000000,4.5,4.5,4.415,4.43,4322,0
GIF,D,20260803,000000,4.43,4.55,4.43,4.51,10506,0
GIF,D,20260804,000000,4.51,4.51,4.4,4.49,3779,0
GIF,D,20260805,000000,4.495,4.5,4.41,4.5,3999,0
GIF,D,20260806,000000,4.51,4.51,4.45,4.465,768,0
GIF,D,20260807,000000,4.45,4.5,4.35,4.38,9896,0
GIF,D,20260810,000000,4.4,4.445,4.355,4.36,12060,0
GIF,D,20260811,000000,4.36,4.45,4.36,4.45,4522,0
GIF,D,20260812,000000,4.49,4.49,4.4,4.49,6630,0
GIF,D,20260813,000000,4.485,4.485,4.425,4.485,3011,0
GIF,D,20260814,000000,4.49,4.49,4.4,4.4,3253,0
GIF,D,20260817,000000,4.48,4.48,4.39,4.42,2684,0
GIF,D,20260818,000000,4.42,4.45,4.36,4.4,4788,0
