<TICKER>,<PER>,<DATE>,<TIME>,<OPEN>,<HIGH>,<LOW>,<CLOSE>,<VOL>,<OPENINT>
GMT,D,20210317,000000,16.6,16.98,12.5,13.55,831848,0
GMT,D,20210318,000000,14.1,15.6,14,15.17,397656,0
GMT,D,20210319,000000,15.3,20.6,15.1,19.69,915539,0
GMT,D,20210322,000000,20.6,23.9,18.36,19.02,688829,0
GMT,D,20210323,000000,20,21.6,18.59,19,248344,0
GMT,D,20210324,000000,19,19,17.02,17.5,139949,0
GMT,D,20210325,000000,17.748,19.4,16.2,17,308540,0
GMT,D,20210326,000000,17.11,17.448,16.8,17.08,56772,0
GMT,D,20210329,000000,17.08,17.89,16.22,16.602,90740,0
GMT,D,20210330,000000,16.9,16.92,16.1,16.1,46638,0
GMT,D,20210331,000000,16.198,17.1,15.522,15.86,108910,0
GMT,D,20210401,000000,16,16.002,13.81,14.65,125643,0
GMT,D,20210406,000000,14.652,16.74,14.65,16.398,80810,0
GMT,D,20210407,000000,16.686,16.74,15.5,16.4,39193,0
GMT,D,20210408,000000,16.498,16.498,15.65,16.1,21403,0
GMT,D,20210409,000000,16.378,18.1,15.6,17.598,132973,0
GMT,D,20210412,000000,17.778,17.778,16.502,16.96,56784,0
GMT,D,20210413,000000,16.96,17.2,16.14,16.14,25465,0
GMT,D,20210414,000000,15.802,16.798,15.71,15.8,36288,0
GMT,D,20210415,000000,16.188,16.188,15.52,15.7,15419,0
GMT,D,20210416,000000,15.7,16,15.13,16,17589,0
GMT,D,20210419,000000,16,16,15.1,15.1,24945,0
GMT,D,20210420,000000,15.18,15.18,14.32,14.9,27321,0
GMT,D,20210421,000000,14.99,14.99,14.15,14.3,32063,0
GMT,D,20210422,000000,14.3,14.968,13.95,14.28,69919,0
GMT,D,20210423,000000,14.2,14.3,13.22,13.47,67728,0
GMT,D,20210426,000000,13.11,13.7,13.11,13.3,27069,0
GMT,D,20210427,000000,13.4,13.6,13.3,13.5,15520,0
GMT,D,20210428,000000,13.51,13.51,12.78,12.9,43696,0
GMT,D,20210429,000000,12.89,14,12.602,13.6,62132,0
GMT,D,20210430,000000,13.5,14.418,13.14,13.2,63676,0
GMT,D,20210504,000000,13.95,13.95,12.92,13.15,15847,0
GMT,D,20210505,000000,13.15,13.15,12.52,12.85,14108,0
GMT,D,20210506,000000,12.85,12.85,12.16,12.3,32963,0
GMT,D,20210507,000000,12.3,13,12.01,12.56,36817,0
GMT,D,20210510,000000,12.98,14.2,12.51,13.92,40430,0
GMT,D,20210511,000000,13.99,14.62,13.65,14,17686,0
GMT,D,20210512,000000,13.41,14,13.06,13.1,21785,0
GMT,D,20210513,000000,13.56,13.56,12.7,13.19,16577,0
GMT,D,20210514,000000,13.4,13.4,12.61,12.8,16553,0
GMT,D,20210517,000000,13,15.58,12.98,15.55,135884,0
GMT,D,20210518,000000,15.98,16,14.32,15.6,107470,0
GMT,D,20210519,000000,15.8,15.97,14.4,14.4,36566,0
GMT,D,20210520,000000,14.6,15,14.12,14.698,8332,0
GMT,D,20210521,000000,14.7,14.7,14.3,14.58,8721,0
GMT,D,20210524,000000,14.3,14.68,13.64,14.08,16270,0
GMT,D,20210525,000000,14,14.566,13.65,13.7,10988,0
GMT,D,20210526,000000,13.96,13.96,13.2,13.95,14550,0
GMT,D,20210527,000000,14,14.66,13.6,14.488,13067,0
GMT,D,20210528,000000,14.38,14.4,13.772,14.25,13118,0
GMT,D,20210531,000000,14.01,14.298,13.9,14.09,6377,0
GMT,D,20210601,000000,14.1,14.23,13.92,14,4805,0
GMT,D,20210602,000000,14,14.1,13.82,14.05,6284,0
GMT,D,20210604,000000,13.97,14,13.63,14,7106,0
GMT,D,20210607,000000,14,14,13.5,13.99,8857,0
GMT,D,20210608,000000,14.1,14.1,13.71,13.98,8927,0
GMT,D,20210609,000000,13.97,14.1,13.8,14,6706,0
GMT,D,20210610,000000,14.16,14.16,13.85,13.85,1893,0
GMT,D,20210611,000000,13.85,14.06,13.71,13.85,8294,0
GMT,D,20210614,000000,14.04,14.04,13.6,13.8,6699,0
GMT,D,20210615,000000,13.8,13.8,13.41,13.44,8911,0
GMT,D,20210616,000000,13.41,14.98,12.9,13.794,20383,0
GMT,D,20210617,000000,13.98,13.98,13.3,13.55,4874,0
GMT,D,20210618,000000,13.7,13.7,13.152,13.69,6394,0
GMT,D,20210621,000000,13.69,13.69,13.3,13.31,9093,0
GMT,D,20210622,000000,13.47,13.7,13.002,13.1,14871,0
GMT,D,20210623,000000,13.05,13.49,13.05,13.378,1268,0
GMT,D,20210624,000000,13.49,13.49,13.05,13.446,1912,0
GMT,D,20210625,000000,13.4,13.4,12.42,13.098,20514,0
GMT,D,20210628,000000,13.1,13.1,12.8,13,5652,0
GMT,D,20210629,000000,13.1,13.1,12.85,12.95,7021,0
GMT,D,20210630,000000,13.1,13.1,12.6,12.62,2719,0
GMT,D,20210701,000000,12.99,12.99,12.62,12.98,841,0
GMT,D,20210702,000000,12.97,12.98,12.62,12.682,2861,0
GMT,D,20210705,000000,12.8,12.8,12.522,12.536,6904,0
GMT,D,20210706,000000,12.6,12.7,12.522,12.6,4031,0
GMT,D,20210707,000000,12.7,12.8,12.6,12.7,3293,0
GMT,D,20210708,000000,12.8,13.35,12.65,12.9,14332,0
GMT,D,20210709,000000,12.706,12.99,12.7,12.99,1235,0
GMT,D,20210712,000000,13.05,13.1,12.61,12.61,10476,0
GMT,D,20210713,000000,13,13,12.61,12.7,2742,0
GMT,D,20210714,000000,12.88,12.88,12.4,12.7,4892,0
GMT,D,20210715,000000,12.85,12.85,12.602,12.85,1415,0
GMT,D,20210716,000000,12.85,12.85,12.6,12.82,4447,0
GMT,D,20210719,000000,12.65,12.85,12.4,12.422,7394,0
GMT,D,20210720,000000,12.38,12.422,12.18,12.422,7188,0
GMT,D,20210721,000000,12.422,12.5,12.1,12.4,6847,0
GMT,D,20210722,000000,12.12,12.4,12.12,12.38,1406,0
GMT,D,20210723,000000,12.38,12.5,12.17,12.498,1054,0
GMT,D,20210726,000000,12.3,12.5,11.5,12,20451,0
GMT,D,20210727,000000,12,12.5,11.56,11.898,17060,0
GMT,D,20210728,000000,11.7,11.88,11.54,11.85,12254,0
GMT,D,20210729,000000,11.7,11.7,11.52,11.646,5092,0
GMT,D,20210730,000000,11.52,11.7,10.85,11.24,27842,0
GMT,D,20210802,000000,11.1,11.2,10.8,10.99,25586,0
GMT,D,20210803,000000,10.99,11,10.81,10.94,3072,0
GMT,D,20210804,000000,10.88,11.8,10.88,11.354,13461,0
GMT,D,20210805,000000,11.354,11.43,11.03,11.05,1491,0
GMT,D,20210806,000000,11.38,11.38,11,11.22,12195,0
GMT,D,20210809,000000,11.25,11.374,11,11.298,4262,0
GMT,D,20210810,000000,11.01,11.318,11.01,11.3,2422,0
GMT,D,20210811,000000,11.3,11.31,10.99,11.278,9544,0
GMT,D,20210812,000000,11.258,11.26,10.99,10.99,6946,0
GMT,D,20210813,000000,11.238,11.238,10.85,10.9,7069,0
GMT,D,20210816,000000,10.806,11.27,10.806,11.21,7704,0
GMT,D,20210817,000000,11.27,12.23,11.27,11.5,16074,0
GMT,D,20210818,000000,11.67,11.67,11.2,11.2,2894,0
GMT,D,20210819,000000,11.21,11.21,10.99,11,8832,0
GMT,D,20210820,000000,10.99,11.2,10.8,10.9,8490,0
GMT,D,20210823,000000,11,11.15,10.8,11.138,6344,0
GMT,D,20210824,000000,11.1,11.1,10.6,10.998,8006,0
GMT,D,20210825,000000,10.82,11,10.7,10.85,9205,0
GMT,D,20210826,000000,10.9,10.968,10.7,10.88,9289,0
GMT,D,20210827,000000,10.878,10.878,10.6,10.798,14882,0
GMT,D,20210830,000000,10.796,10.796,10.65,10.778,3725,0
GMT,D,20210831,000000,10.778,10.794,10.4,10.738,8942,0
GMT,D,20210901,000000,10.738,11.04,10.62,10.898,1822,0
GMT,D,20210902,000000,10.802,10.898,10.62,10.784,3509,0
GMT,D,20210903,000000,10.798,10.798,10.6,10.69,2481,0
GMT,D,20210906,000000,10.65,10.898,10.51,10.898,5830,0
GMT,D,20210907,000000,10.9,12.2,10.9,11.798,16913,0
GMT,D,20210908,000000,11.5,12.5,11.35,12.48,12145,0
GMT,D,20210909,000000,12.5,12.8,11.35,12,8232,0
GMT,D,20210910,000000,12.1,12.3,11.9,12.2,3029,0
GMT,D,20210913,000000,12.4,12.498,11.9,12.4,6111,0
GMT,D,20210914,000000,12,12.42,11.7,11.9,3924,0
GMT,D,20210915,000000,11.99,11.99,11.15,11.7,4796,0
GMT,D,20210916,000000,11.688,11.688,11.2,11.5,3493,0
GMT,D,20210917,000000,11.6,11.6,11.18,11.5,1110,0
GMT,D,20210920,000000,11.688,11.688,11.02,11.38,2593,0
GMT,D,20210921,000000,11,12,11,11.5,10574,0
GMT,D,20210922,000000,11.22,11.58,11,11.4,4407,0
GMT,D,20210923,000000,11.4,11.4,11,11.3,881,0
GMT,D,20210924,000000,11.6,11.6,10.998,11.35,9537,0
GMT,D,20210927,000000,11.35,11.35,11.1,11.2,2949,0
GMT,D,20210928,000000,11.08,11.2,11,11.15,2502,0
GMT,D,20210929,000000,11,11.15,10.7,11,4111,0
GMT,D,20210930,000000,10.7,10.95,10.5,10.9,7702,0
GMT,D,20211001,000000,10.52,10.98,10.512,10.7,2733,0
GMT,D,20211004,000000,10.84,10.84,10.41,10.7,2985,0
GMT,D,20211005,000000,10.64,10.7,10.01,10.68,8214,0
GMT,D,20211006,000000,10.3,10.5,10.02,10.49,3157,0
GMT,D,20211007,000000,10.11,10.59,10.06,10.48,967,0
GMT,D,20211008,000000,10.48,10.5,10.2,10.498,3589,0
GMT,D,20211011,000000,10.59,11.4,10.59,10.89,3409,0
GMT,D,20211012,000000,10.89,10.9,10.5,10.7,3387,0
GMT,D,20211013,000000,10.888,10.9,10.33,10.9,2058,0
GMT,D,20211014,000000,10.35,10.884,10.35,10.78,2592,0
GMT,D,20211015,000000,10.78,10.78,10.352,10.4,723,0
GMT,D,20211018,000000,10.3,10.4,10.2,10.4,3645,0
GMT,D,20211019,000000,10.38,10.68,10.25,10.65,2724,0
GMT,D,20211020,000000,10.3,10.48,10.222,10.48,2605,0
GMT,D,20211021,000000,10.24,10.68,10.22,10.66,5551,0
GMT,D,20211022,000000,10.52,10.66,10.22,10.66,1625,0
GMT,D,20211025,000000,10.26,10.6,10.12,10.16,5329,0
GMT,D,20211026,000000,10.1,10.38,10.01,10.28,7176,0
GMT,D,20211027,000000,10.02,10.38,9.88,10,11034,0
GMT,D,20211028,000000,10,10.3,9.654,9.989,12939,0
GMT,D,20211029,000000,9.989,10.2,9.7,9.7,9400,0
GMT,D,20211102,000000,9.75,10.1,9.75,10.1,6612,0
GMT,D,20211103,000000,10.1,10.19,9.91,10.19,7503,0
GMT,D,20211104,000000,10.2,10.2,10.04,10.2,4789,0
GMT,D,20211105,000000,10.2,10.478,10.06,10.42,23901,0
GMT,D,20211108,000000,10.36,11.36,10.1,11,18941,0
GMT,D,20211109,000000,10.99,11.15,10.5,10.9,6799,0
GMT,D,20211110,000000,10.9,10.988,10.5,10.896,4173,0
GMT,D,20211112,000000,10.5,10.78,10.3,10.54,4652,0
GMT,D,20211115,000000,10.36,10.48,10,10.448,5519,0
GMT,D,20211116,000000,10.44,10.44,9.86,9.92,4526,0
GMT,D,20211117,000000,9.92,9.998,9.82,9.998,2576,0
GMT,D,20211118,000000,9.95,9.998,9.7,9.994,6325,0
GMT,D,20211119,000000,9.8,9.936,9.701,9.8,15059,0
GMT,D,20211122,000000,9.701,9.8,9.55,9.769,5002,0
GMT,D,20211123,000000,9.6,9.769,9.5,9.6,7898,0
GMT,D,20211124,000000,9.6,10,9.6,9.7,6471,0
GMT,D,20211125,000000,9.99,10,9.652,9.959,2167,0
GMT,D,20211126,000000,9.958,10,9.7,10,1909,0
GMT,D,20211129,000000,9.8,10,9.76,9.979,4386,0
GMT,D,20211130,000000,9.979,10,9.66,9.68,7095,0
GMT,D,20211201,000000,10,10.28,10,10.28,6969,0
GMT,D,20211202,000000,10.3,10.35,10,10.25,2527,0
GMT,D,20211203,000000,10.27,10.27,10.07,10.2,12174,0
GMT,D,20211206,000000,10.25,10.3,10.07,10.1,4864,0
GMT,D,20211207,000000,10.07,10.096,9.5,10.09,5710,0
GMT,D,20211208,000000,9.75,10,9.75,10,4614,0
GMT,D,20211209,000000,9.85,10,9.8,10,1594,0
GMT,D,20211210,000000,9.81,9.9,9.8,9.8,3525,0
GMT,D,20211213,000000,9.8,9.8,9.62,9.73,1052,0
GMT,D,20211214,000000,9.73,10,9.12,9.7,24526,0
GMT,D,20211215,000000,9.401,9.5,9,9.5,9350,0
GMT,D,20211216,000000,9.499,9.9,9.21,9.78,3664,0
GMT,D,20211217,000000,9.78,9.799,9.4,9.6,613,0
GMT,D,20211220,000000,9.74,9.74,9.06,9.59,5164,0
GMT,D,20211221,000000,9.2,9.49,9.1,9.35,1629,0
GMT,D,20211222,000000,9.2,9.39,9.07,9.27,16230,0
GMT,D,20211223,000000,9.26,9.3,9,9.2,18974,0
GMT,D,20211227,000000,9.06,9.27,8.82,8.9,23971,0
GMT,D,20211228,000000,8.92,9,8.7,8.79,25154,0
GMT,D,20211229,000000,8.7,9.4,8.6,9.34,10347,0
GMT,D,20211230,000000,9.18,9.38,9.1,9.35,4621,0
GMT,D,20220103,000000,9.35,9.996,9.35,9.838,5733,0
GMT,D,20220104,000000,9.838,9.96,9.14,9.94,4254,0
GMT,D,20220105,000000,9.8,10.8,9.48,10.5,16256,0
GMT,D,20220107,000000,10.6,11.2,10.11,10.8,11480,0
GMT,D,20220110,000000,11.05,11.05,10.4,10.5,10993,0
GMT,D,20220111,000000,10.4,10.716,10.2,10.57,2052,0
GMT,D,20220112,000000,10.5,10.6,10,10,2517,0
GMT,D,20220113,000000,10.012,10.498,10,10.19,12223,0
GMT,D,20220114,000000,10,10.19,9.7,9.9,10505,0
GMT,D,20220117,000000,10,10.2,9.702,10,5908,0
GMT,D,20220118,000000,9.9,10,9.7,10,3313,0
GMT,D,20220119,000000,9.8,10,9.6,9.9,2573,0
GMT,D,20220120,000000,9.99,9.99,9.7,9.93,1389,0
GMT,D,20220121,000000,10,10,9.503,9.9,3893,0
GMT,D,20220124,000000,9.504,9.78,9.1,9.2,6945,0
GMT,D,20220125,000000,9.45,9.69,9.3,9.5,5726,0
GMT,D,20220126,000000,9.5,9.5,9.26,9.49,3595,0
GMT,D,20220127,000000,9.5,9.5,9.1,9.496,2534,0
GMT,D,20220128,000000,9.5,9.5,9,9.099,11104,0
GMT,D,20220131,000000,9.45,9.45,9.3,9.4,2796,0
GMT,D,20220201,000000,9.3,9.4,9,9.3,5022,0
GMT,D,20220202,000000,9.3,9.398,9,9.398,5935,0
GMT,D,20220203,000000,9.379,9.379,8.95,9.05,9104,0
GMT,D,20220204,000000,8.956,9.09,8.9,9,3381,0
GMT,D,20220207,000000,8.9,9.136,8.8,8.99,817,0
GMT,D,20220208,000000,9,9.28,8.8,9.28,8287,0
GMT,D,20220209,000000,9.28,9.377,8.8,8.904,9883,0
GMT,D,20220210,000000,9.186,9.2,8.95,8.95,1895,0
GMT,D,20220211,000000,8.981,10,8.981,9.97,5025,0
GMT,D,20220214,000000,9.75,9.95,9.4,9.7,4950,0
GMT,D,20220215,000000,9.7,10,9.7,10,577,0
GMT,D,20220216,000000,9.71,10,9.71,9.78,1944,0
GMT,D,20220217,000000,9.78,9.99,9.7,9.99,3160,0
GMT,D,20220218,000000,9.8,9.98,9.71,9.71,2053,0
GMT,D,20220221,000000,9.81,9.99,9.4,9.85,4147,0
GMT,D,20220222,000000,9.4,9.88,9.4,9.8,2259,0
GMT,D,20220223,000000,9.7,9.8,9.7,9.75,2731,0
GMT,D,20220224,000000,8.63,9.2,7,8.4,17696,0
GMT,D,20220225,000000,8,9,8,8.89,10354,0
GMT,D,20220228,000000,8.65,9.4,8.65,9.4,5504,0
GMT,D,20220301,000000,9.1,9.2,8.5,9,7529,0
GMT,D,20220302,000000,8.5,8.5,7.91,8.4,9341,0
GMT,D,20220303,000000,8.3,8.3,7.8,7.89,12234,0
GMT,D,20220304,000000,7.999,8,7.26,7.59,13428,0
GMT,D,20220307,000000,7.3,7.3,6,6.9,33089,0
GMT,D,20220308,000000,6.9,7.199,6.651,6.82,3787,0
GMT,D,20220309,000000,7.099,7.75,6.92,7,16377,0
GMT,D,20220310,000000,7,7,6.85,7,15950,0
GMT,D,20220311,000000,6.95,7,6.9,7,16411,0
GMT,D,20220314,000000,7,7,6.8,6.99,17562,0
GMT,D,20220315,000000,7,7,6.802,7,9346,0
GMT,D,20220316,000000,7,8,7,7.5,18152,0
GMT,D,20220317,000000,7.7,7.88,7.6,7.79,22012,0
GMT,D,20220318,000000,7.6,7.95,7.5,7.88,6163,0
GMT,D,20220321,000000,8.3,8.3,7.75,7.96,5242,0
GMT,D,20220322,000000,7.75,7.9,7.502,7.55,8632,0
GMT,D,20220323,000000,7.55,7.55,7,7,14893,0
GMT,D,20220324,000000,6.98,7.2,6.902,7.19,2781,0
GMT,D,20220325,000000,7.05,7.05,7,7,5384,0
GMT,D,20220328,000000,7.05,7.05,6.964,7,752,0
GMT,D,20220329,000000,7,7,6.56,6.95,13283,0
GMT,D,20220330,000000,6.95,6.95,6.85,6.9,9085,0
GMT,D,20220331,000000,6.9,6.9,6.8,6.82,9708,0
GMT,D,20220401,000000,6.6,7.1,6.6,7,1833,0
GMT,D,20220404,000000,7,7,6.7,6.8,6777,0
GMT,D,20220405,000000,6.71,6.799,6.4,6.5,14608,0
GMT,D,20220406,000000,6.5,6.59,6.401,6.54,17777,0
GMT,D,20220407,000000,6.5,7,6.4,7,27949,0
GMT,D,20220408,000000,7,7.49,6.8,7,3578,0
GMT,D,20220411,000000,7,7.36,6.82,7.16,2926,0
GMT,D,20220412,000000,7.16,7.45,6.85,7.36,3729,0
GMT,D,20220413,000000,7.1,7.4,7.1,7.4,2207,0
GMT,D,20220414,000000,7.38,7.38,7.37,7.38,313,0
GMT,D,20220419,000000,7.1,7.2,6.91,7.09,14122,0
GMT,D,20220420,000000,7.14,7.19,6.92,7.16,2807,0
GMT,D,20220421,000000,7.17,7.17,7.13,7.13,1639,0
GMT,D,20220422,000000,6.96,7.12,6.91,7.12,2243,0
GMT,D,20220425,000000,6.9,7.11,6.89,7,1842,0
GMT,D,20220426,000000,7,7.08,6.71,7,7531,0
GMT,D,20220427,000000,7,7,6.99,6.99,147,0
GMT,D,20220428,000000,6.8,6.9,6.72,6.89,1915,0
GMT,D,20220429,000000,7,8.4,6.95,7.4,46838,0
GMT,D,20220502,000000,7.65,7.65,7.2,7.5,3753,0
GMT,D,20220504,000000,8,8,7.05,7.35,10525,0
GMT,D,20220505,000000,7.4,7.4,7,7.1,10873,0
GMT,D,20220506,000000,7.1,7.35,7.01,7.3,2656,0
GMT,D,20220509,000000,7.04,7.28,7.04,7.25,620,0
GMT,D,20220510,000000,7.05,7.05,7,7,4040,0
GMT,D,20220511,000000,7.27,7.27,7,7.27,872,0
GMT,D,20220512,000000,7.27,7.28,7,7.24,3724,0
GMT,D,20220513,000000,7.24,7.24,7.21,7.21,820,0
GMT,D,20220516,000000,7.28,7.3,7.28,7.29,850,0
GMT,D,20220517,000000,7.1,7.1,7,7,4845,0
GMT,D,20220518,000000,7.19,7.19,7.19,7.19,875,0
GMT,D,20220519,000000,7.06,7.06,7,7,1188,0
GMT,D,20220520,000000,7,7,6.9,6.99,1987,0
GMT,D,20220523,000000,7.2,7.2,6.88,7,2089,0
GMT,D,20220524,000000,7.18,7.19,6.89,7,1558,0
GMT,D,20220525,000000,7.05,7.05,7.05,7.05,70,0
GMT,D,20220526,000000,7.05,7.28,7.05,7.28,1357,0
GMT,D,20220527,000000,7.3,7.3,7.3,7.3,337,0
GMT,D,20220530,000000,7.1,7.27,7,7,10242,0
GMT,D,20220531,000000,7,7.27,5.8,6.21,38394,0
GMT,D,20220601,000000,6.55,6.8,6.16,6.8,13684,0
GMT,D,20220602,000000,6.8,6.8,6.41,6.5,6003,0
GMT,D,20220603,000000,6.5,6.6,6.2,6.25,11432,0
GMT,D,20220606,000000,6.26,6.5,6.14,6.39,7062,0
GMT,D,20220607,000000,6.38,6.4,6.17,6.39,4628,0
GMT,D,20220608,000000,6.46,6.9,6.21,6.21,33065,0
GMT,D,20220609,000000,6.37,6.37,6,6.1,13612,0
GMT,D,20220610,000000,6.2,6.25,5.9,6.05,18035,0
GMT,D,20220613,000000,6.04,6.04,5.52,5.6,7120,0
GMT,D,20220614,000000,5.6,5.85,5.51,5.51,8690,0
GMT,D,20220615,000000,5.6,5.88,5.55,5.88,1550,0
GMT,D,20220617,000000,5.5,5.7,5.41,5.7,5477,0
GMT,D,20220620,000000,5.36,5.79,5.2,5.74,7522,0
GMT,D,20220621,000000,5.7,5.77,5.4,5.71,4707,0
GMT,D,20220622,000000,5.7,5.7,5.38,5.69,275,0
GMT,D,20220624,000000,5.7,5.7,5.36,5.67,1712,0
GMT,D,20220627,000000,5.7,6.26,5.43,5.79,10650,0
GMT,D,20220628,000000,5.53,6.08,5.53,6.08,3682,0
GMT,D,20220629,000000,6.08,6.08,5.9,6.05,1647,0
GMT,D,20220630,000000,6.04,6.04,5.56,5.89,1171,0
GMT,D,20220701,000000,5.89,6.08,5.89,6.03,3583,0
GMT,D,20220704,000000,6.06,6.08,5.98,5.98,967,0
GMT,D,20220705,000000,6.07,6.07,5.55,6,12054,0
GMT,D,20220706,000000,5.75,6,5.66,5.99,1450,0
GMT,D,20220707,000000,6,6.08,5.9,6,860,0
GMT,D,20220708,000000,5.98,6,5.98,6,724,0
GMT,D,20220711,000000,6,6,5.9,5.99,1203,0
GMT,D,20220712,000000,5.7,5.97,5.7,5.97,348,0
GMT,D,20220713,000000,5.97,5.98,5.97,5.98,965,0
GMT,D,20220714,000000,5.99,5.99,5.85,5.99,1358,0
GMT,D,20220715,000000,5.71,5.98,5.7,5.98,400,0
GMT,D,20220718,000000,6,6,5.9,5.9,526,0
GMT,D,20220719,000000,5.9,5.9,5.9,5.9,6,0
GMT,D,20220720,000000,5.65,5.98,5.65,5.7,855,0
GMT,D,20220721,000000,5.9,5.9,5.71,5.9,439,0
GMT,D,20220722,000000,5.66,5.9,5.66,5.9,506,0
GMT,D,20220725,000000,5.66,5.97,5.65,5.97,2270,0
GMT,D,20220726,000000,5.77,5.96,5.66,5.96,2740,0
GMT,D,20220727,000000,5.94,5.94,5.94,5.94,56,0
GMT,D,20220728,000000,5.97,5.97,5.95,5.95,90,0
GMT,D,20220729,000000,5.85,5.95,5.75,5.94,5643,0
GMT,D,20220801,000000,5.66,5.91,5.5,5.91,3975,0
GMT,D,20220802,000000,5.9,5.9,5.7,5.89,4416,0
GMT,D,20220803,000000,5.8,6.25,5.8,5.99,68725,0
GMT,D,20220804,000000,5.9,6.17,5.9,6.1,8071,0
GMT,D,20220805,000000,6.05,6.1,6,6.08,792,0
GMT,D,20220808,000000,6.08,6.1,5.91,6.05,2385,0
GMT,D,20220809,000000,5.96,6.03,5.7,6,11745,0
GMT,D,20220810,000000,6,6.05,5.8,5.82,36765,0
GMT,D,20220811,000000,5.85,6,5.83,6,3205,0
GMT,D,20220812,000000,5.84,6.2,5.84,6.2,45458,0
GMT,D,20220816,000000,6.36,6.48,6.21,6.41,11615,0
GMT,D,20220817,000000,6.31,6.33,5.9,6,12054,0
GMT,D,20220818,000000,5.9,6.15,5.8,5.8,15004,0
GMT,D,20220819,000000,5.74,6,5.7,5.77,10466,0
GMT,D,20220822,000000,5.8,6.09,5.8,6,901,0
GMT,D,20220823,000000,5.85,5.95,5.75,5.95,1202,0
GMT,D,20220824,000000,5.8,5.99,5.75,5.99,1594,0
GMT,D,20220825,000000,5.8,5.98,5.8,5.97,822,0
GMT,D,20220826,000000,5.98,5.98,5.75,5.98,3689,0
GMT,D,20220829,000000,5.71,5.8,5.62,5.78,1763,0
GMT,D,20220830,000000,5.64,5.81,5.64,5.7,995,0
GMT,D,20220831,000000,5.7,5.9,5.6,5.9,4399,0
GMT,D,20220901,000000,5.9,5.9,5.46,5.7,3928,0
GMT,D,20220902,000000,5.7,5.76,5.7,5.76,213,0
GMT,D,20220905,000000,5.5,5.6,5.4,5.6,3846,0
GMT,D,20220906,000000,5.6,5.6,5.6,5.6,1156,0
GMT,D,20220907,000000,5.41,5.5,5.4,5.5,1726,0
GMT,D,20220908,000000,5.3,5.5,5.2,5.48,2544,0
GMT,D,20220909,000000,5.2,5.9,5.2,5.5,6836,0
GMT,D,20220912,000000,5.6,6.18,5.6,5.89,12778,0
GMT,D,20220913,000000,5.62,5.99,5.4,5.6,3685,0
GMT,D,20220914,000000,5.4,5.7,5.01,5.5,405,0
GMT,D,20220915,000000,5.7,5.8,5.31,5.31,3818,0
GMT,D,20220916,000000,5.5,5.65,5.25,5.5,3704,0
GMT,D,20220919,000000,5.65,5.85,5.6,5.7,616,0
GMT,D,20220920,000000,5.7,5.7,5.7,5.7,26,0
GMT,D,20220922,000000,5.52,5.66,5.5,5.6,740,0
GMT,D,20220923,000000,5.66,5.66,5.27,5.4,2481,0
GMT,D,20220926,000000,5.28,5.49,4.71,5.45,9303,0
GMT,D,20220927,000000,5.05,5.38,5.05,5.38,1834,0
GMT,D,20220928,000000,5.25,5.39,5.25,5.25,1176,0
GMT,D,20220929,000000,5.4,5.4,5.2,5.2,1507,0
GMT,D,20220930,000000,5.1,5.1,4.855,5.1,3060,0
GMT,D,20221003,000000,4.9,5.1,4.9,5.1,1444,0
GMT,D,20221004,000000,5.2,5.2,4.95,5,6396,0
GMT,D,20221005,000000,5.1,5.2,4.975,5,3068,0
GMT,D,20221006,000000,5.1,5.1,4.875,5,972,0
GMT,D,20221007,000000,5.09,5.09,5,5.07,326,0
GMT,D,20221010,000000,5.1,5.1,4.875,5.04,1402,0
GMT,D,20221011,000000,5.05,5.05,4.8,4.895,3769,0
GMT,D,20221012,000000,4.87,4.87,4.39,4.84,8930,0
GMT,D,20221013,000000,4.795,4.795,4.305,4.6,12335,0
GMT,D,20221014,000000,4.6,4.9,4.35,4.515,8926,0
GMT,D,20221017,000000,4.7,5.15,4.7,4.965,2203,0
GMT,D,20221018,000000,5.1,5.1,4.8,4.805,4760,0
GMT,D,20221019,000000,5.1,5.1,5.05,5.09,3166,0
GMT,D,20221020,000000,5.1,5.1,5.07,5.07,3711,0
GMT,D,20221021,000000,5.06,5.09,5.06,5.07,3070,0
GMT,D,20221024,000000,5.07,5.35,5.07,5.26,3352,0
GMT,D,20221025,000000,5.27,5.27,5.26,5.26,411,0
GMT,D,20221026,000000,5.39,5.39,5,5.2,102889,0
GMT,D,20221027,000000,5.01,5.5,5.01,5.25,5276,0
GMT,D,20221028,000000,5.46,5.46,5.21,5.38,1407,0
GMT,D,20221031,000000,5.45,5.45,5.21,5.22,1938,0
GMT,D,20221102,000000,5.25,5.99,5.13,5.73,28610,0
GMT,D,20221103,000000,5.69,5.7,5.42,5.68,26377,0
GMT,D,20221104,000000,5.7,5.7,5.5,5.68,4543,0
GMT,D,20221107,000000,5.65,5.65,5.34,5.57,3164,0
GMT,D,20221108,000000,5.56,5.56,5.31,5.47,3272,0
GMT,D,20221109,000000,5.32,5.39,5.25,5.39,3461,0
GMT,D,20221110,000000,5.37,5.37,5.12,5.37,8665,0
GMT,D,20221114,000000,5.36,5.49,5,5.49,13474,0
GMT,D,20221115,000000,5.29,5.29,5.1,5.29,2010,0
GMT,D,20221116,000000,5.3,5.3,4.95,5.18,86408,0
GMT,D,20221117,000000,5.2,5.2,5,5,63553,0
GMT,D,20221118,000000,5.1,5.27,5.05,5.27,44941,0
GMT,D,20221121,000000,5.3,5.3,5.1,5.24,2419,0
GMT,D,20221122,000000,5.24,5.25,5.01,5.23,10282,0
GMT,D,20221123,000000,5.28,5.28,5.05,5.1,11053,0
GMT,D,20221124,000000,5.27,5.27,5.04,5.26,44206,0
GMT,D,20221125,000000,5.28,5.28,5.19,5.26,22072,0
GMT,D,20221128,000000,5.28,5.28,5.02,5.24,188983,0
GMT,D,20221129,000000,5.2,5.7,5.11,5.66,127958,0
GMT,D,20221130,000000,5.7,6.82,5.69,6.48,66444,0
GMT,D,20221201,000000,6.5,6.5,6.1,6.38,17785,0
GMT,D,20221202,000000,6.4,6.4,6.22,6.38,9944,0
GMT,D,20221205,000000,6.4,7.55,6.13,7.1,88895,0
GMT,D,20221206,000000,7.1,7.48,7,7.42,47463,0
GMT,D,20221207,000000,7.49,7.49,6.8,6.98,46035,0
GMT,D,20221208,000000,7.1,7.16,6.65,6.96,15176,0
GMT,D,20221209,000000,7.1,7.1,6.79,7.08,9491,0
GMT,D,20221212,000000,7.1,7.1,6.5,6.7,44018,0
GMT,D,20221213,000000,6.96,6.97,6.66,6.8,9658,0
GMT,D,20221214,000000,6.49,6.74,6.28,6.71,27400,0
GMT,D,20221215,000000,6.65,6.65,6.4,6.5,34414,0
GMT,D,20221216,000000,6.49,6.54,6.4,6.49,10869,0
GMT,D,20221219,000000,6.5,8.3,6.5,7.69,173309,0
GMT,D,20221220,000000,7.6,7.68,7.12,7.6,27947,0
GMT,D,20221221,000000,7.64,7.91,7.56,7.9,79440,0
GMT,D,20221222,000000,7.95,9.71,7.72,9.59,161644,0
GMT,D,20221223,000000,9.8,11.36,9.3,11,185258,0
GMT,D,20221227,000000,11.56,12.4,11,12.2,165001,0
GMT,D,20221228,000000,11.8,12.8,11.12,11.46,96443,0
GMT,D,20221229,000000,10.62,12.3,9.54,11.8,142524,0
GMT,D,20221230,000000,11.86,12.22,11.34,11.62,32946,0
GMT,D,20230102,000000,11.8,14.1,11.8,13.78,137510,0
GMT,D,20230103,000000,13.7,14.9,13.7,14.68,106167,0
GMT,D,20230104,000000,15,16.38,13.52,14.58,208172,0
GMT,D,20230105,000000,15,15.18,12.74,14.4,147287,0
GMT,D,20230109,000000,14.4,14.4,13,13.96,73155,0
GMT,D,20230110,000000,15.24,16.22,13.22,13.96,236469,0
GMT,D,20230111,000000,14.18,14.98,13.96,14.78,60080,0
GMT,D,20230112,000000,14.78,14.9,12.44,13.02,75096,0
GMT,D,20230113,000000,13.38,13.38,12.52,12.78,22726,0
GMT,D,20230116,000000,12.78,12.78,11.4,11.7,119707,0
GMT,D,20230117,000000,12,12,11.68,11.9,17220,0
GMT,D,20230118,000000,11.94,11.94,10.74,11.46,75879,0
GMT,D,20230119,000000,11.3,11.5,10.98,11.5,16713,0
GMT,D,20230120,000000,11.5,11.5,11.14,11.26,25877,0
GMT,D,20230123,000000,11.46,11.48,10.9,10.94,13949,0
GMT,D,20230124,000000,11,11.5,10.7,11.5,50417,0
GMT,D,20230125,000000,11.5,12.86,11.4,12.7,92262,0
GMT,D,20230126,000000,13,13.4,11.96,12.34,51865,0
GMT,D,20230127,000000,12.34,12.48,11.6,12.16,14027,0
GMT,D,20230130,000000,11.9,12.26,11.3,11.64,16378,0
GMT,D,20230131,000000,11.7,11.9,11.2,11.52,7174,0
GMT,D,20230201,000000,11.7,11.96,11.3,11.66,9583,0
GMT,D,20230202,000000,11.66,12.5,11.26,11.88,15926,0
GMT,D,20230203,000000,11.88,12.48,11.4,11.76,5881,0
GMT,D,20230206,000000,11.96,11.96,11,11.04,11698,0
GMT,D,20230207,000000,11.1,11.46,10.7,11.1,29050,0
GMT,D,20230208,000000,11.1,11.74,11,11.58,11758,0
GMT,D,20230209,000000,11.7,11.88,11.22,11.6,4910,0
GMT,D,20230210,000000,13,13.4,12.1,12.8,122193,0
GMT,D,20230213,000000,13,13.4,12.86,13,16681,0
GMT,D,20230214,000000,13,13.3,13,13.18,19111,0
GMT,D,20230215,000000,13.28,14.08,13,13.9,45906,0
GMT,D,20230216,000000,14.2,14.46,12.8,13.08,68017,0
GMT,D,20230217,000000,13.38,13.38,12.6,12.6,15653,0
GMT,D,20230220,000000,12.42,12.5,11.7,11.8,38685,0
GMT,D,20230221,000000,11.96,12,11.7,11.76,22465,0
GMT,D,20230222,000000,11.8,11.8,11,11.34,17735,0
GMT,D,20230223,000000,11.12,11.7,11,11.36,17750,0
GMT,D,20230224,000000,11.68,11.68,10.64,10.94,37181,0
GMT,D,20230227,000000,11,11.46,10.94,11.4,21123,0
GMT,D,20230228,000000,11.4,11.76,10,10.34,81138,0
GMT,D,20230301,000000,10.36,10.4,9.9,10.08,27568,0
GMT,D,20230302,000000,10.16,10.24,9.61,10.04,24397,0
GMT,D,20230303,000000,10.02,10.04,9.85,10.02,13654,0
GMT,D,20230306,000000,10,11,9.84,10.5,32740,0
GMT,D,20230307,000000,10.52,10.78,10.1,10.2,18096,0
GMT,D,20230308,000000,10.46,10.46,10.02,10.1,11377,0
GMT,D,20230309,000000,10.34,10.5,9.86,10.04,16571,0
GMT,D,20230310,000000,10.4,10.4,9.84,9.9,15107,0
GMT,D,20230313,000000,10.2,10.2,9.74,10.06,22821,0
GMT,D,20230314,000000,10.04,10.04,9.6,9.6,7705,0
GMT,D,20230315,000000,9.6,9.99,9.05,9.35,14301,0
GMT,D,20230316,000000,9.93,9.93,9.16,9.32,6947,0
GMT,D,20230317,000000,9.82,9.86,9.32,9.86,4640,0
GMT,D,20230320,000000,10,10,9.27,9.4,12818,0
GMT,D,20230321,000000,9.3,11,9.24,10.52,66122,0
GMT,D,20230322,000000,11,11,10.6,10.88,23224,0
GMT,D,20230323,000000,10.76,10.76,10.2,10.2,4433,0
GMT,D,20230324,000000,10.5,10.94,10,10.5,10133,0
GMT,D,20230327,000000,10.4,10.52,10,10.28,6491,0
GMT,D,20230328,000000,10.46,10.48,10.16,10.4,8053,0
GMT,D,20230329,000000,10.4,10.48,10,10.3,12792,0
GMT,D,20230330,000000,10.32,10.4,10.02,10.18,5955,0
GMT,D,20230331,000000,10.16,11,10.02,10.82,36117,0
GMT,D,20230403,000000,10.92,12.88,10.9,12.18,63492,0
GMT,D,20230404,000000,12.58,12.98,11.76,12.08,50553,0
GMT,D,20230405,000000,11.98,11.98,10.9,11,43633,0
GMT,D,20230406,000000,10.98,11.02,10.5,10.9,21908,0
GMT,D,20230411,000000,10.92,11.08,10.38,10.48,21257,0
GMT,D,20230412,000000,10.86,10.86,10.4,10.42,6253,0
GMT,D,20230413,000000,10.5,10.5,10.14,10.2,17866,0
GMT,D,20230414,000000,10.36,10.36,10,10,16049,0
GMT,D,20230417,000000,10.34,10.34,9.7,9.99,16118,0
GMT,D,20230418,000000,9.61,9.9,9.26,9.6,31283,0
GMT,D,20230419,000000,9.58,9.9,9.34,9.35,25548,0
GMT,D,20230420,000000,9.22,9.76,9.22,9.34,29032,0
GMT,D,20230421,000000,9.22,9.4,9.04,9.38,12194,0
GMT,D,20230424,000000,9.38,9.38,9.1,9.26,12124,0
GMT,D,20230425,000000,9.28,9.7,9.18,9.2,50520,0
GMT,D,20230426,000000,9.22,9.38,8.4,8.88,84593,0
GMT,D,20230427,000000,8.88,9.38,8.48,8.82,69479,0
GMT,D,20230428,000000,9,9,8.52,8.78,23670,0
GMT,D,20230502,000000,9.08,9.8,8.78,9.74,65526,0
GMT,D,20230504,000000,9.7,10.85,9.54,10.15,95620,0
GMT,D,20230505,000000,10.15,10.2,9.66,9.94,28915,0
GMT,D,20230508,000000,9.94,10.1,9.7,9.86,36919,0
GMT,D,20230509,000000,9.74,9.82,9.4,9.42,24254,0
GMT,D,20230510,000000,9.44,9.56,9.24,9.4,20697,0
GMT,D,20230511,000000,9.4,9.44,9.2,9.4,4860,0
GMT,D,20230512,000000,9.64,9.7,9.22,9.5,14649,0
GMT,D,20230515,000000,9.7,9.7,9.26,9.46,15082,0
GMT,D,20230516,000000,9.66,9.66,9.1,9.28,16074,0
GMT,D,20230517,000000,9.14,9.26,8.86,9.06,24029,0
GMT,D,20230518,000000,9,9.3,8.8,8.94,31063,0
GMT,D,20230519,000000,8.94,9.44,8.92,9.4,26122,0
GMT,D,20230522,000000,9.4,9.8,9.4,9.52,28621,0
GMT,D,20230523,000000,9.52,9.52,9.02,9.16,16547,0
GMT,D,20230524,000000,9,9.18,8.84,9,17664,0
GMT,D,20230525,000000,9,9,8.78,8.88,19308,0
GMT,D,20230526,000000,8.76,8.94,8.72,8.9,9977,0
GMT,D,20230529,000000,8.94,8.96,8.7,8.96,16363,0
GMT,D,20230530,000000,8.96,8.96,8.52,8.74,22601,0
GMT,D,20230531,000000,8.72,8.72,8.4,8.54,17178,0
GMT,D,20230601,000000,8.52,8.54,8.36,8.4,13072,0
GMT,D,20230602,000000,8.46,8.5,8.32,8.48,8809,0
GMT,D,20230605,000000,8.48,9,8.42,8.8,24884,0
GMT,D,20230606,000000,8.8,8.9,8.66,8.82,10093,0
GMT,D,20230607,000000,8.74,9.48,8.66,9.34,46701,0
GMT,D,20230609,000000,9.34,9.44,8.8,8.98,13291,0
GMT,D,20230612,000000,9,9,8.7,8.8,9224,0
GMT,D,20230613,000000,8.8,8.8,8.64,8.72,7412,0
GMT,D,20230614,000000,8.8,8.8,8.48,8.68,21768,0
GMT,D,20230615,000000,8.64,8.7,8.5,8.7,4233,0
GMT,D,20230616,000000,8.66,8.8,8.52,8.72,7569,0
GMT,D,20230619,000000,8.72,8.72,8.18,8.24,96850,0
GMT,D,20230620,000000,8.38,8.66,8.26,8.34,21921,0
GMT,D,20230621,000000,8.6,8.9,8.4,8.9,27602,0
GMT,D,20230622,000000,8.9,9.1,8.48,8.7,32091,0
GMT,D,20230623,000000,8.86,8.86,8.5,8.6,4005,0
GMT,D,20230626,000000,8.6,8.6,8.42,8.6,3080,0
GMT,D,20230627,000000,8.6,8.84,8.4,8.5,11193,0
GMT,D,20230628,000000,8.66,8.68,8.48,8.68,1923,0
GMT,D,20230629,000000,8.48,8.56,8.3,8.56,20964,0
GMT,D,20230630,000000,8.56,8.56,8.36,8.56,4888,0
GMT,D,20230703,000000,8.56,8.56,8.24,8.5,13204,0
GMT,D,20230704,000000,8.3,8.48,8.3,8.44,17170,0
GMT,D,20230705,000000,8.3,8.44,8.14,8.26,53293,0
GMT,D,20230706,000000,8.36,8.38,8.16,8.18,15202,0
GMT,D,20230707,000000,8.36,8.66,8.24,8.58,22866,0
GMT,D,20230710,000000,8.58,9.5,8.5,9.26,83185,0
GMT,D,20230711,000000,9.36,9.36,8.76,9.04,23655,0
GMT,D,20230712,000000,9,9.24,8.9,9.2,11835,0
GMT,D,20230713,000000,9.22,9.48,9.2,9.4,24460,0
GMT,D,20230714,000000,9.46,9.5,9.2,9.38,34122,0
GMT,D,20230717,000000,9.44,9.44,8.92,9.08,13335,0
GMT,D,20230718,000000,9.08,9.08,8.74,8.94,9091,0
GMT,D,20230719,000000,8.94,9.3,8.72,9.1,10949,0
GMT,D,20230720,000000,9.14,9.14,8.82,9.06,2614,0
GMT,D,20230721,000000,9.06,9.24,8.8,9.1,37047,0
GMT,D,20230724,000000,9.18,9.18,8.8,8.98,30561,0
GMT,D,20230725,000000,8.98,8.98,8.7,8.86,21268,0
GMT,D,20230726,000000,8.92,8.92,8.64,8.84,17054,0
GMT,D,20230727,000000,8.8,8.84,8.56,8.84,21046,0
GMT,D,20230728,000000,8.76,8.76,8.5,8.64,22278,0
GMT,D,20230731,000000,8.52,8.86,8.52,8.7,11315,0
GMT,D,20230801,000000,8.88,8.88,8.56,8.62,1650,0
GMT,D,20230802,000000,8.76,8.76,8.44,8.68,3735,0
GMT,D,20230803,000000,8.66,8.88,8.42,8.5,17320,0
GMT,D,20230804,000000,8.54,8.54,8.3,8.44,15680,0
GMT,D,20230807,000000,8.44,8.48,8.24,8.48,6378,0
GMT,D,20230808,000000,8.48,8.48,8.22,8.44,4500,0
GMT,D,20230809,000000,8.38,8.6,8.3,8.6,4896,0
GMT,D,20230810,000000,8.58,8.58,8.22,8.5,2707,0
GMT,D,20230811,000000,8.3,8.52,8.3,8.52,3006,0
GMT,D,20230814,000000,8.52,8.82,8.36,8.62,21945,0
GMT,D,20230816,000000,8.72,8.72,8.36,8.38,10539,0
GMT,D,20230817,000000,8.64,8.64,8.34,8.52,11985,0
GMT,D,20230818,000000,8.6,8.6,8.22,8.36,4844,0
GMT,D,20230821,000000,8.3,8.8,8.3,8.72,17614,0
GMT,D,20230822,000000,8.72,8.84,8.66,8.66,24028,0
GMT,D,20230823,000000,8.86,8.86,8.6,8.84,14582,0
GMT,D,20230824,000000,8.84,9.48,8.66,9.48,168830,0
GMT,D,20230825,000000,9.4,9.48,9.02,9.16,37774,0
GMT,D,20230828,000000,9.16,9.18,8.84,9.1,22533,0
GMT,D,20230829,000000,9.18,9.42,8.92,9.1,20108,0
GMT,D,20230830,000000,9.36,9.36,9.12,9.24,12170,0
GMT,D,20230831,000000,9.24,9.24,8.8,9.2,13326,0
GMT,D,20230901,000000,9.22,9.22,9,9.14,1943,0
GMT,D,20230904,000000,9.16,10.6,9,10.25,73479,0
GMT,D,20230905,000000,10.15,11.15,9.96,11,140098,0
GMT,D,20230906,000000,11,11.35,10.65,10.9,85108,0
GMT,D,20230907,000000,10.85,11.2,10.6,10.8,14590,0
GMT,D,20230908,000000,10.95,10.95,10.3,10.45,17427,0
GMT,D,20230911,000000,10.75,11,10.35,10.9,19597,0
GMT,D,20230912,000000,10.85,11.1,10.6,10.85,10128,0
GMT,D,20230913,000000,11,11,10.55,10.95,10700,0
GMT,D,20230914,000000,11.1,11.1,10.75,10.75,14818,0
GMT,D,20230915,000000,10.9,12.2,10.75,11.9,88205,0
GMT,D,20230918,000000,11.9,12.8,11.4,11.8,56229,0
GMT,D,20230919,000000,11.45,12.15,11.3,11.35,30124,0
GMT,D,20230920,000000,11.35,11.7,11.1,11.55,24351,0
GMT,D,20230921,000000,11.55,11.7,11.35,11.6,31061,0
GMT,D,20230922,000000,11.6,11.6,11.3,11.4,5941,0
GMT,D,20230925,000000,11.2,11.2,9.72,10,57700,0
GMT,D,20230926,000000,9.9,10.7,9.4,10.4,58512,0
GMT,D,20230927,000000,10.55,10.55,9.92,10.35,15093,0
GMT,D,20230928,000000,9.94,11.4,9.9,11.15,39301,0
GMT,D,20230929,000000,11.15,11.9,10.55,11.9,48675,0
GMT,D,20231002,000000,11.85,12.25,11,12,183722,0
GMT,D,20231003,000000,11.95,12.8,11.4,12.6,54686,0
GMT,D,20231004,000000,12.2,12.8,12,12.8,32110,0
GMT,D,20231005,000000,12.8,13.25,11.8,12.45,73856,0
GMT,D,20231006,000000,12.45,13,11.8,12.85,60812,0
GMT,D,20231009,000000,13,13.2,12.4,13,20086,0
GMT,D,20231010,000000,12.6,12.9,12.55,12.7,54309,0
GMT,D,20231011,000000,12.65,12.65,12,12.5,38277,0
GMT,D,20231012,000000,12.6,12.6,11.8,11.9,102981,0
GMT,D,20231013,000000,11.95,12.5,11.5,12.45,92979,0
GMT,D,20231016,000000,12.25,12.6,11.9,12.45,56401,0
GMT,D,20231017,000000,12.4,12.5,12,12.5,86097,0
GMT,D,20231018,000000,12.45,12.45,11.9,12,77949,0
GMT,D,20231019,000000,12,12.3,11.6,11.95,101481,0
GMT,D,20231020,000000,12.35,12.6,11.85,12.3,65598,0
GMT,D,20231023,000000,12.3,12.9,11.55,12.9,35309,0
GMT,D,20231024,000000,12.4,12.95,12.4,12.95,46125,0
GMT,D,20231025,000000,12.95,13.3,12.6,13.3,58511,0
GMT,D,20231026,000000,13.1,14,12.8,14,101387,0
GMT,D,20231027,000000,13.95,13.95,12.6,12.7,244816,0
GMT,D,20231030,000000,12.6,12.6,11.8,12.1,79647,0
GMT,D,20231031,000000,12,12.1,11.6,11.6,63487,0
GMT,D,20231102,000000,11.55,11.8,11.25,11.55,75643,0
GMT,D,20231103,000000,11.6,12.4,11.4,11.45,29192,0
GMT,D,20231106,000000,11.45,11.85,11.3,11.45,16301,0
GMT,D,20231107,000000,11.6,11.6,10.45,10.85,66218,0
GMT,D,20231108,000000,10.95,11.2,10.65,11,10968,0
GMT,D,20231109,000000,11,11.35,10.75,11.35,12460,0
GMT,D,20231110,000000,11.35,11.35,10.65,10.85,10062,0
GMT,D,20231113,000000,11.15,11.15,10.6,10.7,4762,0
GMT,D,20231114,000000,10.75,11.05,10.55,10.85,8498,0
GMT,D,20231115,000000,10.9,10.9,10.5,10.75,14747,0
GMT,D,20231116,000000,10.75,10.9,10.45,10.7,9720,0
GMT,D,20231117,000000,10.9,10.95,10.7,10.8,4844,0
GMT,D,20231120,000000,10.9,10.9,10.45,10.55,7904,0
GMT,D,20231121,000000,10.5,10.8,10.45,10.8,10940,0
GMT,D,20231122,000000,10.85,10.85,10.55,10.7,2324,0
GMT,D,20231123,000000,10.6,10.65,10.55,10.65,3406,0
GMT,D,20231124,000000,10.65,10.7,10.55,10.7,4194,0
GMT,D,20231127,000000,10.7,11.3,10.55,11.3,19275,0
GMT,D,20231128,000000,11.3,11.3,10.9,11,12392,0
GMT,D,20231129,000000,10.9,11.15,10.7,10.8,7012,0
GMT,D,20231130,000000,11.1,11.1,10.45,10.6,11477,0
GMT,D,20231201,000000,10.8,10.8,10.2,10.5,21683,0
GMT,D,20231204,000000,10.6,11.15,10.25,11,14319,0
GMT,D,20231205,000000,11,11.15,10.7,10.9,9048,0
GMT,D,20231206,000000,10.95,10.95,10.45,10.75,22575,0
GMT,D,20231207,000000,10.75,10.75,10.5,10.7,4221,0
GMT,D,20231208,000000,10.75,10.9,10.6,10.8,11371,0
GMT,D,20231211,000000,10.7,10.9,10.7,10.8,11261,0
GMT,D,20231212,000000,10.85,10.95,10.8,10.9,8047,0
GMT,D,20231213,000000,10.95,11.9,10.85,11.7,59117,0
GMT,D,20231214,000000,11.8,11.8,11.15,11.6,10723,0
GMT,D,20231215,000000,11.7,11.7,11.1,11.4,10450,0
GMT,D,20231218,000000,11.4,11.45,10.9,11,8065,0
GMT,D,20231219,000000,10.9,11.2,10.8,11,21986,0
GMT,D,20231220,000000,11,11,10.5,10.85,26149,0
GMT,D,20231221,000000,10.6,10.85,10.4,10.7,22714,0
GMT,D,20231222,000000,10.65,10.65,10.2,10.45,16882,0
GMT,D,20231227,000000,10.85,11.35,10.55,11.1,37046,0
GMT,D,20231228,000000,11.1,11.2,10.7,11.1,8146,0
GMT,D,20231229,000000,10.9,11.05,10.6,10.85,7454,0
GMT,D,20240102,000000,11.1,11.1,10.5,10.8,37382,0
GMT,D,20240103,000000,10.85,10.85,10.4,10.6,16819,0
GMT,D,20240104,000000,10.5,10.5,10,10.3,46419,0
GMT,D,20240105,000000,10.2,10.2,9.9,10.15,24291,0
GMT,D,20240108,000000,10.15,10.75,10,10.45,33742,0
GMT,D,20240109,000000,10.3,10.8,10.3,10.35,6701,0
GMT,D,20240110,000000,10.2,10.55,10.1,10.1,32127,0
GMT,D,20240111,000000,10.05,10.2,9.84,9.9,41588,0
GMT,D,20240112,000000,9.92,10.1,9.92,9.98,10330,0
GMT,D,20240115,000000,10.15,10.4,9.98,10.1,20561,0
GMT,D,20240116,000000,10.1,10.15,9.94,10,15633,0
GMT,D,20240117,000000,10,10.15,9.96,10.15,9259,0
GMT,D,20240118,000000,10.05,10.2,9.98,10.1,15719,0
GMT,D,20240119,000000,10.1,10.1,9.96,10.05,17667,0
GMT,D,20240122,000000,10.05,10.15,9.94,10.1,2055,0
GMT,D,20240123,000000,10.1,10.1,9.94,10.1,1537,0
GMT,D,20240124,000000,10,10.1,9.92,9.98,4020,0
GMT,D,20240125,000000,10,10,9.9,9.92,13037,0
GMT,D,20240126,000000,9.9,9.98,9.86,9.88,8760,0
GMT,D,20240129,000000,10,10,9.82,9.98,6793,0
GMT,D,20240130,000000,10.05,10.5,9.94,10.35,19804,0
GMT,D,20240131,000000,10.35,10.4,10.05,10.25,4147,0
GMT,D,20240201,000000,10.4,10.4,9.96,9.96,8810,0
GMT,D,20240202,000000,10.15,10.15,9.92,10,6697,0
GMT,D,20240205,000000,10,10.1,9.78,10,14987,0
GMT,D,20240206,000000,9.9,10,9.88,9.88,3065,0
GMT,D,20240207,000000,10,10,9.5,9.98,7119,0
GMT,D,20240208,000000,10,10,9.7,9.86,6373,0
GMT,D,20240209,000000,9.86,9.96,9.74,9.92,5697,0
GMT,D,20240212,000000,9.8,10.3,9.8,10.25,33232,0
GMT,D,20240213,000000,10.25,11.15,10.1,10.4,68263,0
GMT,D,20240214,000000,10.4,10.5,10.25,10.3,9099,0
GMT,D,20240215,000000,10.3,10.45,10.15,10.35,11707,0
GMT,D,20240216,000000,10.25,10.35,10.15,10.3,10281,0
GMT,D,20240219,000000,10.3,10.35,10.1,10.2,14955,0
GMT,D,20240220,000000,10.4,10.55,10.1,10.4,7824,0
GMT,D,20240221,000000,10.5,10.95,10.15,10.3,78807,0
GMT,D,20240222,000000,10.3,10.4,10.05,10.2,31725,0
GMT,D,20240223,000000,10.4,10.4,9.94,10.05,58173,0
GMT,D,20240226,000000,9.94,10.25,9.78,9.8,42737,0
GMT,D,20240227,000000,9.86,10,9.82,9.96,5542,0
GMT,D,20240228,000000,9.96,10,9.8,9.8,7183,0
GMT,D,20240229,000000,10.5,10.5,9.9,9.9,47125,0
GMT,D,20240301,000000,10,10.25,9.84,10.05,6063,0
GMT,D,20240304,000000,10.05,10.15,9.96,10.1,11849,0
GMT,D,20240305,000000,10.1,10.15,9.86,10.1,5065,0
GMT,D,20240306,000000,9.9,10.15,9.9,9.92,3672,0
GMT,D,20240307,000000,10.1,10.1,9.94,10.05,54351,0
GMT,D,20240308,000000,10.3,11.2,10,11.1,101218,0
GMT,D,20240311,000000,11.05,11.05,10.5,11,74128,0
GMT,D,20240312,000000,11.05,11.5,10.6,11,34197,0
GMT,D,20240313,000000,10.95,10.95,10.6,10.7,16441,0
GMT,D,20240314,000000,10.8,10.9,10.5,10.5,32305,0
GMT,D,20240315,000000,10.5,10.7,10,10.65,48555,0
GMT,D,20240318,000000,10.7,10.7,10.3,10.55,32231,0
GMT,D,20240319,000000,10.1,10.6,10.1,10.55,13199,0
GMT,D,20240320,000000,10.4,10.7,10.3,10.55,9704,0
GMT,D,20240321,000000,10.6,10.7,10.35,10.7,13299,0
GMT,D,20240322,000000,10.8,10.95,10.45,10.65,41447,0
GMT,D,20240325,000000,10.8,11.85,10.45,11.8,83136,0
GMT,D,20240326,000000,11.7,12.2,11.3,11.55,33240,0
GMT,D,20240327,000000,11.5,11.55,10.55,10.8,96630,0
GMT,D,20240328,000000,10.7,11.2,10.7,11,25891,0
GMT,D,20240402,000000,11.2,11.44,10.22,10.76,29338,0
GMT,D,20240403,000000,10.76,11.2,10.66,11.14,23514,0
GMT,D,20240404,000000,11.1,12.2,11.1,12,93865,0
GMT,D,20240405,000000,12.08,12.08,11.58,11.86,11682,0
GMT,D,20240408,000000,11.96,12.68,11.8,12.62,50075,0
GMT,D,20240409,000000,12.62,13.18,12.6,12.7,52828,0
GMT,D,20240410,000000,12.82,13.8,12.52,13.64,88078,0
GMT,D,20240411,000000,13.64,13.88,13.26,13.3,34659,0
GMT,D,20240412,000000,13.3,13.6,12.8,13.5,21755,0
GMT,D,20240415,000000,13.5,14.4,13.5,13.9,77342,0
GMT,D,20240416,000000,13.9,14.18,13.26,13.8,42505,0
GMT,D,20240417,000000,13.44,13.8,13.24,13.66,4965,0
GMT,D,20240418,000000,13.7,13.72,13.32,13.58,8646,0
GMT,D,20240419,000000,13.54,13.54,12.76,13.3,12642,0
GMT,D,20240422,000000,13.34,13.34,12.22,12.78,69316,0
GMT,D,20240423,000000,12.92,13.7,12.86,13.7,32914,0
GMT,D,20240424,000000,13.7,14.06,13.16,13.5,51105,0
GMT,D,20240425,000000,13.5,13.58,12.62,12.86,27170,0
GMT,D,20240426,000000,12.98,13.28,11.82,12.5,39406,0
GMT,D,20240429,000000,12.66,12.84,11.8,12.12,60377,0
GMT,D,20240430,000000,11.8,12.2,11.54,11.82,37112,0
GMT,D,20240502,000000,11.96,12.14,11.96,12.12,7758,0
GMT,D,20240506,000000,12.34,12.76,12.1,12.66,18358,0
GMT,D,20240507,000000,12.64,12.7,12.4,12.7,17083,0
GMT,D,20240508,000000,12.86,13.16,12.8,12.98,35444,0
GMT,D,20240509,000000,12.98,12.98,12.24,12.76,30107,0
GMT,D,20240510,000000,12.8,13.04,12.68,12.9,23033,0
GMT,D,20240513,000000,12.86,12.98,12.54,12.94,53654,0
GMT,D,20240514,000000,13,13,12.66,12.98,35352,0
GMT,D,20240515,000000,12.98,13.02,12.64,12.94,24661,0
GMT,D,20240516,000000,12.88,12.96,12.68,12.8,40593,0
GMT,D,20240517,000000,12.8,12.8,12.44,12.6,17393,0
GMT,D,20240520,000000,12.6,12.7,12.34,12.4,16219,0
GMT,D,20240521,000000,12.5,12.5,11.96,12.16,39143,0
GMT,D,20240522,000000,12.26,12.34,11.04,11.5,194347,0
GMT,D,20240523,000000,11.5,11.5,11.06,11.42,19091,0
GMT,D,20240524,000000,11.4,11.78,11.06,11.76,19908,0
GMT,D,20240527,000000,11.74,11.8,11.46,11.7,8067,0
GMT,D,20240528,000000,11.68,11.68,11.4,11.68,10042,0
GMT,D,20240529,000000,11.68,11.68,11.32,11.4,23690,0
GMT,D,20240531,000000,11.4,11.6,11.34,11.46,16151,0
GMT,D,20240603,000000,11.8,11.8,11.42,11.6,12194,0
GMT,D,20240604,000000,11.6,11.68,11.28,11.36,24090,0
GMT,D,20240605,000000,11.36,11.58,11.22,11.22,26357,0
GMT,D,20240606,000000,11.46,11.46,11.26,11.44,5517,0
GMT,D,20240607,000000,11.44,12,11.3,12,46132,0
GMT,D,20240610,000000,12,12,11.54,11.56,7343,0
GMT,D,20240611,000000,11.64,11.96,11.46,11.6,16872,0
GMT,D,20240612,000000,11.6,11.6,11.14,11.38,17450,0
GMT,D,20240613,000000,11.46,11.46,11.2,11.36,15307,0
GMT,D,20240614,000000,11.4,11.4,10.84,11.38,28432,0
GMT,D,20240617,000000,11.3,11.3,11,11.2,11015,0
GMT,D,20240618,000000,11.2,11.9,11.04,11.68,8734,0
GMT,D,20240619,000000,11.68,11.7,11.3,11.6,5983,0
GMT,D,20240620,000000,11.6,11.6,11.14,11.2,10661,0
GMT,D,20240621,000000,11.28,11.28,10.7,11.1,34820,0
GMT,D,20240624,000000,11.2,11.2,10.76,10.88,5049,0
GMT,D,20240625,000000,10.7,10.7,10.02,10.68,153983,0
GMT,D,20240626,000000,10.7,10.7,10.34,10.5,28599,0
GMT,D,20240627,000000,10.32,10.5,10.1,10.28,36284,0
GMT,D,20240628,000000,10.1,10.28,9.92,10.28,36546,0
GMT,D,20240701,000000,10.28,10.28,10,10,6266,0
GMT,D,20240702,000000,10.04,10.14,9.26,9.5,87627,0
GMT,D,20240703,000000,9.5,9.5,8.86,9.4,24868,0
GMT,D,20240704,000000,9.4,9.5,9.4,9.5,19044,0
GMT,D,20240705,000000,9.54,10.48,9.54,9.85,15026,0
GMT,D,20240708,000000,10.3,10.68,10,10.46,36722,0
GMT,D,20240709,000000,10.4,10.78,10.38,10.66,41405,0
GMT,D,20240710,000000,10.58,10.94,10.3,10.86,35324,0
GMT,D,20240711,000000,10.74,11,10.6,10.86,17644,0
GMT,D,20240712,000000,10.88,10.96,10.5,10.9,39459,0
GMT,D,20240715,000000,10.92,10.94,10.6,10.8,15652,0
GMT,D,20240716,000000,10.8,10.82,10.54,10.68,47354,0
GMT,D,20240717,000000,10.68,10.68,10.4,10.6,9956,0
GMT,D,20240718,000000,10.78,10.78,10.44,10.62,13791,0
GMT,D,20240719,000000,10.78,10.78,10.2,10.24,11890,0
GMT,D,20240722,000000,10.24,10.5,10.04,10.5,18516,0
GMT,D,20240723,000000,10.5,10.76,9.86,10.3,66306,0
GMT,D,20240724,000000,10.3,10.3,9.87,9.95,19488,0
GMT,D,20240725,000000,9.7,9.99,9.5,9.65,24424,0
GMT,D,20240726,000000,9.5,9.94,9.5,9.76,11540,0
GMT,D,20240729,000000,9.89,10.4,9.56,10.38,16183,0
GMT,D,20240730,000000,10.2,10.38,9.85,10.1,6644,0
GMT,D,20240731,000000,10.28,10.28,9.8,10.08,7875,0
GMT,D,20240801,000000,10.1,10.32,9.67,9.98,1417,0
GMT,D,20240802,000000,10,10,9.31,9.44,68867,0
GMT,D,20240805,000000,9.34,9.4,8.49,9,44159,0
GMT,D,20240806,000000,9.34,9.58,9.11,9.38,9851,0
GMT,D,20240807,000000,9.4,9.5,9.18,9.34,23056,0
GMT,D,20240808,000000,9.34,9.34,9,9,6632,0
GMT,D,20240809,000000,9.22,9.49,9.1,9.42,13031,0
GMT,D,20240812,000000,9.44,9.88,9.18,9.86,10751,0
GMT,D,20240813,000000,9.84,9.84,9.36,9.5,8341,0
GMT,D,20240814,000000,9.7,9.7,9.3,9.39,15656,0
GMT,D,20240816,000000,9.34,9.64,9.07,9.58,16169,0
GMT,D,20240819,000000,9.6,9.6,9.32,9.58,7897,0
GMT,D,20240820,000000,9.58,9.6,9.4,9.6,3836,0
GMT,D,20240821,000000,9.6,9.64,9.2,9.25,11490,0
GMT,D,20240822,000000,9.25,9.62,8.86,9.04,15995,0
GMT,D,20240823,000000,9.06,9.38,8.8,9.28,11373,0
GMT,D,20240826,000000,9.38,9.38,8.76,9.3,12306,0
GMT,D,20240827,000000,9.38,9.4,8.99,9.22,8451,0
GMT,D,20240828,000000,9.24,9.24,8.9,9.04,12983,0
GMT,D,20240829,000000,9.04,9.04,8.57,8.93,49298,0
GMT,D,20240830,000000,9.1,9.1,8.75,9.04,27016,0
GMT,D,20240902,000000,9.07,9.07,8.74,8.9,26889,0
GMT,D,20240903,000000,8.9,8.91,8.58,8.88,17740,0
GMT,D,20240904,000000,8.88,8.88,8.43,8.52,40824,0
GMT,D,20240905,000000,8.48,8.48,8,8,45190,0
GMT,D,20240906,000000,8.23,8.59,7.8,8.23,76652,0
GMT,D,20240909,000000,8.3,8.39,8.19,8.36,22850,0
GMT,D,20240910,000000,8.39,8.45,7.91,8.19,43813,0
GMT,D,20240911,000000,8.2,8.2,7.55,7.73,74970,0
GMT,D,20240912,000000,7.62,7.92,7.1,7.7,90463,0
GMT,D,20240913,000000,7.8,7.9,7.1,7.32,50603,0
GMT,D,20240916,000000,7.4,7.44,7.2,7.39,32727,0
GMT,D,20240917,000000,7.47,7.47,7.14,7.34,22483,0
GMT,D,20240918,000000,7.3,7.38,6.82,7.04,77257,0
GMT,D,20240919,000000,6.92,7.23,6.85,6.94,28109,0
GMT,D,20240920,000000,7.06,8.28,7,8,78744,0
GMT,D,20240923,000000,8.1,8.1,7.3,7.5,52578,0
GMT,D,20240924,000000,7.73,7.73,7.35,7.42,28105,0
GMT,D,20240925,000000,7.59,7.61,7.2,7.37,19897,0
GMT,D,20240926,000000,7.43,7.5,7.26,7.5,27469,0
GMT,D,20240927,000000,7.62,7.9,7.38,7.7,22723,0
GMT,D,20240930,000000,7.48,7.8,7.48,7.6,6017,0
GMT,D,20241001,000000,7.6,7.77,7.35,7.47,19199,0
GMT,D,20241002,000000,7.55,7.68,7.44,7.6,3880,0
GMT,D,20241003,000000,7.6,7.6,7.2,7.4,14076,0
GMT,D,20241004,000000,7.32,7.58,7.32,7.58,11801,0
GMT,D,20241007,000000,7.58,7.58,7.35,7.5,3520,0
GMT,D,20241008,000000,7.55,7.58,6.84,7.46,99158,0
GMT,D,20241009,000000,7.47,7.52,7.12,7.37,18327,0
GMT,D,20241010,000000,7.37,7.48,7.17,7.48,26113,0
GMT,D,20241011,000000,7.48,7.5,7.26,7.48,11675,0
GMT,D,20241014,000000,7.4,8.08,7.4,7.92,45111,0
GMT,D,20241015,000000,7.92,8.08,7.64,7.92,50401,0
GMT,D,20241016,000000,8.08,8.45,8.08,8.11,34899,0
GMT,D,20241017,000000,7.97,8.39,7.92,8.18,16470,0
GMT,D,20241018,000000,8.2,8.2,7.88,8.15,3015,0
GMT,D,20241021,000000,7.9,8.98,7.9,8.68,46033,0
GMT,D,20241022,000000,8.68,8.68,8.41,8.56,7845,0
GMT,D,20241023,000000,8.44,8.59,8.44,8.57,13198,0
GMT,D,20241024,000000,8.57,8.59,8.32,8.58,8396,0
GMT,D,20241025,000000,8.58,8.58,8.42,8.57,4756,0
GMT,D,20241028,000000,8.56,8.59,8.35,8.56,6568,0
GMT,D,20241029,000000,8.57,8.6,8.44,8.6,6139,0
GMT,D,20241030,000000,8.68,9,8.61,8.8,25645,0
GMT,D,20241031,000000,8.5,8.7,8.38,8.55,6827,0
GMT,D,20241104,000000,8.55,8.59,8.1,8.39,6499,0
GMT,D,20241105,000000,8,8.48,8,8.01,22285,0
GMT,D,20241106,000000,8.19,8.3,7.7,7.99,13959,0
GMT,D,20241107,000000,7.99,7.99,7.3,7.68,34472,0
GMT,D,20241108,000000,7.69,7.74,7.4,7.69,3881,0
GMT,D,20241112,000000,7.69,7.88,7.43,7.86,13124,0
GMT,D,20241113,000000,7.86,8.16,7.5,7.6,12015,0
GMT,D,20241114,000000,7.45,7.79,7.31,7.5,18875,0
GMT,D,20241115,000000,7.6,7.62,7.29,7.6,3916,0
GMT,D,20241118,000000,7.84,7.84,7.32,7.5,5133,0
GMT,D,20241119,000000,7.53,7.6,7.01,7.38,20547,0
GMT,D,20241120,000000,7.35,7.57,7.29,7.48,5312,0
GMT,D,20241121,000000,7.48,7.8,7.12,7.43,15677,0
GMT,D,20241122,000000,7.36,7.8,7.07,7.38,41644,0
GMT,D,20241125,000000,7.42,7.42,6.9,7.15,49525,0
GMT,D,20241126,000000,7,7.14,6.9,7.02,17326,0
GMT,D,20241127,000000,7.1,7.38,6.9,7,17321,0
GMT,D,20241128,000000,7.12,7.2,6.9,7.14,9338,0
GMT,D,20241129,000000,7.15,7.7,7.15,7.44,6044,0
GMT,D,20241202,000000,7.1,7.42,6.87,6.9,105256,0
GMT,D,20241203,000000,6.98,7,6.59,6.94,48634,0
GMT,D,20241204,000000,6.94,7,6.78,6.94,25899,0
GMT,D,20241205,000000,6.8,7,6.5,6.9,168574,0
GMT,D,20241206,000000,6.8,7.2,6.8,6.9,174257,0
GMT,D,20241209,000000,7.18,7.6,7.08,7.39,137010,0
GMT,D,20241210,000000,7.5,7.97,7.5,7.73,29192,0
GMT,D,20241211,000000,7.8,8.34,7.68,7.75,86222,0
GMT,D,20241212,000000,7.74,7.74,7.25,7.33,34030,0
GMT,D,20241213,000000,7.33,7.99,7.33,7.79,40969,0
GMT,D,20241216,000000,7.85,8.1,7.83,7.99,13916,0
GMT,D,20241217,000000,8,8.78,7.9,8.58,78656,0
GMT,D,20241218,000000,8.5,8.88,7.84,8.68,36559,0
GMT,D,20241219,000000,8.78,8.78,8.05,8.07,44297,0
GMT,D,20241220,000000,8.07,8.3,7.72,7.95,33076,0
GMT,D,20241223,000000,8.14,8.28,7.45,7.51,66720,0
GMT,D,20241227,000000,7.67,7.79,7.42,7.68,60655,0
GMT,D,20241230,000000,7.6,8.08,7.6,7.86,19484,0
GMT,D,20250102,000000,7.77,8,7.5,7.77,12899,0
GMT,D,20250103,000000,7.77,7.77,7.53,7.7,7269,0
GMT,D,20250107,000000,7.7,7.9,7.66,7.88,20280,0
GMT,D,20250108,000000,7.82,7.9,7.63,7.86,18554,0
GMT,D,20250109,000000,7.79,7.9,7.71,7.9,9039,0
GMT,D,20250110,000000,7.89,8.11,7.89,7.97,9800,0
GMT,D,20250113,000000,7.94,7.95,7.15,7.16,180166,0
GMT,D,20250114,000000,7.25,7.52,7.15,7.2,25198,0
GMT,D,20250115,000000,7.2,7.4,7.2,7.4,4837,0
GMT,D,20250116,000000,7.44,7.44,7.2,7.4,4582,0
GMT,D,20250117,000000,7.5,7.5,7.2,7.39,10590,0
GMT,D,20250120,000000,7.36,7.43,7.19,7.33,11593,0
GMT,D,20250121,000000,7.33,7.4,6.9,7.37,22175,0
GMT,D,20250122,000000,7.35,7.36,6.97,7.15,111344,0
GMT,D,20250123,000000,7.15,7.3,7.01,7.28,23203,0
GMT,D,20250124,000000,7.11,7.5,7.11,7.15,42213,0
GMT,D,20250127,000000,7.15,7.3,7.01,7.3,21795,0
GMT,D,20250128,000000,7.42,7.5,7.34,7.47,26900,0
GMT,D,20250129,000000,7.4,7.68,7.34,7.5,48058,0
GMT,D,20250130,000000,7.57,7.7,7.5,7.6,20770,0
GMT,D,20250131,000000,7.6,7.77,7.11,7.41,110943,0
GMT,D,20250203,000000,7.41,7.41,7.22,7.27,12518,0
GMT,D,20250204,000000,7.27,7.35,7.24,7.32,8417,0
GMT,D,20250205,000000,7.32,7.36,7.12,7.3,16202,0
GMT,D,20250206,000000,7.36,7.4,7.14,7.21,94420,0
GMT,D,20250207,000000,7.3,7.4,7.21,7.25,18338,0
GMT,D,20250210,000000,7.26,7.43,7.26,7.4,25952,0
GMT,D,20250211,000000,7.4,7.4,7.15,7.3,21491,0
GMT,D,20250212,000000,7.3,7.58,7.3,7.3,12270,0
GMT,D,20250213,000000,7.02,7.68,7.01,7.35,81586,0
GMT,D,20250214,000000,7.55,7.59,7.35,7.35,65162,0
GMT,D,20250217,000000,7.4,7.4,7.1,7.15,58846,0
GMT,D,20250218,000000,7.15,7.15,6.95,6.95,136143,0
GMT,D,20250219,000000,6.95,7.14,6.95,7.01,52525,0
GMT,D,20250220,000000,7.06,7.34,7.06,7.32,41446,0
GMT,D,20250221,000000,7.32,7.34,7.14,7.34,18054,0
GMT,D,20250224,000000,7.3,7.6,7.16,7.24,42851,0
GMT,D,20250225,000000,7.41,7.43,7.23,7.32,8767,0
GMT,D,20250226,000000,7.29,7.48,7.26,7.38,43368,0
GMT,D,20250227,000000,7.38,7.41,7.26,7.34,12137,0
GMT,D,20250228,000000,7.34,7.48,7.22,7.48,11277,0
GMT,D,20250303,000000,7.4,7.64,7.3,7.56,24239,0
GMT,D,20250304,000000,7.5,7.5,7.4,7.43,13160,0
GMT,D,20250305,000000,7.43,7.65,7.4,7.65,11042,0
GMT,D,20250306,000000,7.64,7.7,7.5,7.69,15101,0
GMT,D,20250307,000000,7.7,7.92,7.5,7.65,19302,0
GMT,D,20250310,000000,7.9,8.59,7.7,8.3,60075,0
GMT,D,20250311,000000,8.3,8.3,7.93,8.13,27056,0
GMT,D,20250312,000000,7.92,8.3,7.92,8.2,13866,0
GMT,D,20250313,000000,8.2,8.58,8.08,8.33,38456,0
GMT,D,20250314,000000,8.33,8.42,8.2,8.2,37603,0
GMT,D,20250317,000000,8.29,8.41,8.08,8.37,50887,0
GMT,D,20250318,000000,8.35,8.49,8.12,8.23,27077,0
GMT,D,20250319,000000,8.23,8.23,8.1,8.1,14108,0
GMT,D,20250320,000000,8.32,8.32,8,8.16,8591,0
GMT,D,20250321,000000,8.2,8.2,7.9,7.98,12657,0
GMT,D,20250324,000000,7.91,7.91,7.71,7.8,28073,0
GMT,D,20250325,000000,7.98,7.98,7.2,7.45,108399,0
GMT,D,20250326,000000,7.45,8,7.05,7.92,68301,0
GMT,D,20250327,000000,7.91,8.3,7.8,7.99,45309,0
GMT,D,20250328,000000,7.98,8.18,7.9,7.96,28642,0
GMT,D,20250331,000000,7.9,7.9,7.6,7.88,14865,0
GMT,D,20250401,000000,7.9,8.15,7.71,8.15,53413,0
GMT,D,20250402,000000,8.2,8.25,7.97,8,17917,0
GMT,D,20250403,000000,8,8,7.75,7.9,2544,0
GMT,D,20250404,000000,7.73,8,7.5,7.55,19392,0
GMT,D,20250407,000000,7.5,7.5,7.1,7.5,17300,0
GMT,D,20250408,000000,7.5,7.86,7.28,7.4,10000,0
GMT,D,20250409,000000,7.61,7.75,7.34,7.54,9508,0
GMT,D,20250410,000000,7.6,7.89,7.41,7.5,8777,0
GMT,D,20250411,000000,7.63,7.63,7.31,7.61,1594,0
GMT,D,20250414,000000,7.32,7.68,7.32,7.35,49520,0
GMT,D,20250415,000000,7.62,7.62,7.35,7.49,2568,0
GMT,D,20250416,000000,7.49,7.5,7.36,7.5,9953,0
GMT,D,20250417,000000,7.49,7.49,7.35,7.38,15832,0
GMT,D,20250422,000000,7.38,7.94,7.38,7.89,19101,0
GMT,D,20250423,000000,7.7,7.84,7.55,7.8,14500,0
GMT,D,20250424,000000,7.7,7.7,7.45,7.5,11036,0
GMT,D,20250425,000000,7.59,7.75,7.35,7.75,6002,0
GMT,D,20250428,000000,7.64,7.66,7.4,7.5,8265,0
GMT,D,20250429,000000,7.65,7.69,7.1,7.56,89689,0
GMT,D,20250430,000000,7.54,7.55,7.32,7.52,19143,0
GMT,D,20250502,000000,7.48,7.51,7.4,7.51,3123,0
GMT,D,20250505,000000,7.5,7.54,7.32,7.5,13801,0
GMT,D,20250506,000000,7.5,7.5,7.27,7.39,20903,0
GMT,D,20250507,000000,7.45,7.45,6.73,7.29,41318,0
GMT,D,20250508,000000,7.3,7.4,6.94,7.1,116205,0
GMT,D,20250509,000000,7.25,7.6,7.06,7.6,54659,0
GMT,D,20250512,000000,7.59,7.7,7.36,7.6,61303,0
GMT,D,20250513,000000,7.5,7.7,7.3,7.35,8521,0
GMT,D,20250514,000000,7.42,7.6,7.25,7.44,17836,0
GMT,D,20250515,000000,7.48,7.51,7.28,7.5,15569,0
GMT,D,20250516,000000,7.55,7.65,7.36,7.36,12792,0
GMT,D,20250519,000000,7.56,7.56,7.24,7.37,6028,0
GMT,D,20250520,000000,7.37,7.37,7.2,7.2,3506,0
GMT,D,20250521,000000,7.2,7.51,7.13,7.25,19458,0
GMT,D,20250522,000000,7.43,7.44,7.25,7.4,12993,0
GMT,D,20250523,000000,7.45,7.45,7.2,7.44,5938,0
GMT,D,20250526,000000,7.44,7.49,7.22,7.22,7962,0
GMT,D,20250527,000000,7.32,7.35,7.2,7.2,3518,0
GMT,D,20250528,000000,7.25,7.32,7.12,7.32,11660,0
GMT,D,20250529,000000,7.34,7.34,7.18,7.31,2610,0
GMT,D,20250530,000000,7.17,7.35,7.1,7.29,14360,0
GMT,D,20250602,000000,7.17,7.27,7.12,7.15,8313,0
GMT,D,20250603,000000,7.27,7.27,7.13,7.15,35014,0
GMT,D,20250604,000000,7.15,7.27,7.01,7.18,5801,0
GMT,D,20250605,000000,7.18,7.18,7,7.11,6277,0
GMT,D,20250606,000000,7.11,7.24,6.9,7.19,26084,0
GMT,D,20250609,000000,7,7.19,6.85,7,8164,0
GMT,D,20250610,000000,7.19,7.19,6.9,7.15,5977,0
GMT,D,20250611,000000,6.71,7.1,6.71,7.02,45436,0
GMT,D,20250612,000000,7,7.14,6.82,7.1,4220,0
GMT,D,20250613,000000,6.98,7.1,6.9,7.1,1618,0
GMT,D,20250616,000000,7.1,7.1,6.8,6.82,6596,0
GMT,D,20250617,000000,6.8,7.1,6.7,6.93,13937,0
GMT,D,20250618,000000,7,7.06,6.8,6.84,6913,0
GMT,D,20250620,000000,6.8,6.99,6.8,6.8,5623,0
GMT,D,20250623,000000,6.99,6.99,6.8,6.88,2910,0
GMT,D,20250624,000000,6.99,7.08,6.82,7,14270,0
GMT,D,20250625,000000,7,7,6.84,7,10304,0
GMT,D,20250626,000000,7,7,6.84,6.84,16064,0
GMT,D,20250627,000000,6.93,6.93,6.75,6.8,11840,0
GMT,D,20250630,000000,6.73,6.88,6.61,6.75,13698,0
GMT,D,20250701,000000,6.75,7,6.69,6.95,29818,0
GMT,D,20250702,000000,6.94,7.05,6.71,7.02,13811,0
GMT,D,20250703,000000,7.04,7.04,6.81,7.02,6012,0
GMT,D,20250704,000000,7.02,7.05,6.82,6.99,3535,0
GMT,D,20250707,000000,6.99,7.08,6.86,7,12714,0
GMT,D,20250708,000000,6.88,7,6.83,6.99,8154,0
GMT,D,20250709,000000,6.95,6.95,6.76,6.85,5871,0
GMT,D,20250710,000000,6.93,7.16,6.84,6.99,28015,0
GMT,D,20250711,000000,7,7.09,6.9,7.09,8506,0
GMT,D,20250714,000000,7.09,7.16,6.88,7.07,15980,0
GMT,D,20250715,000000,7.07,7.1,6.98,7.07,15501,0
GMT,D,20250716,000000,7.07,7.1,6.94,7.07,1647,0
GMT,D,20250717,000000,7.02,7.08,6.1,6.14,300865,0
GMT,D,20250718,000000,6.14,6.48,6.01,6.39,30601,0
GMT,D,20250721,000000,6.39,6.41,6.24,6.39,7285,0
GMT,D,20250722,000000,6.42,6.42,6.13,6.38,7845,0
GMT,D,20250723,000000,6.4,6.4,6.21,6.35,3783,0
GMT,D,20250724,000000,6.3,6.49,6.29,6.36,23366,0
GMT,D,20250725,000000,6.36,6.5,6.3,6.5,7097,0
GMT,D,20250728,000000,6.52,7.04,6.52,6.94,49976,0
GMT,D,20250729,000000,6.95,6.95,6.78,6.89,11359,0
GMT,D,20250730,000000,6.89,7.01,6.77,6.78,9705,0
GMT,D,20250731,000000,6.85,6.9,6.78,6.89,725,0
GMT,D,20250801,000000,6.77,6.95,6.63,6.85,16175,0
GMT,D,20250804,000000,6.85,6.85,6.64,6.77,8142,0
GMT,D,20250805,000000,6.78,6.78,6.5,6.7,4162,0
GMT,D,20250806,000000,6.7,6.79,6.55,6.7,8393,0
GMT,D,20250807,000000,6.79,6.79,6.12,6.14,42272,0
GMT,D,20250808,000000,6.14,6.49,6.12,6.46,35263,0
GMT,D,20250811,000000,6.24,6.52,6.24,6.52,11027,0
GMT,D,20250812,000000,6.52,6.52,6.4,6.4,4862,0
GMT,D,20250813,000000,6.49,6.49,6.24,6.3,23265,0
GMT,D,20250814,000000,6.35,6.35,6.16,6.35,10427,0
GMT,D,20250818,000000,6.15,6.34,6.12,6.28,10711,0
GMT,D,20250819,000000,6.15,6.28,6.06,6.2,9403,0
GMT,D,20250820,000000,6.2,6.32,6.15,6.3,1903,0
GMT,D,20250821,000000,6.29,6.29,5.81,6.05,10619,0
GMT,D,20250822,000000,6.04,6.18,5.9,5.9,8596,0
GMT,D,20250825,000000,5.9,6.02,5.77,6.02,14277,0
GMT,D,20250826,000000,6.02,6.32,5.82,6.04,20685,0
GMT,D,20250827,000000,5.95,6.19,5.95,6.05,6856,0
GMT,D,20250828,000000,6.1,6.2,6.04,6.2,7145,0
GMT,D,20250829,000000,6.27,6.42,6.24,6.41,22082,0
GMT,D,20250901,000000,6.26,6.45,6.2,6.42,12220,0
GMT,D,20250902,000000,6.42,6.42,6.25,6.32,6923,0
GMT,D,20250903,000000,6.38,6.38,6.15,6.24,3688,0
GMT,D,20250904,000000,6.24,6.24,6.1,6.1,11609,0
GMT,D,20250905,000000,6.2,6.36,6.2,6.2,3329,0
GMT,D,20250908,000000,6.2,6.24,6.12,6.24,4572,0
GMT,D,20250909,000000,6.24,6.24,6.13,6.14,908,0
GMT,D,20250910,000000,6.23,6.23,5.92,6.21,23446,0
GMT,D,20250911,000000,6.21,6.21,6,6.15,16064,0
GMT,D,20250912,000000,6.15,6.55,6.15,6.4,45141,0
GMT,D,20250915,000000,6.39,6.54,6.29,6.41,3634,0
GMT,D,20250916,000000,6.41,6.54,6.4,6.46,40399,0
GMT,D,20250917,000000,6.46,6.59,6.32,6.59,29810,0
GMT,D,20250918,000000,6.5,6.54,6.36,6.53,6922,0
GMT,D,20250919,000000,6.52,6.91,6.46,6.91,20683,0
GMT,D,20250922,000000,6.9,6.9,6.7,6.89,6114,0
GMT,D,20250923,000000,6.88,6.92,6.73,6.92,12116,0
GMT,D,20250924,000000,6.91,7.07,6.8,7,22769,0
GMT,D,20250925,000000,7.03,7.03,6.82,6.9,2394,0
GMT,D,20250926,000000,7.02,7.33,7,7.07,51777,0
GMT,D,20250929,000000,7.08,7.08,6.9,7.03,22207,0
GMT,D,20250930,000000,7.04,7.04,6.81,6.93,14385,0
GMT,D,20251001,000000,6.93,6.99,6.88,6.98,4566,0
GMT,D,20251002,000000,6.97,6.98,6.81,6.92,10549,0
GMT,D,20251003,000000,6.85,6.91,6.8,6.86,6925,0
GMT,D,20251006,000000,6.8,6.96,6.62,6.79,10126,0
GMT,D,20251007,000000,6.79,6.93,6.64,6.71,6792,0
GMT,D,20251008,000000,6.8,6.87,6.66,6.79,4779,0
GMT,D,20251009,000000,6.66,6.7,6.41,6.59,9365,0
GMT,D,20251010,000000,6.59,6.59,6.35,6.38,5153,0
GMT,D,20251013,000000,6.38,6.57,6.33,6.57,1484,0
GMT,D,20251014,000000,6.57,6.57,6,6.18,43282,0
GMT,D,20251015,000000,6.22,6.43,6.17,6.34,6200,0
GMT,D,20251016,000000,6.52,6.52,6.06,6.1,20718,0
GMT,D,20251017,000000,6.04,6.1,6.03,6.1,4946,0
GMT,D,20251020,000000,6.13,6.13,5.93,6.09,6642,0
GMT,D,20251021,000000,6.09,6.13,6,6.13,2221,0
GMT,D,20251022,000000,6.13,6.18,6.06,6.18,3175,0
GMT,D,20251023,000000,6.18,6.18,5.88,5.99,20384,0
GMT,D,20251024,000000,5.99,6.17,5.99,6.1,5988,0
GMT,D,20251027,000000,6.1,6.16,5.94,6.01,2056,0
GMT,D,20251028,000000,6.02,6.09,5.86,5.98,122956,0
GMT,D,20251029,000000,5.88,5.88,5.59,5.8,24616,0
GMT,D,20251030,000000,5.6,5.73,5.22,5.46,56713,0
GMT,D,20251031,000000,5.45,5.45,4.99,5.15,43046,0
GMT,D,20251103,000000,5.29,5.3,4.995,5.1,23059,0
GMT,D,20251104,000000,5.02,5.14,4.98,5.05,13445,0
GMT,D,20251105,000000,5,5.05,4.98,5.02,17600,0
GMT,D,20251106,000000,5,5,4.73,4.9,53133,0
GMT,D,20251107,000000,4.86,4.9,4.605,4.895,36592,0
GMT,D,20251110,000000,4.895,4.925,4.5,4.65,47852,0
GMT,D,20251112,000000,4.62,5.4,4.62,5.08,111382,0
GMT,D,20251113,000000,5.08,5.08,4.895,5,29949,0
GMT,D,20251114,000000,5,5,4.7,4.995,24692,0
GMT,D,20251117,000000,4.91,4.985,4.7,4.82,19873,0
GMT,D,20251118,000000,4.91,4.99,4.56,4.8,23897,0
GMT,D,20251119,000000,4.8,4.995,4.73,4.98,6963,0
GMT,D,20251120,000000,4.975,4.975,4.48,4.595,37498,0
GMT,D,20251121,000000,4.6,4.605,4.26,4.4,47012,0
GMT,D,20251124,000000,4.4,4.795,4.4,4.745,18027,0
GMT,D,20251125,000000,4.745,4.745,4.44,4.7,13349,0
GMT,D,20251126,000000,4.735,4.735,4.505,4.7,12961,0
GMT,D,20251127,000000,4.7,4.7,4.48,4.6,24568,0
GMT,D,20251128,000000,4.6,4.6,4.475,4.6,11477,0
GMT,D,20251201,000000,4.48,4.6,4.45,4.6,13511,0
GMT,D,20251202,000000,4.595,4.595,4.485,4.56,7614,0
GMT,D,20251203,000000,4.5,4.57,4.485,4.485,12218,0
GMT,D,20251204,000000,4.485,4.485,4.42,4.425,8284,0
GMT,D,20251205,000000,4.425,4.51,4.35,4.51,59873,0
GMT,D,20251208,000000,4.335,4.5,4.335,4.34,7237,0
GMT,D,20251209,000000,4.33,4.435,4.265,4.42,17632,0
GMT,D,20251210,000000,4.49,4.49,4.06,4.3,40251,0
GMT,D,20251211,000000,4.365,4.39,3.95,4.045,98547,0
GMT,D,20251212,000000,4.05,4.095,3.9,4.095,67247,0
GMT,D,20251215,000000,4,4.09,3.95,3.97,17808,0
GMT,D,20251216,000000,4,4,3.245,3.48,241857,0
GMT,D,20251217,000000,3.4,3.585,3.33,3.45,24829,0
GMT,D,20251218,000000,3.43,3.77,3.33,3.72,102005,0
GMT,D,20251219,000000,3.72,3.735,3.575,3.655,53005,0
GMT,D,20251222,000000,3.56,3.735,3.53,3.6,56507,0
GMT,D,20251223,000000,3.535,3.77,3.535,3.77,147797,0
GMT,D,20251229,000000,3.77,3.885,3.61,3.845,33275,0
GMT,D,20251230,000000,3.845,3.885,3.64,3.8,30893,0
GMT,D,20260102,000000,3.85,3.95,3.65,3.77,22488,0
GMT,D,20260105,000000,3.77,3.8,3.7,3.7,17574,0
GMT,D,20260107,000000,3.68,4.045,3.68,3.99,39442,0
GMT,D,20260108,000000,3.9,4.085,3.82,3.88,37447,0
GMT,D,20260109,000000,3.88,4.07,3.815,4.015,32989,0
GMT,D,20260112,000000,4.03,4.03,3.785,3.805,38959,0
GMT,D,20260113,000000,3.9,3.96,3.795,3.805,27021,0
GMT,D,20260114,000000,3.805,4.025,3.77,3.81,37683,0
GMT,D,20260115,000000,3.81,3.895,3.78,3.895,13246,0
GMT,D,20260116,000000,3.8,3.88,3.795,3.805,21147,0
GMT,D,20260119,000000,3.81,3.845,3.81,3.845,4942,0
GMT,D,20260120,000000,3.85,3.9,3.81,3.86,6857,0
GMT,D,20260121,000000,3.92,4.2,3.81,4.2,53264,0
GMT,D,20260122,000000,4.3,4.73,4.235,4.69,124680,0
GMT,D,20260123,000000,4.69,5.12,4.69,5.04,67530,0
GMT,D,20260126,000000,5.17,5.99,5.17,5.76,216202,0
GMT,D,20260127,000000,5.85,5.88,5.42,5.6,61946,0
GMT,D,20260128,000000,5.6,5.86,5.41,5.69,75702,0
GMT,D,20260129,000000,5.65,5.65,5.22,5.48,69743,0
GMT,D,20260130,000000,5.4,5.47,5.38,5.44,23272,0
GMT,D,20260202,000000,5.44,5.44,4.9,5.12,49350,0
GMT,D,20260203,000000,5,5.09,4.93,4.995,18341,0
GMT,D,20260204,000000,5,5.1,4.505,4.68,24150,0
GMT,D,20260205,000000,4.635,4.965,4.635,4.8,15934,0
GMT,D,20260206,000000,4.79,4.8,4.545,4.58,18226,0
GMT,D,20260209,000000,4.7,5.14,4.695,4.9,16370,0
GMT,D,20260210,000000,4.9,5.05,4.71,4.8,22945,0
GMT,D,20260211,000000,4.94,4.94,4.67,4.825,5749,0
GMT,D,20260212,000000,5.14,5.44,5,5.13,79637,0
GMT,D,20260213,000000,5.1,5.1,4.825,4.99,27878,0
GMT,D,20260216,000000,4.99,5,4.795,4.975,16522,0
GMT,D,20260217,000000,4.785,4.875,4.77,4.875,23762,0
GMT,D,20260218,000000,4.745,4.87,4.69,4.735,29622,0
GMT,D,20260219,000000,4.79,4.93,4.665,4.67,15836,0
GMT,D,20260220,000000,4.7,4.775,4.6,4.67,12294,0
GMT,D,20260223,000000,4.61,4.79,4.57,4.57,15203,0
GMT,D,20260224,000000,4.57,4.605,4.295,4.51,11800,0
GMT,D,20260225,000000,4.51,4.605,4.415,4.535,2338,0
GMT,D,20260226,000000,4.555,4.78,4.39,4.535,7461,0
GMT,D,20260227,000000,4.53,4.605,4.3,4.53,8256,0
GMT,D,20260302,000000,4.36,4.495,4.2,4.32,13305,0
GMT,D,20260303,000000,4.405,4.675,4.3,4.62,35156,0
GMT,D,20260304,000000,4.62,5.06,4.62,4.895,105214,0
GMT,D,20260305,000000,4.9,5.05,4.89,4.935,15478,0
GMT,D,20260306,000000,4.94,5.06,4.94,5,16750,0
GMT,D,20260309,000000,4.935,5.05,4.79,5.05,34574,0
GMT,D,20260310,000000,5.04,5.08,4.915,5.04,15716,0
GMT,D,20260311,000000,5.01,5.14,4.995,5.14,57125,0
GMT,D,20260312,000000,5.12,5.27,5,5.24,43771,0
GMT,D,20260313,000000,5.25,5.45,5.2,5.44,36581,0
GMT,D,20260316,000000,5.43,5.44,5.13,5.26,17225,0
GMT,D,20260317,000000,5.36,5.36,5.01,5.17,11446,0
GMT,D,20260318,000000,4.56,4.83,4.56,4.645,105152,0
GMT,D,20260319,000000,4.71,4.71,4.45,4.615,68588,0
GMT,D,20260320,000000,4.63,4.98,4.63,4.9,39345,0
GMT,D,20260323,000000,4.89,4.89,4.55,4.825,17221,0
GMT,D,20260324,000000,4.6,4.9,4.6,4.9,8784,0
GMT,D,20260325,000000,4.9,4.9,4.665,4.85,7391,0
GMT,D,20260326,000000,4.85,4.885,4.665,4.88,6470,0
GMT,D,20260327,000000,4.77,4.77,4.64,4.7,12922,0
GMT,D,20260330,000000,4.7,4.7,4.45,4.595,5343,0
GMT,D,20260331,000000,4.69,4.69,4.49,4.665,3981,0
GMT,D,20260401,000000,4.66,4.66,4.495,4.635,2644,0
GMT,D,20260402,000000,4.635,4.635,4.5,4.6,2914,0
GMT,D,20260407,000000,4.51,4.635,4.49,4.6,7818,0
GMT,D,20260408,000000,4.74,4.74,4.5,4.61,20636,0
GMT,D,20260409,000000,4.65,4.65,4.455,4.6,10128,0
GMT,D,20260410,000000,4.6,4.6,4.455,4.6,3390,0
GMT,D,20260413,000000,4.585,4.585,4.46,4.505,3715,0
GMT,D,20260414,000000,4.5,4.58,4.5,4.575,6872,0
GMT,D,20260415,000000,4.575,4.575,4.46,4.5,17216,0
GMT,D,20260416,000000,4.57,4.57,4.45,4.5,7896,0
GMT,D,20260417,000000,4.5,4.565,4.44,4.565,8217,0
GMT,D,20260420,000000,4.8,4.8,4.59,4.75,98015,0
GMT,D,20260421,000000,4.775,4.89,4.7,4.89,51574,0
GMT,D,20260422,000000,4.845,4.85,4.72,4.82,58379,0
GMT,D,20260423,000000,4.8,4.89,4.8,4.87,37699,0
GMT,D,20260424,000000,4.865,4.865,4.75,4.83,9657,0
GMT,D,20260427,000000,4.83,4.85,4.75,4.775,17106,0
GMT,D,20260428,000000,4.83,4.835,4.69,4.7,27700,0
GMT,D,20260429,000000,4.7,4.82,4.665,4.745,7325,0
GMT,D,20260430,000000,4.75,4.925,4.675,4.8,15211,0
GMT,D,20260504,000000,4.78,4.83,4.675,4.83,2915,0
GMT,D,20260505,000000,4.8,4.83,4.69,4.83,6970,0
GMT,D,20260506,000000,4.83,4.83,4.71,4.72,4663,0
GMT,D,20260507,000000,4.655,4.795,4.6,4.79,19087,0
GMT,D,20260508,000000,5.13,5.64,5.01,5.6,275131,0
GMT,D,20260511,000000,5.37,5.55,5.24,5.45,86105,0
GMT,D,20260512,000000,5.44,6.57,5.32,6.44,228582,0
GMT,D,20260513,000000,6.47,6.87,6.31,6.36,123604,0
GMT,D,20260514,000000,6.38,6.44,6.31,6.31,48094,0
GMT,D,20260515,000000,6.32,6.44,5.75,5.94,47272,0
GMT,D,20260518,000000,5.7,5.95,5.7,5.94,9338,0
GMT,D,20260519,000000,5.8,5.93,5.46,5.92,32368,0
GMT,D,20260520,000000,5.92,6.37,5.62,6.09,61253,0
GMT,D,20260521,000000,6.22,6.37,5.79,5.99,129509,0
GMT,D,20260522,000000,5.97,6.14,5.85,5.95,22460,0
GMT,D,20260525,000000,6,6.25,5.57,5.57,98643,0
GMT,D,20260526,000000,5.53,5.63,5.21,5.21,97791,0
GMT,D,20260527,000000,5.36,5.46,5.12,5.16,57426,0
GMT,D,20260528,000000,5.28,5.28,4.9,5.17,76519,0
GMT,D,20260529,000000,5.17,5.24,4.99,5,54728,0
GMT,D,20260601,000000,5,5.4,4.955,4.965,24724,0
GMT,D,20260602,000000,5,5.16,4.99,4.99,28350,0
GMT,D,20260603,000000,4.95,5.1,4.92,4.98,29564,0
GMT,D,20260605,000000,5.03,5.19,4.93,5.18,47939,0
GMT,D,20260608,000000,5,5.17,4.925,5.03,21696,0
GMT,D,20260609,000000,5,5.03,4.92,4.995,13797,0
GMT,D,20260610,000000,5,5.14,4.825,4.9,37030,0
GMT,D,20260611,000000,4.815,4.985,4.64,4.98,19297,0
GMT,D,20260612,000000,4.985,5.06,4.82,5.02,10674,0
GMT,D,20260615,000000,5.02,5.43,5.02,5.15,120143,0
GMT,D,20260616,000000,5.15,5.33,5.05,5.23,69172,0
GMT,D,20260617,000000,5.25,5.25,4.935,5.12,35001,0
GMT,D,20260618,000000,5.05,5.05,4.9,4.98,12178,0
GMT,D,20260619,000000,4.91,5.14,4.82,4.83,104472,0
GMT,D,20260622,000000,5,5,4.82,4.945,28611,0
GMT,D,20260623,000000,4.98,4.98,4.68,4.71,27167,0
GMT,D,20260624,000000,4.625,4.845,4.585,4.78,27074,0
GMT,D,20260625,000000,4.625,4.79,4.6,4.69,36470,0
GMT,D,20260626,000000,4.61,4.98,4.58,4.7,20884,0
GMT,D,20260629,000000,4.585,4.835,4.585,4.68,6790,0
GMT,D,20260630,000000,4.86,4.86,4.43,4.48,24866,0
GMT,D,20260701,000000,4.48,4.84,4.48,4.795,18153,0
GMT,D,20260702,000000,4.795,4.81,4.615,4.62,16975,0
GMT,D,20260703,000000,4.62,4.78,4.62,4.7,6297,0
GMT,D,20260706,000000,4.7,4.775,4.65,4.75,10507,0
GMT,D,20260707,000000,4.75,4.845,4.715,4.8,12850,0
GMT,D,20260708,000000,4.7,4.815,4.625,4.795,16297,0
GMT,D,20260709,000000,4.795,4.795,4.6,4.71,36963,0
GMT,D,20260710,000000,4.71,4.71,4.59,4.7,20244,0
GMT,D,20260713,000000,4.6,4.715,4.55,4.69,11377,0
GMT,D,20260714,000000,4.71,4.71,4.57,4.7,15943,0
GMT,D,20260715,000000,4.7,4.7,4.57,4.695,7538,0
GMT,D,20260716,000000,4.695,4.7,4.58,4.69,14004,0
GMT,D,20260717,000000,4.575,4.7,4.57,4.63,28974,0
GMT,D,20260720,000000,4.655,4.655,4.44,4.56,21744,0
GMT,D,20260721,000000,4.505,4.55,4.44,4.44,25591,0
GMT,D,20260722,000000,4.405,4.56,4.395,4.47,19025,0
GMT,D,20260723,000000,4.4,4.47,4.35,4.35,20282,0
GMT,D,20260724,000000,4.335,4.4,4.27,4.365,8990,0
GMT,D,20260727,000000,4.1,4.37,3.97,4.005,108667,0
GMT,D,20260728,000000,4.005,4.4,4,4.015,82327,0
GMT,D,20260729,000000,4.18,4.18,3.92,4.035,49149,0
GMT,D,20260730,000000,3.91,4,3.79,3.8,112086,0
GMT,D,20260731,000000,3.83,3.995,3.695,3.71,52537,0
GMT,D,20260803,000000,3.74,3.83,3.5,3.53,79645,0
GMT,D,20260804,000000,3.58,4.18,3.52,4.08,129141,0
GMT,D,20260805,000000,4.47,4.475,4.155,4.28,149642,0
GMT,D,20260806,000000,4.29,4.45,4.12,4.135,79424,0
GMT,D,20260807,000000,4.135,4.2,3.98,4.09,29976,0
GMT,D,20260810,000000,4.09,4.09,3.935,4.09,12542,0
GMT,D,20260811,000000,4.09,4.095,3.94,3.95,18941,0
GMT,D,20260812,000000,3.935,4.045,3.935,4.045,8010,0
GMT,D,20260813,000000,3.99,3.99,3.85,3.9,14390,0
GMT,D,20260814,000000,3.9,3.91,3.725,3.84,61843,0
GMT,D,20260817,000000,3.75,3.835,3.71,3.8,2457,0
GMT,D,20260818,000000,3.8,3.8,3.695,3.78,23219,0
