<TICKER>,<PER>,<DATE>,<TIME>,<OPEN>,<HIGH>,<LOW>,<CLOSE>,<VOL>,<OPENINT>
GPP,D,20211209,000000,60.7071,60.9532,57.4256,57.4256,2667531.2064410243,0
GPP,D,20211210,000000,56.6216,57.0073,53.3238,55.3747,1167746.494805113,0
GPP,D,20211213,000000,55.424,55.4896,54.5544,55.3747,222457.91359156775,0
GPP,D,20211214,000000,55.5059,55.7849,54.5544,54.9646,118766.44239113388,0
GPP,D,20211215,000000,55.2927,55.3747,54.5626,55.3747,95470.7543159919,0
GPP,D,20211216,000000,55.7849,55.8588,55.1778,55.6784,71246.2129985712,0
GPP,D,20211217,000000,55.7849,55.8014,54.9646,55.4568,90731.40863883498,0
GPP,D,20211220,000000,54.9646,55.7766,54.9646,54.9646,59882.99787448334,0
GPP,D,20211221,000000,54.9646,55.3584,54.579,54.9646,105722.27107136384,0
GPP,D,20211222,000000,55.2106,55.7849,55.2025,55.5387,95334.22995492163,0
GPP,D,20211223,000000,55.7849,56.5232,55.6701,56.4412,5515.827980744113,0
GPP,D,20211227,000000,56.6053,58.164,56.6053,57.4339,43034.42895739043,0
GPP,D,20211228,000000,57.8276,57.8276,57.4421,57.6717,18118.733062051215,0
GPP,D,20211229,000000,57.7538,59.4192,57.68,58.8531,25844.549137621252,0
GPP,D,20211230,000000,59.0663,59.7226,59.0663,59.4767,46870.519709965505,0
GPP,D,20220103,000000,59.4767,60.2969,59.4767,60.1902,16020.889978104124,0
GPP,D,20220104,000000,60.6661,62.676,59.8949,61.3633,97541.78011472795,0
GPP,D,20220105,000000,60.8711,62.3396,60.8711,61.9459,55515.43728774184,0
GPP,D,20220107,000000,61.9377,62.3396,61.5275,61.6915,93932.41731893092,0
GPP,D,20220110,000000,61.6915,62.1427,61.6915,61.9787,34045.762541919445,0
GPP,D,20220111,000000,62.2657,62.6677,61.5357,62.1427,240913.08168625625,0
GPP,D,20220112,000000,62.1838,63.5784,62.1838,62.9467,84194.08588508258,0
GPP,D,20220113,000000,63.9065,63.9065,63.0042,63.7425,41209.6345955839,0
GPP,D,20220114,000000,63.5784,63.8656,63.1764,63.6604,158512.09700773237,0
GPP,D,20220117,000000,63.9886,64.1526,63.5702,64.1526,14138.804143348492,0
GPP,D,20220118,000000,64.1526,65.3832,63.3323,63.9886,144535.4155431566,0
GPP,D,20220119,000000,63.5784,65.5309,62.3479,64.932,97848.95992713691,0
GPP,D,20220120,000000,64.932,64.932,59.3371,60.7071,235159.55504115068,0
GPP,D,20220121,000000,60.7071,62.2166,60.0508,61.2814,66738.47114823021,0
GPP,D,20220124,000000,61.5275,61.5686,60.3789,60.6169,77650.66829378146,0
GPP,D,20220125,000000,59.9031,61.1994,59.9031,60.6497,35809.608528247634,0
GPP,D,20220126,000000,60.6497,60.748,59.8949,60.2559,12249.404503535505,0
GPP,D,20220127,000000,59.3452,60.2395,59.0663,59.6817,18490.518152465535,0
GPP,D,20220128,000000,59.6817,59.8868,57.6143,58.2461,8307.263577628979,0
GPP,D,20220131,000000,59.6242,59.6242,57.4584,59.0663,7885.500819322355,0
GPP,D,20220201,000000,59.4767,60.7399,59.3946,59.8949,10908.540243023024,0
GPP,D,20220202,000000,60.2969,61.5275,60.2969,61.5275,22123.041330944387,0
GPP,D,20220203,000000,61.5275,61.7736,61.1173,61.1173,18329.6144412048,0
GPP,D,20220204,000000,61.7736,61.7736,61.1173,61.1173,21055.22579257368,0
GPP,D,20220207,000000,59.8868,59.8868,56.7693,59.1157,45004.28045283433,0
GPP,D,20220208,000000,60.6906,60.8711,59.7638,60.5431,10334.406546021883,0
GPP,D,20220209,000000,61.5275,62.3314,60.6333,61.4208,61140.972344345304,0
GPP,D,20220210,000000,62.3479,62.3479,58.4348,58.9023,270299.9504066563,0
GPP,D,20220211,000000,58.328,59.4602,58.328,59.4356,2901.142672744989,0
GPP,D,20220214,000000,59.452,59.8868,58.2705,59.8868,5155.013597915383,0
GPP,D,20220215,000000,60.2969,60.5431,59.8949,60.3132,1954.0049178194502,0
GPP,D,20220216,000000,60.3132,60.7564,59.8868,60.2969,6544.636558809983,0
GPP,D,20220217,000000,60.3461,60.3461,58.689,59.0663,3890.9442905050323,0
GPP,D,20220218,000000,59.4683,59.4683,57.4339,57.9179,1045.8741231996607,0
GPP,D,20220221,000000,58.2378,58.2542,53.4387,57.7538,12428.592727440182,0
GPP,D,20220222,000000,57.762,57.762,54.9646,56.1951,17526.31485240646,0
GPP,D,20220223,000000,56.1951,56.2853,54.9646,54.9646,1405.4695385189445,0
GPP,D,20220224,000000,45.9404,51.683,45.6698,45.6698,21072.291337706774,0
GPP,D,20220225,000000,46.3506,50.9857,46.3425,49.222,55494.71484007951,0
GPP,D,20220228,000000,49.222,49.829,47.5812,47.5812,58437.3024081485,0
GPP,D,20220301,000000,47.007,48.4017,44.2998,45.3171,49956.94544416322,0
GPP,D,20220302,000000,44.2998,45.1201,42.6672,43.9143,84368.39823894938,0
GPP,D,20220303,000000,43.9143,44.2998,43.0692,43.0692,76558.47340521919,0
GPP,D,20220304,000000,43.0692,43.0692,40.034,40.6081,32959.6624909037,0
GPP,D,20220307,000000,40.6081,41.0183,39.3775,39.5417,36252.09373421714,0
GPP,D,20220308,000000,39.5006,40.559,39.4227,39.5417,18619.728708478462,0
GPP,D,20220309,000000,40.28,40.28,36.9165,39.5417,178456.84339910647,0
GPP,D,20220310,000000,40.198,41.4202,38.4834,40.198,71733.80000239349,0
GPP,D,20220311,000000,40.362,41.3874,39.6278,40.079,17753.042809184502,0
GPP,D,20220314,000000,41.8388,42.3966,40.0749,40.198,5875.42339606343,0
GPP,D,20220315,000000,41.8388,42.2488,41.0183,42.2488,1344.5211630410495,0
GPP,D,20220316,000000,42.2488,44.792,41.7648,43.504,2657.3491708336287,0
GPP,D,20220317,000000,43.8896,48.4017,43.7419,48.4017,12437.125500007282,0
GPP,D,20220318,000000,49.9604,49.9604,46.359,49.8783,10327.092740964525,0
GPP,D,20220321,000000,49.8783,49.8783,46.8675,47.5731,9128.84767907027,0
GPP,D,20220322,000000,47.5812,49.2138,46.4001,47.6632,8519.36392429187,0
GPP,D,20220323,000000,47.5812,48.3934,47.007,47.4992,1260.4124048816732,0
GPP,D,20220324,000000,47.491,49.1236,47.4829,48.4017,59028.501650283506,0
GPP,D,20220325,000000,49.0989,49.0989,48.0325,49.0579,5549.959071011739,0
GPP,D,20220328,000000,49.222,50.1245,48.8201,49.6321,6695.7885299950885,0
GPP,D,20220329,000000,49.6321,50.9447,49.3368,50.4526,5106.2548975330465,0
GPP,D,20220330,000000,50.4526,51.1087,50.4526,51.1087,1918.6548600423018,0
GPP,D,20220331,000000,51.0268,52.2574,51.0268,51.683,9282.437585274422,0
GPP,D,20220401,000000,52.2574,53.1598,52.1672,52.9137,7848.931794035683,0
GPP,D,20220404,000000,53.1598,53.332,52.7905,53.0039,3358.255488828762,0
GPP,D,20220405,000000,53.0776,54.1441,52.5035,52.9137,158358.5071015268,0
GPP,D,20220406,000000,50.469,54.1441,50.1573,54.1441,12488.322135408773,0
GPP,D,20220407,000000,54.1441,59.5504,54.1441,58.2461,46779.097146749096,0
GPP,D,20220408,000000,58.082,58.9843,58.082,58.6562,70380.74606678588,0
GPP,D,20220411,000000,57.7538,59.8377,57.5076,59.7882,142845.9265749172,0
GPP,D,20220412,000000,59.3863,59.3863,57.5979,58.566,54774.305041931584,0
GPP,D,20220413,000000,57.5076,57.5076,55.4568,57.4256,28536.029398722836,0
GPP,D,20220414,000000,55.949,57.6717,55.949,56.4412,3248.548412968639,0
GPP,D,20220419,000000,56.7693,57.0155,54.4723,54.4723,1826.0133293159367,0
GPP,D,20220420,000000,54.4723,54.8825,54.1441,54.1441,1427.4109536909032,0
GPP,D,20220421,000000,54.1441,54.9646,53.1598,54.1441,821.5841014412247,0
GPP,D,20220422,000000,56.6053,56.6874,50.9447,52.5035,16259.807609977393,0
GPP,D,20220425,000000,56.6053,56.6053,51.4369,51.683,3593.5162181732435,0
GPP,D,20220426,000000,51.683,52.0932,47.4992,51.9292,14319.211334762911,0
GPP,D,20220427,000000,53.9801,53.9801,49.1399,49.222,3575.2317055298527,0
GPP,D,20220428,000000,50.2885,50.2885,48.8118,50.0423,77274.00733332925,0
GPP,D,20220429,000000,50.8628,50.8628,49.222,49.222,3981.147886212242,0
GPP,D,20220502,000000,50.0423,50.0423,46.761,46.761,466.86455616021857,0
GPP,D,20220504,000000,46.761,48.2375,46.4329,47.5812,15206.6196817203,0
GPP,D,20220505,000000,48.4017,48.9759,48.4017,48.4017,243.79350191133827,0
GPP,D,20220506,000000,49.222,49.3859,47.3352,48.8118,23679.662840649315,0
GPP,D,20220509,000000,51.683,51.683,48.4017,48.4017,621.6734298739246,0
GPP,D,20220510,000000,50.0423,50.0423,47.253,47.4172,19521.764665550563,0
GPP,D,20220511,000000,47.9914,47.9914,46.8429,47.5812,574.1336970012082,0
GPP,D,20220512,000000,47.5812,49.222,47.4172,47.6632,15138.357501184608,0
GPP,D,20220513,000000,47.8274,52.5855,47.8274,49.7142,44593.48840211374,0
GPP,D,20220516,000000,53.1598,53.1598,51.0268,52.2574,1738.247668627882,0
GPP,D,20220517,000000,53.0776,53.0776,51.355,52.0932,5013.61336680679,0
GPP,D,20220518,000000,52.0932,52.0932,49.222,50.8628,8024.463115411903,0
GPP,D,20220519,000000,50.8628,50.8628,49.6321,50.0423,535.1267366954039,0
GPP,D,20220520,000000,50.8628,50.8628,48.4017,49.222,4116.453279773003,0
GPP,D,20220523,000000,49.8783,50.8628,47.8274,50.2885,54673.13073863835,0
GPP,D,20220524,000000,50.4526,51.273,48.7299,50.3705,58855.408263926445,0
GPP,D,20220525,000000,50.5345,51.683,49.304,51.4369,274529.7676648145,0
GPP,D,20220526,000000,51.683,53.652,49.7142,53.652,31106.831876377495,0
GPP,D,20220527,000000,53.57,53.57,51.1909,51.355,23388.329605864805,0
GPP,D,20220530,000000,50.5345,51.0268,48.8118,48.8118,26742.928192165225,0
GPP,D,20220531,000000,48.7299,49.222,42.9052,42.9052,154901.51524442452,0
GPP,D,20220601,000000,44.1357,46.1046,44.1357,44.7099,78761.14769498765,0
GPP,D,20220602,000000,45.1201,48.7299,45.1201,48.3196,52238.852622052866,0
GPP,D,20220603,000000,48.4017,48.4017,45.1201,46.1866,15095.693638350212,0
GPP,D,20220606,000000,46.761,48.0736,45.9404,48.0736,112037.74173837715,0
GPP,D,20220607,000000,47.1711,49.0579,46.1046,49.0579,8304.825642609934,0
GPP,D,20220608,000000,49.0579,49.0579,45.6123,46.0225,11686.241514120176,0
GPP,D,20220609,000000,46.761,46.761,46.0225,46.1866,438.8283034404154,0
GPP,D,20220610,000000,47.1711,47.1711,45.6944,46.761,74174.17295652657,0
GPP,D,20220613,000000,46.4329,46.4329,45.1201,46.4329,70656.23272394593,0
GPP,D,20220614,000000,46.1866,46.1866,42.9052,45.4483,31393.289241124126,0
GPP,D,20220615,000000,46.6789,46.6789,43.1512,44.2998,76588.94759295837,0
GPP,D,20220617,000000,44.2998,45.1201,42.9052,45.1201,84570.74684553586,0
GPP,D,20220620,000000,45.9404,45.9404,43.1512,43.5615,7482.02257365912,0
GPP,D,20220621,000000,45.1201,45.1201,42.9052,43.5615,1170.208809174463,0
GPP,D,20220622,000000,45.1201,45.1201,41.5106,42.4129,5515.827980744113,0
GPP,D,20220623,000000,41.9207,41.9207,40.239,40.239,2032.0188384309931,0
GPP,D,20220624,000000,41.0183,41.0183,37.1217,39.3775,13856.003681131087,0
GPP,D,20220627,000000,40.362,41.0183,38.6802,41.0183,1501.7679717738781,0
GPP,D,20220628,000000,42.9872,42.9872,39.7878,40.6081,2896.2668027067884,0
GPP,D,20220629,000000,41.3465,41.7566,39.9518,41.7566,4073.789416938497,0
GPP,D,20220630,000000,41.9207,46.0225,41.0183,46.0225,140823.65947656205,0
GPP,D,20220701,000000,44.2998,44.2998,42.9052,43.4794,25380.122516480784,0
GPP,D,20220704,000000,43.4794,43.8075,42.823,43.1512,1059.2827658047845,0
GPP,D,20220705,000000,42.823,42.9052,39.6236,42.659,16415.83545120026,0
GPP,D,20220706,000000,40.198,43.1512,40.198,41.0183,6133.8445080893935,0
GPP,D,20220707,000000,43.1512,43.1512,42.1668,43.1512,1248.2227297861164,0
GPP,D,20220708,000000,43.3974,44.0536,40.7311,40.9363,6561.702103943851,0
GPP,D,20220711,000000,40.8953,44.7099,39.8698,44.7099,16476.783826678595,0
GPP,D,20220712,000000,43.8896,48.1556,43.4794,47.4992,20159.284673049195,0
GPP,D,20220713,000000,48.2375,48.2375,46.0225,46.3506,3349.7227162618833,0
GPP,D,20220714,000000,47.007,47.007,44.2177,44.2998,5180.611915616021,0
GPP,D,20220715,000000,44.9561,47.5812,41.8388,43.0692,9260.496170102351,0
GPP,D,20220718,000000,43.4794,43.4794,41.8388,42.659,17846.903307420387,0
GPP,D,20220719,000000,42.823,42.823,42.5771,42.5771,237.69866436355974,0
GPP,D,20220720,000000,42.823,43.0692,42.5771,43.0692,1227.5002821235703,0
GPP,D,20220721,000000,43.4794,43.8896,40.7311,42.659,25976.197628653663,0
GPP,D,20220722,000000,42.659,42.659,41.5926,41.8388,3912.885705677101,0
GPP,D,20220725,000000,42.2488,42.5771,41.4284,42.331,986.1447152313874,0
GPP,D,20220726,000000,42.331,42.659,41.5106,41.5106,26894.08016335022,0
GPP,D,20220727,000000,41.5106,41.6747,39.7057,40.28,6600.709064249678,0
GPP,D,20220728,000000,41.5106,43.0692,39.7878,42.659,33556.95657058632,0
GPP,D,20220729,000000,42.659,47.5812,41.1003,45.1201,67293.10136507843,0
GPP,D,20220801,000000,46.761,47.5812,45.1201,47.5812,94025.05884965706,0
GPP,D,20220802,000000,47.5812,50.2064,45.4483,47.8274,124389.53951271895,0
GPP,D,20220803,000000,47.3352,51.5192,44.2177,46.761,42928.378784059314,0
GPP,D,20220804,000000,46.761,46.761,44.7099,45.1201,22572.84034197124,0
GPP,D,20220805,000000,45.7765,45.9404,45.1201,45.6123,50611.53099679496,0
GPP,D,20220808,000000,46.1046,48.4017,45.3663,45.8585,69593.293055612,0
GPP,D,20220809,000000,47.5812,47.5812,45.5304,45.9404,217994.054571572,0
GPP,D,20220810,000000,46.4329,46.4329,45.2843,45.6944,151075.17623193617,0
GPP,D,20220811,000000,45.9404,45.9404,45.1201,45.1201,722.8477331671359,0
GPP,D,20220812,000000,45.6944,45.9404,45.1201,45.1201,39504.299049714566,0
GPP,D,20220816,000000,47.8274,47.8274,45.2843,45.5304,1577.3439573663754,0
GPP,D,20220817,000000,45.9404,45.9404,44.5458,45.4483,1699.2407083220558,0
GPP,D,20220818,000000,45.4483,45.6123,42.9872,43.0692,3411.890059249301,0
GPP,D,20220819,000000,43.7255,47.5812,41.4284,42.2488,4355.370911646161,0
GPP,D,20220822,000000,43.8075,43.8075,39.9518,41.0183,45975.79755795076,0
GPP,D,20220823,000000,41.3465,41.3465,40.0749,41.0183,5687.702399591654,0
GPP,D,20220824,000000,41.5106,41.5106,38.3932,39.4596,128601.07225823098,0
GPP,D,20220825,000000,40.5261,40.5261,39.7466,40.198,483.9301012940204,0
GPP,D,20220826,000000,40.239,40.8542,39.6647,40.8132,2272.1554378136752,0
GPP,D,20220829,000000,40.8542,40.8542,38.3111,38.5572,3020.6014886815133,0
GPP,D,20220830,000000,39.3775,39.3775,38.0649,38.0649,9444.56026404545,0
GPP,D,20220831,000000,40.116,40.198,37.9829,40.198,25322.831043531678,0
GPP,D,20220901,000000,40.198,40.198,38.7212,39.3775,449.79901102642776,0
GPP,D,20220902,000000,40.198,40.198,38.5572,39.3365,1461.542043958529,0
GPP,D,20220905,000000,39.3775,39.5417,38.5572,39.3775,73011.27795240915,0
GPP,D,20220906,000000,39.2135,39.5417,38.5572,39.5417,5174.5170780682965,0
GPP,D,20220907,000000,39.5417,39.5417,38.5572,39.3775,20880.913438706873,0
GPP,D,20220908,000000,39.5417,39.5417,37.9009,38.1471,6032.670204796148,0
GPP,D,20220909,000000,38.4342,39.3775,38.3522,39.3365,4847.833785507083,0
GPP,D,20220912,000000,39.1315,39.1315,38.229,39.1315,7947.668162309772,0
GPP,D,20220913,000000,39.2955,39.2955,36.7525,36.7525,3936.046088358692,0
GPP,D,20220914,000000,36.9165,37.0396,36.3832,36.6704,2174.6380370492193,0
GPP,D,20220915,000000,37.7438,37.7868,36.9709,37.4864,172692.76054893312,0
GPP,D,20220916,000000,37.4432,38.2162,36.1551,37.2286,119650.7555962013,0
GPP,D,20220919,000000,37.2286,38.5597,35.511,36.928,1491.6317251592407,0
GPP,D,20220920,000000,36.928,37.3573,35.3822,35.3822,2668.8680047344983,0
GPP,D,20220921,000000,35.3822,35.3822,33.1494,33.1494,36316.16724767044,0
GPP,D,20220922,000000,33.1494,33.1494,31.0024,31.7752,16046.976428118449,0
GPP,D,20220923,000000,31.7752,31.7752,30.573,30.573,47098.76660362186,0
GPP,D,20220926,000000,30.573,30.573,28.8554,29.8429,4724.082676792276,0
GPP,D,20220927,000000,29.6713,31.0882,29.6713,31.0882,18432.888531826604,0
GPP,D,20220928,000000,30.9165,30.9165,28.8983,29.8,3280.19248225883,0
GPP,D,20220929,000000,30.1436,30.9165,28.9842,29.2418,206988.6459518391,0
GPP,D,20220930,000000,30.6588,32.6341,29.0271,32.6341,96294.66727204702,0
GPP,D,20221003,000000,32.1617,34.2228,30.0577,34.2228,7376.648695459501,0
GPP,D,20221004,000000,34.2228,37.2715,34.1798,37.2715,5561.306104106501,0
GPP,D,20221005,000000,37.2715,37.2715,34.3517,35.7687,6068.996527345718,0
GPP,D,20221006,000000,35.7256,37.7438,35.3392,35.6399,4916.21322687137,0
GPP,D,20221007,000000,35.9404,36.0692,35.6399,35.6399,2706.1296871741556,0
GPP,D,20221010,000000,36.0263,36.4128,35.2963,36.198,36044.85562240714,0
GPP,D,20221011,000000,36.4986,37.7868,35.0817,37.7868,4495.854871849885,0
GPP,D,20221012,000000,37.7868,39.5044,37.0998,39.5044,7567.614817962346,0
GPP,D,20221013,000000,39.8479,39.8479,36.1121,37.1427,72274.855229436,0
GPP,D,20221014,000000,36.7134,37.3145,36.7134,36.7134,134718.44843270836,0
GPP,D,20221017,000000,37.1857,37.3145,36.1551,36.1551,874.4851097537604,0
GPP,D,20221018,000000,37.2286,37.8298,35.9834,37.8298,46833.27711623981,0
GPP,D,20221019,000000,37.8298,38.4738,36.9709,38.4738,8419.975803767595,0
GPP,D,20221020,000000,38.6457,38.6457,37.5721,38.6457,36552.546045646246,0
GPP,D,20221021,000000,38.0444,38.8173,36.4986,38.8173,1432.2459187711709,0
GPP,D,20221024,000000,38.8173,38.8173,37.4864,38.7744,6138.862181919923,0
GPP,D,20221025,000000,39.3327,39.3327,37.3573,39.1609,3816.9935949039564,0
GPP,D,20221026,000000,39.3755,39.3755,38.1733,39.2468,1091.0686389337884,0
GPP,D,20221027,000000,39.1609,39.1609,37.7868,38.5597,3051.964677316438,0
GPP,D,20221028,000000,38.0444,38.7315,38.0444,38.6457,703.3142560469719,0
GPP,D,20221031,000000,38.6457,38.9891,37.7868,38.9891,4095.2917856245313,0
GPP,D,20221102,000000,38.9462,39.8479,38.6457,39.5044,2405.7073725050586,0
GPP,D,20221103,000000,39.5044,40.1914,38.8173,40.1055,8298.875335838955,0
GPP,D,20221104,000000,39.7191,41.9948,39.5044,41.2219,11163.367173381297,0
GPP,D,20221107,000000,41.2219,44.8289,40.7926,44.743,57282.85018538846,0
GPP,D,20221108,000000,44.743,44.743,41.2219,41.8231,2204.2614018160775,0
GPP,D,20221109,000000,42.9396,42.9396,39.5044,39.5044,5147.934314542512,0
GPP,D,20221110,000000,40.0196,42.8966,37.9156,41.7372,45250.82004013508,0
GPP,D,20221114,000000,41.2219,44.6571,40.4061,43.7984,7517.544432184163,0
GPP,D,20221115,000000,44.5713,44.5713,39.8479,39.8479,5986.322169432876,0
GPP,D,20221116,000000,39.8479,40.2774,38.6885,39.4186,11161.038318229239,0
GPP,D,20221117,000000,39.8479,41.179,38.5597,38.6457,7034.306988045968,0
GPP,D,20221118,000000,39.3755,41.0072,38.2162,39.8908,18560.97556521296,0
GPP,D,20221121,000000,40.449,40.449,38.6457,38.6457,353.9859831759631,0
GPP,D,20221122,000000,39.1609,40.2344,38.5597,38.5597,3515.4068526586098,0
GPP,D,20221123,000000,38.5597,39.9339,38.5597,38.5597,58192.268122429276,0
GPP,D,20221124,000000,38.9462,38.9462,35.8545,37.3573,243868.39614640907,0
GPP,D,20221125,000000,37.4432,38.2591,36.7993,37.7868,33754.42657994992,0
GPP,D,20221128,000000,37.7868,39.1609,37.5721,38.3022,5992.1443073141245,0
GPP,D,20221129,000000,38.6457,39.5044,38.6457,39.5044,3334.920578341901,0
GPP,D,20221130,000000,39.5044,39.9339,38.6885,39.0321,2475.5730270792646,0
GPP,D,20221201,000000,39.5044,39.9339,37.9156,38.0015,34929.33400437279,0
GPP,D,20221202,000000,38.6027,39.4615,38.2162,38.9462,32132.378966251377,0
GPP,D,20221205,000000,38.6457,40.7926,38.6457,40.3632,6436.9556414365225,0
GPP,D,20221206,000000,40.449,41.2219,38.2162,38.2162,29299.326673267555,0
GPP,D,20221207,000000,38.3879,40.3202,38.3879,39.0749,6609.290922719593,0
GPP,D,20221208,000000,38.8173,40.3632,38.8173,38.9032,6185.439284969358,0
GPP,D,20221209,000000,38.9891,42.7677,38.7315,39.8479,55752.792350213866,0
GPP,D,20221212,000000,40.3202,40.7926,38.7744,39.5044,3561.9839557080436,0
GPP,D,20221213,000000,39.5902,40.7926,37.8298,39.2896,26462.781097555646,0
GPP,D,20221214,000000,38.5167,40.3632,37.9156,38.6457,28805.6093809441,0
GPP,D,20221215,000000,38.6457,38.6885,37.8727,37.8727,1928.2920662480014,0
GPP,D,20221216,000000,37.8727,37.8727,34.6951,35.4251,22798.327515138186,0
GPP,D,20221219,000000,35.4681,35.6399,33.45,34.4805,10834.99859688254,0
GPP,D,20221220,000000,34.4805,34.6093,33.4928,33.4928,3843.775429157367,0
GPP,D,20221221,000000,33.4928,34.6951,32.677,34.3517,20489.267631461185,0
GPP,D,20221222,000000,34.6951,35.1245,33.9223,34.6951,75874.1008675837,0
GPP,D,20221223,000000,34.7811,34.7811,34.1798,34.4375,60636.40160494991,0
GPP,D,20221227,000000,34.5234,35.1676,34.3946,34.7811,2777.1597693245017,0
GPP,D,20221228,000000,34.7811,34.7811,33.6647,34.1798,4401.536238174767,0
GPP,D,20221229,000000,33.8364,35.2104,33.8364,34.824,7341.715868172452,0
GPP,D,20221230,000000,35.1245,35.6828,34.6522,35.1245,7851.735146564058,0
GPP,D,20230102,000000,36.0263,36.0263,34.7381,34.7381,19862.805595446152,0
GPP,D,20230103,000000,34.9098,35.8975,34.3517,34.7811,73466.06463992658,0
GPP,D,20230104,000000,34.7811,35.1676,34.5234,35.1245,7859.8861395978065,0
GPP,D,20230105,000000,35.1245,39.4615,35.1245,38.6027,20583.586265136084,0
GPP,D,20230109,000000,38.5597,38.5597,36.928,37.8298,3754.114505787138,0
GPP,D,20230110,000000,38.4738,40.4061,38.3879,38.9891,216982.92783867332,0
GPP,D,20230111,000000,39.1181,39.9339,38.5167,39.5044,459320.101722334,0
GPP,D,20230112,000000,39.6332,39.6332,38.4738,39.4186,7644.467037993939,0
GPP,D,20230113,000000,39.5902,39.8479,38.6457,38.6457,25950.432964011317,0
GPP,D,20230116,000000,38.4309,39.5473,37.9156,39.5044,2489.5461579940397,0
GPP,D,20230117,000000,39.5044,40.2774,38.6885,40.2774,29072.263295902183,0
GPP,D,20230118,000000,38.6457,40.2344,38.6457,40.1914,6955.125912861875,0
GPP,D,20230119,000000,40.1914,40.1914,38.8603,39.0749,6193.590278002996,0
GPP,D,20230120,000000,39.6332,39.6332,38.6885,38.7315,1224.9778102010516,0
GPP,D,20230123,000000,39.5044,39.5044,38.9891,39.5044,21391.699003044727,0
GPP,D,20230124,000000,39.5044,39.5044,38.7315,39.1609,1513.755849107763,0
GPP,D,20230125,000000,39.1609,39.1609,37.8727,37.8727,44098.03673966006,0
GPP,D,20230126,000000,38.2162,39.0749,38.2162,39.0749,1847.946563487659,0
GPP,D,20230127,000000,39.0749,39.762,39.0749,39.5902,2913.397795744275,0
GPP,D,20230130,000000,39.762,40.4061,38.9462,40.3632,6272.771353187089,0
GPP,D,20230131,000000,40.4061,48.7794,40.4061,43.8842,49283.23273664279,0
GPP,D,20230201,000000,43.7984,46.2889,43.7124,44.6571,6271.606925610838,0
GPP,D,20230202,000000,44.6571,48.4358,44.6571,48.3498,6780.461776426305,0
GPP,D,20230203,000000,46.4606,47.9206,46.4606,46.6323,3794.8694709554343,0
GPP,D,20230206,000000,44.9149,46.3747,44.4853,45.4301,6162.150733444696,0
GPP,D,20230207,000000,46.3747,46.89,44.9149,46.89,1638.3495997650405,0
GPP,D,20230208,000000,47.0618,48.6935,47.0618,47.2335,4944.1594887010315,0
GPP,D,20230209,000000,47.5771,48.5217,47.5771,48.0064,973.4614537338877,0
GPP,D,20230210,000000,48.1782,48.6935,46.8041,46.89,10300.526339389911,0
GPP,D,20230213,000000,46.89,48.5217,46.203,46.89,4523.801133679545,0
GPP,D,20230214,000000,45.1724,47.2335,44.743,46.89,2635.0996050237,0
GPP,D,20230215,000000,47.2335,47.2335,46.3747,46.3747,2034.2549756855053,0
GPP,D,20230216,000000,47.2335,47.9206,46.0312,46.203,2784.1463347819995,0
GPP,D,20230217,000000,46.2889,48.9511,46.2889,48.9511,6024.748279448673,0
GPP,D,20230220,000000,48.0923,49.6381,48.0923,48.9511,8017.0838623897425,0
GPP,D,20230221,000000,48.9511,48.9511,46.9758,46.9758,4233.858667196694,0
GPP,D,20230222,000000,46.8041,47.6629,46.8041,46.8041,853.5254133815096,0
GPP,D,20230223,000000,48.6935,48.6935,47.7487,47.7487,20.959696372260744,0
GPP,D,20230224,000000,47.7487,48.0923,46.8041,46.8041,714.9585318093359,0
GPP,D,20230227,000000,46.8041,47.0618,46.203,46.203,1339.0917126721927,0
GPP,D,20230228,000000,46.3747,47.2335,45.0006,46.3747,22825.109349392365,0
GPP,D,20230301,000000,47.4911,48.5217,45.5159,47.1477,9825.439888285355,0
GPP,D,20230302,000000,47.6629,47.6629,45.5159,47.2335,768.5222003162236,0
GPP,D,20230303,000000,47.4053,47.4053,46.3747,47.1477,11777.0205060578,0
GPP,D,20230306,000000,47.5771,50.5828,47.1477,49.0369,8353.603431922138,0
GPP,D,20230307,000000,49.3804,51.5275,49.3804,50.6686,3029.840553367915,0
GPP,D,20230308,000000,50.6686,50.6686,49.1228,50.6686,1273.8837684029847,0
GPP,D,20230309,000000,50.6686,50.6686,50.4969,50.6686,2097.134064802324,0
GPP,D,20230310,000000,49.1228,50.5828,47.8346,50.5828,1433.4103463474205,0
GPP,D,20230313,000000,50.5828,50.5828,48.1782,49.8099,2512.834709518812,0
GPP,D,20230314,000000,50.2393,50.2393,46.9758,49.2946,2921.5487887779123,0
GPP,D,20230315,000000,49.2946,49.3804,45.7736,47.2335,31285.840118328255,0
GPP,D,20230316,000000,46.3747,48.0923,45.7736,48.0923,1278.5414787078735,0
GPP,D,20230317,000000,48.9511,50.9264,48.8652,50.9264,9497.071311786596,0
GPP,D,20230320,000000,50.9264,51.5275,47.9206,51.2699,2445.297910097105,0
GPP,D,20230321,000000,51.2699,51.2699,47.4053,50.6686,5599.732214122298,0
GPP,D,20230322,000000,50.4969,50.4969,47.7487,48.4358,1491.6317251592407,0
GPP,D,20230323,000000,48.4358,49.2946,46.0312,49.2946,75706.42329660572,0
GPP,D,20230324,000000,49.4663,49.4663,47.3194,47.4911,965.3104607002283,0
GPP,D,20230327,000000,48.8652,48.8652,46.2889,48.0064,1223.813382624802,0
GPP,D,20230328,000000,47.3194,47.9206,47.3194,47.4053,105896.53706569434,0
GPP,D,20230329,000000,48.0064,48.0064,47.2335,47.2335,73392.7057026235,0
GPP,D,20230330,000000,47.2335,49.8099,47.0618,49.8099,2943.672912726435,0
GPP,D,20230331,000000,48.0923,49.8099,48.0923,49.8099,1724.5172404065213,0
GPP,D,20230403,000000,48.5217,49.4663,47.7487,48.0923,3587.601362385315,0
GPP,D,20230404,000000,48.0923,48.0923,43.7984,45.5159,32390.88188817615,0
GPP,D,20230405,000000,46.0312,46.0312,45.2583,45.5159,802.2906000270881,0
GPP,D,20230406,000000,45.6018,45.6018,45.0865,45.6018,268.98277011067717,0
GPP,D,20230411,000000,45.7736,49.6381,45.1724,49.6381,9451.658636313303,0
GPP,D,20230412,000000,48.9511,48.9511,48.0064,48.5217,4741.54909043591,0
GPP,D,20230413,000000,48.5217,49.1228,46.8041,47.0618,1965.5537486875487,0
GPP,D,20230414,000000,47.0618,47.5771,45.6877,45.9454,2993.743298504618,0
GPP,D,20230417,000000,45.9454,48.9511,45.9454,48.0064,1930.6209214005005,0
GPP,D,20230418,000000,48.0064,48.9511,46.4606,48.7794,2128.573609360733,0
GPP,D,20230419,000000,48.9511,48.9511,48.8652,48.9511,1896.8525216895923,0
GPP,D,20230420,000000,48.0923,49.6381,48.0064,49.6381,40991.343966260894,0
GPP,D,20230421,000000,49.724,49.724,46.4606,46.4606,17585.185256326356,0
GPP,D,20230424,000000,46.4606,48.8652,46.4606,47.8346,783.6597588073034,0
GPP,D,20230425,000000,47.8346,47.8346,46.3747,46.3747,433.1670583600561,0
GPP,D,20230426,000000,46.3747,46.3747,45.5159,45.6018,2073.8455132775516,0
GPP,D,20230427,000000,46.203,47.4053,46.203,47.4053,831.4012894330091,0
GPP,D,20230428,000000,48.264,48.264,45.7736,46.203,541.4588229500702,0
GPP,D,20230502,000000,46.9758,46.9758,45.6018,46.2889,2596.6734950079035,0
GPP,D,20230504,000000,47.1477,47.1477,45.5159,46.6323,9837.084164047632,0
GPP,D,20230505,000000,46.6323,46.7181,44.056,46.3747,2688.6632735305216,0
GPP,D,20230508,000000,46.3747,46.5466,46.3747,46.4606,429.6737756313403,0
GPP,D,20230509,000000,46.5466,46.7181,45.8594,46.7181,256.1740667720745,0
GPP,D,20230510,000000,46.7181,46.7181,45.6018,46.3747,774.3443381974055,0
GPP,D,20230511,000000,44.4853,46.7181,44.4853,46.7181,11702.497141178705,0
GPP,D,20230512,000000,47.2335,47.2335,45.5159,47.2335,1567.3195176145848,0
GPP,D,20230515,000000,47.2335,48.264,46.7181,46.89,2756.2000729522288,0
GPP,D,20230516,000000,46.4606,47.2335,45.6018,47.2335,1047.984818613037,0
GPP,D,20230517,000000,47.5771,48.9511,45.6877,46.9758,5200.333555473085,0
GPP,D,20230518,000000,46.9758,48.9511,46.8041,48.9511,4290.915618432265,0
GPP,D,20230519,000000,48.9511,48.9511,48.0923,48.0923,1886.3726735034556,0
GPP,D,20230522,000000,48.264,49.6381,48.1782,49.6381,2348.6504212694886,0
GPP,D,20230523,000000,49.4663,50.4111,48.7794,49.8958,5457.672049821386,0
GPP,D,20230524,000000,49.8958,53.245,47.2335,53.245,21047.028440478363,0
GPP,D,20230525,000000,53.245,53.245,50.6686,52.3862,7654.946886180075,0
GPP,D,20230526,000000,50.7545,54.1038,50.7545,54.1038,7405.759384865411,0
GPP,D,20230529,000000,53.9321,55.8215,53.8462,54.1038,9582.074524851827,0
GPP,D,20230530,000000,52.3862,56.5085,51.6992,52.3862,8337.301445854862,0
GPP,D,20230531,000000,52.3862,57.6248,51.3557,52.6439,111297.15216428212,0
GPP,D,20230601,000000,53.245,53.245,51.6133,51.6992,2016.7885620419813,0
GPP,D,20230602,000000,51.6992,52.6439,50.8405,51.5275,24236.395571791043,0
GPP,D,20230605,000000,50.9264,52.3862,50.9264,51.9569,3288.3434752924672,0
GPP,D,20230606,000000,51.9569,51.9569,50.3252,51.6133,77671.9770452935,0
GPP,D,20230607,000000,51.6992,51.6992,49.4663,51.0122,2487.2173028416505,0
GPP,D,20230609,000000,51.5275,51.5275,47.7487,48.1782,24008.16776684854,0
GPP,D,20230612,000000,48.7794,49.8958,46.5466,49.8958,2898.2602372531405,0
GPP,D,20230613,000000,50.1534,50.2393,47.2335,49.1228,9445.836498432165,0
GPP,D,20230614,000000,49.2946,51.5275,48.3498,51.5275,12934.461516836924,0
GPP,D,20230615,000000,51.0122,51.871,50.9264,51.4416,2687.4988459542724,0
GPP,D,20230616,000000,51.871,51.9569,51.184,51.7851,9095.343797984884,0
GPP,D,20230619,000000,50.1534,52.3862,50.1534,51.5275,669.5458563361074,0
GPP,D,20230620,000000,51.871,51.871,50.7545,50.7545,668.3814287598688,0
GPP,D,20230621,000000,51.5275,51.5275,49.0369,50.8405,79537.390022424,0
GPP,D,20230622,000000,50.8405,51.0122,48.9511,50.6686,70977.682909508,0
GPP,D,20230623,000000,50.6686,50.6686,49.2088,49.5523,689.3411251321305,0
GPP,D,20230626,000000,50.8405,50.8405,48.0923,48.8652,4727.575959521027,0
GPP,D,20230627,000000,49.2946,50.3252,49.1228,49.3804,3733.154809414865,0
GPP,D,20230628,000000,50.2393,50.2393,49.4663,50.1534,4019.603993169077,0
GPP,D,20230629,000000,50.506,51.123,49.6245,49.6245,2512.960324050127,0
GPP,D,20230630,000000,50.2415,50.2415,47.1565,49.5364,5058.821708776306,0
GPP,D,20230703,000000,49.5364,51.6517,49.1838,51.2993,68596.44247089983,0
GPP,D,20230704,000000,51.3873,53.2384,51.3873,52.0926,13374.848424482023,0
GPP,D,20230705,000000,52.8859,52.8859,49.0075,51.123,109902.02237068133,0
GPP,D,20230706,000000,50.4178,51.123,50.2415,50.2415,34593.76352186793,0
GPP,D,20230707,000000,50.2415,51.4755,50.2415,50.8585,1639.3804371342817,0
GPP,D,20230710,000000,50.8585,50.8585,49.3601,49.3601,23086.33392058545,0
GPP,D,20230711,000000,50.0653,51.123,49.8008,49.8008,1476.009653087682,0
GPP,D,20230712,000000,49.8008,49.8008,47.8617,48.4787,51521.92649936283,0
GPP,D,20230713,000000,48.4787,49.3601,48.4787,48.9194,24047.27179619277,0
GPP,D,20230714,000000,48.9194,49.272,47.6854,49.1838,19269.810882163718,0
GPP,D,20230717,000000,49.6245,49.6245,47.5972,48.7431,8148.117854324159,0
GPP,D,20230718,000000,48.7431,49.0957,47.8617,48.5668,1266.1235763611476,0
GPP,D,20230719,000000,49.0957,49.0957,47.7735,47.7735,15929.785963876797,0
GPP,D,20230720,000000,48.2143,48.3025,45.8344,45.9225,30970.10877016677,0
GPP,D,20230721,000000,45.9225,48.4787,45.7462,47.1565,33892.63057366727,0
GPP,D,20230724,000000,48.4787,49.272,48.2143,48.9194,8907.111288540655,0
GPP,D,20230725,000000,48.1262,49.9771,48.1262,49.3601,6532.562323196674,0
GPP,D,20230726,000000,49.9771,49.9771,48.5668,49.5364,6271.622876455578,0
GPP,D,20230727,000000,49.5364,50.0653,48.9194,49.8008,4522.194063956572,0
GPP,D,20230728,000000,50.2415,51.4755,50.2415,50.7704,18724.107082673956,0
GPP,D,20230731,000000,50.8585,52.8859,50.2415,52.0926,11652.648075990126,0
GPP,D,20230801,000000,52.0926,53.7673,52.0926,52.8859,42783.85859153662,0
GPP,D,20230802,000000,52.8859,54.5605,52.5333,54.5605,7450.38846412514,0
GPP,D,20230803,000000,54.5605,54.5605,52.8859,52.8859,12213.100626817535,0
GPP,D,20230804,000000,52.0044,54.0317,52.0044,53.8554,11812.615302036524,0
GPP,D,20230807,000000,54.6486,54.6486,53.3266,53.6791,21399.303671437687,0
GPP,D,20230808,000000,53.591,53.7673,52.8859,52.8859,13862.69173795451,0
GPP,D,20230809,000000,53.7673,53.7673,52.8859,53.0621,6914.895338639064,0
GPP,D,20230810,000000,53.7673,54.6486,53.4147,53.7673,41995.3676546456,0
GPP,D,20230811,000000,54.4723,54.5605,53.0621,54.0317,17897.042488437717,0
GPP,D,20230814,000000,54.208,54.208,52.1807,53.591,14048.752908674027,0
GPP,D,20230816,000000,53.7673,53.7673,52.5333,53.1503,14790.728552885448,0
GPP,D,20230817,000000,53.1503,53.7673,52.2688,52.2688,24671.257429704085,0
GPP,D,20230818,000000,52.4451,53.5029,52.4451,53.5029,8498.684328424155,0
GPP,D,20230821,000000,52.4451,53.591,52.1807,53.2384,12169.98889213791,0
GPP,D,20230822,000000,53.0621,55.1775,52.974,55.1775,7676.157811522871,0
GPP,D,20230823,000000,55.1775,56.9405,53.2384,54.3842,12324.283521515474,0
GPP,D,20230824,000000,54.0317,55.4419,52.974,54.2962,27484.865377173304,0
GPP,D,20230825,000000,54.2962,54.2962,52.4451,52.6214,7715.865988200865,0
GPP,D,20230828,000000,52.6214,54.6486,51.8281,53.0621,6636.938101893113,0
GPP,D,20230829,000000,53.1503,54.6486,51.0348,51.5636,22031.230940284495,0
GPP,D,20230830,000000,52.7096,52.7096,48.8312,51.123,33706.56940294775,0
GPP,D,20230831,000000,52.6214,56.1472,52.0044,55.7946,452101.416384956,0
GPP,D,20230901,000000,55.9709,61.7001,55.5301,59.9374,128239.2583605808,0
GPP,D,20230904,000000,61.7001,61.7001,58.8795,60.378,74148.78008981668,0
GPP,D,20230905,000000,61.1713,61.1713,59.7611,59.9374,4865.953422054625,0
GPP,D,20230906,000000,59.9374,60.378,58.6151,59.9374,35969.93547359281,0
GPP,D,20230907,000000,54.4723,54.4723,50.2415,50.2415,192023.06981810962,0
GPP,D,20230908,000000,51.123,52.8859,50.2415,51.5636,53899.879022708,0
GPP,D,20230911,000000,52.1807,52.4451,51.2111,51.7399,14221.199847389222,0
GPP,D,20230912,000000,51.5636,51.5636,50.2415,50.2415,12946.000116359039,0
GPP,D,20230913,000000,50.7704,52.0044,49.9771,50.0653,25643.54049864798,0
GPP,D,20230914,000000,50.7704,51.8281,49.7127,51.4755,15679.057191138943,0
GPP,D,20230915,000000,52.2688,52.2688,50.7704,50.7704,31582.74921034152,0
GPP,D,20230918,000000,50.6823,52.0044,50.506,51.123,16085.215112587688,0
GPP,D,20230919,000000,50.9467,52.2688,50.9467,51.5636,44971.21186682787,0
GPP,D,20230920,000000,51.5636,53.3266,51.5636,52.7096,52992.263555782454,0
GPP,D,20230921,000000,52.8859,52.8859,51.9163,52.0044,7075.997084018349,0
GPP,D,20230922,000000,52.8859,52.8859,51.5636,51.6517,6116.193727744576,0
GPP,D,20230925,000000,51.123,52.357,50.506,50.8585,17259.442622923176,0
GPP,D,20230926,000000,51.4755,51.4755,49.8008,50.1534,10316.184300942577,0
GPP,D,20230927,000000,50.6823,51.3873,49.4483,50.3297,14022.658963999806,0
GPP,D,20230928,000000,50.3297,50.6823,48.9194,49.272,8091.391887641313,0
GPP,D,20230929,000000,49.272,52.357,49.272,50.2415,34582.418328531356,0
GPP,D,20231002,000000,50.2415,52.0926,50.2415,51.123,22888.927556528262,0
GPP,D,20231003,000000,51.123,52.7977,50.6823,51.6517,16527.677652713894,0
GPP,D,20231004,000000,52.7977,52.7977,50.7704,50.7704,1629.169763131369,0
GPP,D,20231005,000000,51.0348,52.2688,50.5941,50.5941,16636.591508745183,0
GPP,D,20231006,000000,51.0348,51.123,49.5364,49.5364,2627.546776749479,0
GPP,D,20231009,000000,49.9771,49.9771,48.9194,49.3601,2491.4044567106457,0
GPP,D,20231010,000000,49.7127,51.2993,49.4483,50.3297,3918.629778451079,0
GPP,D,20231011,000000,50.8585,51.5636,49.5364,49.5364,28466.22460078601,0
GPP,D,20231012,000000,49.5364,49.6245,47.9498,48.4787,98003.18359928777,0
GPP,D,20231013,000000,48.038,48.038,46.7158,46.7158,19226.699147484094,0
GPP,D,20231016,000000,46.8039,47.5972,46.8039,47.3328,9843.089738807632,0
GPP,D,20231017,000000,47.6854,50.2415,47.6854,49.3601,16512.928901376246,0
GPP,D,20231018,000000,48.4787,51.123,48.4787,50.2415,21317.618279413946,0
GPP,D,20231019,000000,50.2415,53.1503,49.9771,51.123,59670.04435368634,0
GPP,D,20231020,000000,52.7096,52.7096,50.2415,50.5941,5367.410967530995,0
GPP,D,20231023,000000,50.4178,50.7704,50.2415,50.2415,7078.2661226856635,0
GPP,D,20231024,000000,50.2415,52.5333,50.2415,51.9163,134872.79290447503,0
GPP,D,20231025,000000,52.5333,53.0621,51.2111,51.2993,2380.2215620122647,0
GPP,D,20231026,000000,51.9163,52.8859,51.2993,52.0926,2023.9824912439854,0
GPP,D,20231027,000000,52.8859,52.8859,51.123,51.123,3960.606993796386,0
GPP,D,20231030,000000,51.2111,52.7096,51.2111,51.6517,1556.560525777325,0
GPP,D,20231031,000000,51.6517,52.0926,51.2111,52.0044,12999.322525040805,0
GPP,D,20231102,000000,52.0044,52.6214,51.5636,52.0044,3487.5124316614406,0
GPP,D,20231103,000000,52.7096,52.7096,51.3873,52.0926,3248.128852259826,0
GPP,D,20231106,000000,52.1807,53.2384,51.2993,52.974,12888.139630342865,0
GPP,D,20231107,000000,53.1503,53.1503,52.4451,52.8859,1783.4643925087134,0
GPP,D,20231108,000000,53.1503,53.1503,52.4451,52.6214,15698.344019811002,0
GPP,D,20231109,000000,53.1503,53.3266,52.0926,53.3266,14463.986984792688,0
GPP,D,20231110,000000,53.3266,53.3266,52.8859,52.8859,2912.311129497371,0
GPP,D,20231113,000000,53.5029,53.591,52.7096,52.8859,7540.015491484039,0
GPP,D,20231114,000000,53.0621,57.6455,52.7096,56.2353,13617.635561884388,0
GPP,D,20231115,000000,56.2353,56.2353,53.9436,55.3538,4399.665975921622,0
GPP,D,20231116,000000,55.3538,55.4419,54.3842,54.5605,10015.536677523487,0
GPP,D,20231117,000000,54.7368,54.7368,53.0621,53.7673,45184.501501554936,0
GPP,D,20231120,000000,53.7673,53.8554,53.0621,53.7673,3885.7287177750272,0
GPP,D,20231121,000000,53.7673,53.7673,52.7977,53.6791,2030.789607245927,0
GPP,D,20231122,000000,54.1199,54.208,52.974,54.208,5902.90409301707,0
GPP,D,20231123,000000,54.208,54.208,52.1807,52.357,18068.354907820685,0
GPP,D,20231124,000000,52.7977,52.7977,51.3873,51.5636,3737.1066850659677,0
GPP,D,20231127,000000,51.8281,52.0044,49.4483,50.8585,5623.8123369374625,0
GPP,D,20231128,000000,51.9163,51.9163,49.889,50.6823,13174.038502424855,0
GPP,D,20231129,000000,51.0348,51.2111,49.9771,50.6823,6015.2215070491075,0
GPP,D,20231130,000000,50.3297,50.6823,48.655,48.655,8598.522029785965,0
GPP,D,20231201,000000,49.0075,51.123,48.1262,50.6823,16797.693254124908,0
GPP,D,20231204,000000,50.6823,52.6214,49.3601,50.5941,3090.430664881511,0
GPP,D,20231205,000000,50.2415,51.123,49.5364,51.123,24437.54644697054,0
GPP,D,20231206,000000,51.123,51.123,50.3297,50.8585,21010.163539993246,0
GPP,D,20231207,000000,50.8585,51.123,50.0653,50.6823,39364.41731989482,0
GPP,D,20231208,000000,50.6823,51.3873,50.2415,51.0348,23482.28116803095,0
GPP,D,20231211,000000,51.0348,51.9163,50.6823,51.4755,20057.167299721412,0
GPP,D,20231212,000000,51.9163,52.0044,51.123,51.5636,6864.976487958158,0
GPP,D,20231213,000000,52.0926,52.0926,50.6823,51.3873,15562.20169977217,0
GPP,D,20231214,000000,51.5636,52.0926,51.3873,52.0044,9797.708965461356,0
GPP,D,20231215,000000,52.0044,54.6486,52.0044,53.7673,72389.14060331507,0
GPP,D,20231218,000000,52.974,53.2384,51.2993,52.8859,14377.763515434539,0
GPP,D,20231219,000000,53.3266,53.6791,51.2993,51.6517,84293.65197137749,0
GPP,D,20231220,000000,52.0044,52.7977,50.7704,52.1807,31099.443974204547,0
GPP,D,20231221,000000,52.1807,53.5029,52.1807,53.0621,17080.188568205816,0
GPP,D,20231222,000000,53.0621,53.591,52.7977,52.8859,7719.269546201836,0
GPP,D,20231227,000000,52.6214,53.6791,52.0044,52.7977,10937.900895786583,0
GPP,D,20231228,000000,52.7977,52.8859,52.0926,52.8859,3551.0455143462295,0
GPP,D,20231229,000000,52.357,54.6486,51.2111,54.6486,20206.923851763466,0
GPP,D,20240102,000000,54.6486,54.6486,52.2688,52.5333,5325.433752185688,0
GPP,D,20240103,000000,52.8859,53.7673,52.5333,52.974,5842.774568333253,0
GPP,D,20240104,000000,53.1503,53.1503,52.4451,52.7096,10041.630622197596,0
GPP,D,20240105,000000,53.2384,53.591,52.1807,53.0621,2027.3860492449562,0
GPP,D,20240108,000000,52.4451,52.7096,52.4451,52.4451,2318.9575179947906,0
GPP,D,20240109,000000,53.2384,53.591,52.974,53.591,27457.636913165763,0
GPP,D,20240110,000000,53.6791,53.6791,53.591,53.6791,593.3536115025807,0
GPP,D,20240111,000000,53.7673,53.8554,53.3266,53.7673,2999.6691181889555,0
GPP,D,20240112,000000,53.6791,53.6791,52.6214,52.6214,2543.592346058865,0
GPP,D,20240115,000000,52.8859,53.7673,52.5333,52.6214,2223.6578939676074,0
GPP,D,20240116,000000,52.6214,52.7977,52.5333,52.6214,1870.8223812002982,0
GPP,D,20240117,000000,53.591,53.591,52.4451,52.7096,2781.8414061268227,0
GPP,D,20240118,000000,52.6214,53.591,52.6214,52.8859,48534.73709384399,0
GPP,D,20240119,000000,52.8859,53.6791,52.8859,53.6791,534.3586061524198,0
GPP,D,20240122,000000,53.6791,53.7673,53.0621,53.4147,29180.971780989883,0
GPP,D,20240123,000000,53.6791,54.0317,53.4147,53.7673,90700.28264853812,0
GPP,D,20240124,000000,53.7673,53.7673,53.2384,53.7673,77206.30969402268,0
GPP,D,20240125,000000,53.9436,53.9436,53.4147,53.4147,39007.04372979343,0
GPP,D,20240126,000000,53.9436,54.0317,53.2384,54.0317,1068.7172123048397,0
GPP,D,20240129,000000,54.0317,54.0317,53.4147,53.5029,363.0461867702216,0
GPP,D,20240130,000000,53.1503,56.7642,52.974,53.7673,18990.719126083888,0
GPP,D,20240131,000000,53.8554,56.2353,53.8554,55.5301,11574.366241968566,0
GPP,D,20240201,000000,55.5301,55.9709,54.6486,54.6486,26834.785798987767,0
GPP,D,20240202,000000,54.6486,55.3538,53.8554,53.8554,435.65542412426583,0
GPP,D,20240205,000000,54.1199,55.0012,54.1199,54.1199,572.9322634967559,0
GPP,D,20240206,000000,54.8249,56.5879,54.3842,56.5879,4513.117909287316,0
GPP,D,20240207,000000,56.4116,57.2929,55.1775,56.059,7298.362873415111,0
GPP,D,20240208,000000,56.059,56.8523,55.3538,56.4116,24927.658799110777,0
GPP,D,20240209,000000,56.5879,57.2929,54.8249,54.8249,3790.429093747844,0
GPP,D,20240212,000000,54.8249,54.8249,54.208,54.3842,146.35299404174557,0
GPP,D,20240213,000000,54.3842,55.3538,54.1199,55.3538,3942.454684457875,0
GPP,D,20240214,000000,55.5301,55.5301,53.7673,54.0317,2400.64291001809,0
GPP,D,20240215,000000,54.0317,55.5301,53.5029,53.7673,17914.060278443118,0
GPP,D,20240216,000000,53.9436,54.6486,53.7673,53.9436,7517.3251048109005,0
GPP,D,20240219,000000,53.9436,55.3538,53.8554,55.3538,1289.9484823679434,0
GPP,D,20240220,000000,55.4419,55.4419,53.7673,53.8554,5361.738370862709,0
GPP,D,20240221,000000,53.8554,55.1775,53.8554,53.8554,2581.0314840695437,0
GPP,D,20240222,000000,53.9436,54.208,53.7673,53.8554,9725.09972810731,0
GPP,D,20240223,000000,53.8554,54.1199,53.7673,53.8554,12353.781024190774,0
GPP,D,20240226,000000,53.7673,55.1775,53.7673,55.1775,2155.58673394819,0
GPP,D,20240227,000000,55.1775,55.5301,54.3842,54.3842,2215.7162586320082,0
GPP,D,20240228,000000,53.9436,55.4419,53.9436,55.4419,1843.5939171925313,0
GPP,D,20240229,000000,55.2656,56.8523,54.8249,56.4116,3374.0604982957466,0
GPP,D,20240301,000000,56.4116,57.0286,56.4116,57.0286,3625.9237903675876,0
GPP,D,20240304,000000,57.0286,57.0286,55.3538,55.5301,946.1891242698898,0
GPP,D,20240305,000000,57.0286,57.0286,54.3842,55.7065,9307.596613321553,0
GPP,D,20240306,000000,55.7065,57.1168,55.7065,56.4116,1178.765587669563,0
GPP,D,20240307,000000,56.4116,56.8523,54.8249,56.8523,1554.2914871100108,0
GPP,D,20240308,000000,57.1168,57.1168,55.0894,56.4116,1378.440990393185,0
GPP,D,20240311,000000,56.4116,57.4692,56.2353,57.4692,4636.780516655924,0
GPP,D,20240312,000000,57.2929,57.7337,56.8523,56.8523,19727.022173626476,0
GPP,D,20240313,000000,57.7337,58.3507,56.7642,57.6455,2463.041473369222,0
GPP,D,20240314,000000,58.527,58.6151,57.1168,57.9981,7284.748641411227,0
GPP,D,20240315,000000,58.3507,61.7001,57.5574,61.7001,7444.715867456856,0
GPP,D,20240318,000000,59.3203,60.1136,59.0558,59.9374,21187.14855604285,0
GPP,D,20240319,000000,59.2321,59.4084,57.2929,58.1744,9282.637187981101,0
GPP,D,20240320,000000,58.6151,59.0558,56.9405,57.2929,9172.588812616379,0
GPP,D,20240321,000000,58.1744,58.7914,57.7337,58.4388,2835.163814808699,0
GPP,D,20240322,000000,57.7337,58.527,57.7337,58.527,859.9656549119624,0
GPP,D,20240325,000000,58.6151,58.6151,57.5574,57.5574,14420.875250113064,0
GPP,D,20240326,000000,57.7337,58.6151,57.1168,58.6151,10619.100963028981,0
GPP,D,20240327,000000,58.7032,58.7032,57.2929,57.4692,54790.476699628154,0
GPP,D,20240328,000000,57.7337,59.4084,57.6455,59.4084,1312.6388690410824,0
GPP,D,20240402,000000,59.144,59.7611,55.2656,56.4997,8763.027333166223,0
GPP,D,20240403,000000,56.4116,59.0558,56.2353,57.2929,3570.3323430183973,0
GPP,D,20240404,000000,57.8218,59.6729,57.8218,59.6729,23303.027113313594,0
GPP,D,20240405,000000,59.6729,59.6729,53.7673,59.4084,17647.448235034288,0
GPP,D,20240408,000000,59.8492,60.1136,59.2321,59.2321,7608.086651503455,0
GPP,D,20240409,000000,59.9374,59.9374,59.0558,59.2321,27820.68309993598,0
GPP,D,20240410,000000,59.2321,59.9374,59.2321,59.9374,40368.46693018176,0
GPP,D,20240411,000000,58.7032,59.4965,57.4692,59.0558,2514.0948433837843,0
GPP,D,20240412,000000,59.4965,59.4965,57.4692,57.7337,3451.2078129844185,0
GPP,D,20240415,000000,57.7337,58.7032,57.0286,57.0286,5388.966834870475,0
GPP,D,20240416,000000,56.8523,57.7337,56.4116,56.8523,27139.971499741816,0
GPP,D,20240417,000000,58.1744,58.1744,57.0286,57.4692,40144.96662145146,0
GPP,D,20240418,000000,57.7337,57.7337,56.8523,57.5574,23081.795843249944,0
GPP,D,20240419,000000,57.2929,57.2929,56.2353,56.4116,27355.530173136634,0
GPP,D,20240422,000000,55.5301,56.5879,55.5301,56.2353,20727.668225912337,0
GPP,D,20240423,000000,56.8523,56.8523,56.059,56.2353,29009.659361608017,0
GPP,D,20240424,000000,55.9709,56.5879,55.9709,56.5879,23562.832040721365,0
GPP,D,20240425,000000,56.8523,56.8523,53.4147,55.0894,10005.326003520575,0
GPP,D,20240426,000000,55.5301,55.5301,53.4147,53.7673,1431.7633990750614,0
GPP,D,20240429,000000,54.6486,54.8249,53.7673,54.208,10788.144343743865,0
GPP,D,20240430,000000,54.208,55.5301,54.208,54.4723,23879.362934810884,0
GPP,D,20240502,000000,54.8249,55.0894,54.6486,55.0894,32531.207373278943,0
GPP,D,20240506,000000,55.0894,56.059,54.5605,55.9709,162429.13299966333,0
GPP,D,20240507,000000,56.1472,56.1472,55.4419,55.5301,25707.07358133299,0
GPP,D,20240508,000000,55.5301,56.4997,55.0894,55.9709,78229.64613298058,0
GPP,D,20240509,000000,56.3235,56.4116,55.9709,56.3235,2451.6962800326523,0
GPP,D,20240510,000000,56.4997,56.4997,55.5301,55.9709,50348.83350836177,0
GPP,D,20240513,000000,55.9709,56.1472,51.3873,55.0894,13112.774458406499,0
GPP,D,20240514,000000,55.0894,55.7065,55.0894,55.4419,8839.04012852124,0
GPP,D,20240515,000000,55.9709,55.9709,54.6486,55.0894,50893.4027885171,0
GPP,D,20240516,000000,55.5301,55.5301,54.5605,55.0012,8281.99113569568,0
GPP,D,20240517,000000,55.0012,55.2656,54.5605,55.0894,9730.772324775593,0
GPP,D,20240520,000000,55.0894,55.1775,54.208,54.6486,108005.1060448076,0
GPP,D,20240521,000000,54.8249,54.8249,54.3842,54.4723,20421.34800582496,0
GPP,D,20240522,000000,54.8249,55.5301,54.208,54.7368,84432.06333008298,0
GPP,D,20240523,000000,55.5301,56.7642,54.0317,56.7642,162358.79280097949,0
GPP,D,20240524,000000,56.7642,56.7642,55.0894,55.3538,2011.5027785737586,0
GPP,D,20240527,000000,55.3538,55.3538,54.3842,55.0894,1188.9762616724756,0
GPP,D,20240528,000000,57.1168,57.1168,54.7368,55.0894,14355.0731287614,0
GPP,D,20240529,000000,55.6182,55.6182,53.8554,55.0012,3163.0399022355555,0
GPP,D,20240531,000000,55.0012,55.0012,53.591,53.7673,2878.2755494876624,0
GPP,D,20240603,000000,53.7673,53.8554,52.0926,53.7673,17470.463218983583,0
GPP,D,20240604,000000,53.7673,54.1199,53.2384,53.6791,66609.89911766684,0
GPP,D,20240605,000000,53.6791,53.8554,52.1807,52.357,8264.973345690825,0
GPP,D,20240606,000000,52.5333,53.591,52.5333,53.0621,770.3386275530638,0
GPP,D,20240607,000000,53.0621,53.2384,52.6214,52.7096,12531.900559574804,0
GPP,D,20240610,000000,52.7096,53.3266,52.6214,52.6214,3773.41130374299,0
GPP,D,20240611,000000,53.3266,53.591,52.6214,52.8859,3815.388519088297,0
GPP,D,20240612,000000,53.0621,54.0317,52.8859,53.4147,43978.50744987749,0
GPP,D,20240613,000000,53.0621,54.7368,53.0621,53.1503,23230.417875959774,0
GPP,D,20240614,000000,53.3266,53.3266,52.2688,52.4451,5634.0230109403765,0
GPP,D,20240617,000000,53.3266,53.6791,52.357,53.6791,3201.6135595798914,0
GPP,D,20240618,000000,53.9436,55.3538,53.2384,55.0894,334595.8454401032,0
GPP,D,20240619,000000,55.0894,56.676,54.5605,56.2353,22416.967513727854,0
GPP,D,20240620,000000,56.7642,58.7032,56.1472,58.7032,9907.757340826078,0
GPP,D,20240621,000000,60.5207,60.7933,55.9771,56.9767,24329.842064021126,0
GPP,D,20240624,000000,58.5215,58.9759,57.0676,58.5215,85563.26428168775,0
GPP,D,20240625,000000,57.2493,58.158,56.8859,57.8854,4134.389462867039,0
GPP,D,20240626,000000,58.6124,58.6124,56.7041,56.7041,6161.417780833791,0
GPP,D,20240627,000000,56.3406,56.7041,55.7953,56.6133,44930.26014889495,0
GPP,D,20240628,000000,56.6133,56.6133,56.2497,56.6133,1069.6370928684487,0
GPP,D,20240701,000000,56.6133,56.795,54.8867,55.6136,5625.498784715545,0
GPP,D,20240702,000000,55.5227,55.5227,53.6144,55.2501,15301.75285631253,0
GPP,D,20240703,000000,55.2501,56.6133,55.2501,56.6133,29147.61078066523,0
GPP,D,20240704,000000,56.3406,57.1585,54.5232,55.9771,9255.882292300948,0
GPP,D,20240705,000000,55.4319,56.4314,54.7958,54.7958,4048.554387513398,0
GPP,D,20240708,000000,54.9775,54.9775,54.5232,54.5232,7451.144810506447,0
GPP,D,20240709,000000,54.5232,56.3406,54.5232,55.5227,3357.4719859481866,0
GPP,D,20240710,000000,55.2501,55.5227,54.5232,55.5227,1035.5231526637965,0
GPP,D,20240711,000000,54.8867,55.7953,54.6141,55.7953,265.2083738490701,0
GPP,D,20240712,000000,54.7958,55.341,54.7958,54.8867,1962.1017866095103,0
GPP,D,20240715,000000,54.8867,56.3406,54.7049,55.2501,4616.386424468254,0
GPP,D,20240716,000000,54.7049,55.4319,54.3414,55.4319,13447.495138737082,0
GPP,D,20240717,000000,55.4319,56.3406,51.797,54.7049,5124.794178485972,0
GPP,D,20240718,000000,56.2497,56.3406,54.5232,56.3406,27369.28409128723,0
GPP,D,20240719,000000,56.3406,56.3406,54.2506,55.7953,9230.571949568466,0
GPP,D,20240722,000000,55.8862,56.3406,55.2501,56.3406,1541.7300073134738,0
GPP,D,20240723,000000,56.3406,56.3406,54.1597,56.2497,950.7885269941766,0
GPP,D,20240724,000000,55.7953,55.7953,53.8871,55.4319,5009.246961663764,0
GPP,D,20240725,000000,54.5232,54.5232,52.8875,54.1597,4481.031113333665,0
GPP,D,20240726,000000,54.5232,54.5232,52.524,54.1597,3839.4689475494006,0
GPP,D,20240729,000000,54.1597,54.7958,53.4327,53.8871,2982.2186436970123,0
GPP,D,20240730,000000,54.5232,54.5232,52.524,53.3418,1517.520114265011,0
GPP,D,20240731,000000,53.3418,54.5232,52.524,52.9783,6467.342792991639,0
GPP,D,20240801,000000,53.5235,53.5235,52.524,52.7966,7145.219798348598,0
GPP,D,20240802,000000,53.1601,53.6144,51.797,51.797,42891.126884403966,0
GPP,D,20240805,000000,51.8879,52.2514,49.4343,50.8882,16508.946159683608,0
GPP,D,20240806,000000,50.8882,52.7057,50.7065,51.797,9383.53445564739,0
GPP,D,20240807,000000,51.797,52.6148,51.3427,52.2514,7786.781964132863,0
GPP,D,20240808,000000,51.797,51.797,49.9796,50.4339,6758.961959257214,0
GPP,D,20240809,000000,50.6156,50.8882,49.9796,49.9796,72500.92653235803,0
GPP,D,20240812,000000,50.343,50.8882,49.9796,50.7974,40845.39092180886,0
GPP,D,20240813,000000,50.8882,50.8882,50.1613,50.7065,267.4092732171122,0
GPP,D,20240814,000000,50.7974,50.7974,50.1613,50.7065,34398.95667281362,0
GPP,D,20240816,000000,50.7065,50.8882,49.9796,50.343,172176.35756193157,0
GPP,D,20240819,000000,50.343,52.524,50.343,52.0696,4293.9546670500895,0
GPP,D,20240820,000000,51.797,54.7958,51.797,53.3418,5994.149428862593,0
GPP,D,20240821,000000,53.3418,53.3418,51.7062,52.1605,4989.438867351385,0
GPP,D,20240822,000000,52.1605,52.7966,50.5248,50.5248,10794.310950562358,0
GPP,D,20240823,000000,51.3427,52.7057,50.5248,50.8882,20851.320612830623,0
GPP,D,20240826,000000,50.8882,50.8882,50.5248,50.8882,4066.1615824577348,0
GPP,D,20240827,000000,50.8882,51.2518,49.4343,49.5252,10730.48486888914,0
GPP,D,20240828,000000,50.1613,50.8882,48.7983,50.8882,1232.5036461035622,0
GPP,D,20240829,000000,49.9796,51.7062,48.98,49.5252,4253.238028741311,0
GPP,D,20240830,000000,49.6161,49.9796,48.7074,48.98,18620.70910331998,0
GPP,D,20240902,000000,49.4343,50.4339,49.1617,49.4343,4507.441905750171,0
GPP,D,20240903,000000,49.8887,49.8887,47.8895,48.4348,33415.154655298815,0
GPP,D,20240904,000000,48.1621,48.7983,47.7986,48.4348,10029.498420167738,0
GPP,D,20240905,000000,48.4348,48.98,47.2534,47.2534,8800.296123116239,0
GPP,D,20240906,000000,47.2534,47.2534,46.3447,46.3447,4278.548371473795,0
GPP,D,20240909,000000,46.7991,47.1625,45.2542,46.163,4461.223019021287,0
GPP,D,20240910,000000,45.9812,48.1621,45.8904,47.7986,5450.5272849562,0
GPP,D,20240911,000000,47.7986,48.4348,46.5264,47.2534,47945.492283112595,0
GPP,D,20240912,000000,47.3443,48.0712,47.2534,47.7077,30873.115885210213,0
GPP,D,20240913,000000,47.2534,48.1621,46.8899,48.1621,4182.809248963964,0
GPP,D,20240916,000000,48.253,48.98,48.253,48.98,2610.2666504979015,0
GPP,D,20240917,000000,48.8891,49.6161,48.8891,49.1617,2342.8573772807895,0
GPP,D,20240918,000000,49.3435,50.1613,48.3439,48.3439,57630.54995218175,0
GPP,D,20240919,000000,48.8891,50.1613,48.1621,48.4348,2995.4240399052646,0
GPP,D,20240920,000000,49.7978,49.7978,47.8895,48.6165,4854.083556216798,0
GPP,D,20240923,000000,48.98,48.98,46.7991,48.1621,64040.66936160429,0
GPP,D,20240924,000000,48.253,49.0709,47.7986,48.3439,15263.237117371793,0
GPP,D,20240925,000000,48.3439,49.0709,48.0712,48.7983,45240.58695978888,0
GPP,D,20240926,000000,49.4343,49.7978,48.7074,48.8891,3813.0581551328955,0
GPP,D,20240927,000000,48.8891,49.8887,48.8891,49.8887,465.490216340899,0
GPP,D,20240930,000000,49.0709,49.8887,48.98,49.1617,8031.081793985533,0
GPP,D,20241001,000000,49.3435,49.3435,47.9803,48.1621,22828.82869501643,0
GPP,D,20241002,000000,48.7983,48.7983,46.9808,48.4348,6667.624635483468,0
GPP,D,20241003,000000,48.6165,48.6165,47.7986,48.1621,1158.7735172741527,0
GPP,D,20241004,000000,48.1621,48.1621,47.7077,47.7077,619.5531721038443,0
GPP,D,20241007,000000,47.7077,50.5248,47.2534,50.5248,52222.94020490237,0
GPP,D,20241008,000000,50.343,50.343,48.6165,48.98,725.1963417698639,0
GPP,D,20241009,000000,48.98,50.6156,48.98,50.6156,3603.972715168899,0
GPP,D,20241010,000000,50.6156,50.6156,49.1617,49.5252,3973.7238089999673,0
GPP,D,20241011,000000,49.8887,50.5248,48.5257,49.0709,148711.46894955097,0
GPP,D,20241014,000000,48.7074,49.0709,48.7074,49.0709,987.1033665668708,0
GPP,D,20241015,000000,49.4343,49.4343,48.7074,48.7074,100115.61090318195,0
GPP,D,20241016,000000,49.0709,50.7065,48.4348,49.0709,56459.67148838336,0
GPP,D,20241017,000000,49.0709,50.6156,48.7074,49.0709,75836.38952462579,0
GPP,D,20241018,000000,49.1617,49.1617,48.7074,49.0709,90381.03299833185,0
GPP,D,20241021,000000,49.0709,50.6156,48.8891,50.6156,4048.554387513398,0
GPP,D,20241022,000000,50.6156,50.6156,49.5252,50.1613,166434.2111107098,0
GPP,D,20241023,000000,50.1613,50.1613,49.3435,49.7069,25367.566116052963,0
GPP,D,20241024,000000,50.4339,50.4339,49.0709,49.7069,711.9909455616114,0
GPP,D,20241025,000000,49.9796,49.9796,48.6165,48.6165,2424.290653898346,0
GPP,D,20241028,000000,48.6165,48.6165,46.7991,46.9808,4877.19299958124,0
GPP,D,20241029,000000,46.7991,46.9808,45.7086,45.8904,19032.27728514385,0
GPP,D,20241030,000000,46.163,47.0717,45.8904,45.9812,12361.351300608316,0
GPP,D,20241031,000000,46.3447,46.7082,45.4359,46.7082,5415.312895067526,0
GPP,D,20241104,000000,47.2534,48.253,46.7082,46.7991,1832.2487238950278,0
GPP,D,20241105,000000,46.7991,48.253,46.7991,47.2534,1662.779472555788,0
GPP,D,20241106,000000,47.7077,49.5252,47.7077,49.5252,4398.497387032087,0
GPP,D,20241107,000000,49.5252,49.9796,48.6165,49.5252,11150.856648185176,0
GPP,D,20241108,000000,49.4343,49.8887,48.7983,49.0709,211106.96603354384,0
GPP,D,20241112,000000,49.5252,49.7978,48.3439,49.4343,6284.668145444147,0
GPP,D,20241113,000000,49.5252,49.5252,48.6165,49.3435,9335.114669550465,0
GPP,D,20241114,000000,49.5252,50.8882,48.98,50.8882,7536.979885860087,0
GPP,D,20241115,000000,50.7974,51.7062,49.7978,51.3427,5691.525765756807,0
GPP,D,20241118,000000,51.4336,51.9788,50.4339,51.1609,1689.1902649722929,0
GPP,D,20241119,000000,51.1609,52.6148,47.7077,49.1617,7031.873480894431,0
GPP,D,20241120,000000,51.6153,51.6153,47.7077,48.8891,3027.337080741875,0
GPP,D,20241121,000000,49.0709,50.4339,48.7983,49.9796,1853.1572678914276,0
GPP,D,20241122,000000,49.9796,52.6148,49.8887,51.6153,16149.09911300873,0
GPP,D,20241125,000000,52.4331,52.4331,50.7974,52.1605,12668.376762450187,0
GPP,D,20241126,000000,51.6153,51.7062,51.5244,51.7062,367.5501944630266,0
GPP,D,20241127,000000,51.7062,51.797,49.5252,49.5252,49058.04691365787,0
GPP,D,20241128,000000,49.5252,51.6153,45.5269,48.8891,4185.010148332007,0
GPP,D,20241129,000000,48.8891,51.5244,48.8891,50.8882,106056.93874721155,0
GPP,D,20241202,000000,50.8882,52.7057,50.1613,52.7057,50918.90732933744,0
GPP,D,20241203,000000,52.8875,53.978,52.2514,53.6144,40247.84674338543,0
GPP,D,20241204,000000,53.6144,55.0684,52.7966,54.4323,75129.90082748429,0
GPP,D,20241205,000000,54.5232,56.1588,54.3414,55.4319,40677.02212015363,0
GPP,D,20241206,000000,55.4319,55.4319,54.7049,55.341,979.4002187787236,0
GPP,D,20241209,000000,55.7953,56.6133,55.7045,56.068,33160.95077828995,0
GPP,D,20241210,000000,56.068,56.3406,55.7953,56.3406,21723.977212259306,0
GPP,D,20241211,000000,56.3406,57.7037,56.3406,57.2493,40157.60986929571,0
GPP,D,20241212,000000,57.7037,57.9763,56.3406,57.8854,94993.01762406403,0
GPP,D,20241213,000000,58.158,59.0667,57.8854,58.6124,15880.589390107596,0
GPP,D,20241216,000000,58.6124,58.6124,55.2501,55.4319,11782.51476681325,0
GPP,D,20241217,000000,55.0684,55.4319,54.6141,54.8867,4549.258993742969,0
GPP,D,20241218,000000,55.341,55.341,53.7053,54.7958,3865.8797399659056,0
GPP,D,20241219,000000,55.341,55.341,53.3418,53.3418,2069.945855643572,0
GPP,D,20241220,000000,53.3418,53.3418,50.7974,52.3422,4259.8407268454375,0
GPP,D,20241223,000000,51.6153,52.9783,51.6153,52.1605,1156.5726179061107,0
GPP,D,20241227,000000,50.8882,53.0692,50.8882,52.0696,10863.639280655685,0
GPP,D,20241230,000000,52.7966,53.1601,51.797,51.9788,24623.662129654742,0
GPP,D,20250102,000000,51.8879,53.978,51.8879,53.7962,45860.14013189273,0
GPP,D,20250103,000000,53.7962,58.158,53.7962,55.4319,18501.860537445707,0
GPP,D,20250107,000000,55.8862,56.4314,52.2514,54.0688,42880.12238756376,0
GPP,D,20250108,000000,54.5232,56.2497,53.3418,54.0688,1021.217306771523,0
GPP,D,20250109,000000,53.978,53.978,52.8875,53.6144,198.0809431237868,0
GPP,D,20250110,000000,52.9783,53.978,52.9783,53.6144,3572.0596743322885,0
GPP,D,20250113,000000,53.6144,53.6144,52.4331,52.7057,9200.859808099896,0
GPP,D,20250114,000000,52.6148,54.4323,51.5244,51.5244,3773.441966508138,0
GPP,D,20250115,000000,51.5244,53.1601,51.5244,52.9783,7738.362178035938,0
GPP,D,20250116,000000,53.4327,53.6144,50.5248,50.5248,2154.6804813131916,0
GPP,D,20250117,000000,51.0701,51.797,47.9803,48.7983,53485.1559924745,0
GPP,D,20250120,000000,49.0709,50.6156,47.2534,47.9803,140323.84145794265,0
GPP,D,20250121,000000,47.8895,50.1613,47.8895,49.9796,11330.229946680605,0
GPP,D,20250122,000000,49.3435,49.7978,48.7074,48.8891,4633.99361941259,0
GPP,D,20250123,000000,49.0709,49.9796,48.6165,49.9796,287515.58939386054,0
GPP,D,20250124,000000,49.9796,52.0696,49.9796,50.7974,6086.58720232036,0
GPP,D,20250127,000000,49.9796,49.9796,48.8891,48.98,2660.887335962869,0
GPP,D,20250128,000000,49.4343,49.9796,49.0709,49.6161,21944.067149063514,0
GPP,D,20250129,000000,49.6161,51.0701,49.0709,50.9791,2862.269628138719,0
GPP,D,20250130,000000,50.8882,50.8882,49.5252,49.8887,2187.6939718338226,0
GPP,D,20250131,000000,50.4339,50.7065,49.6161,50.5248,68718.68096837772,0
GPP,D,20250203,000000,50.7065,50.8882,50.0704,50.8882,2394.5785124297786,0
GPP,D,20250204,000000,50.8882,51.0701,50.5248,50.6156,18599.80055932358,0
GPP,D,20250205,000000,51.0701,51.797,50.2522,51.797,163141.66565611883,0
GPP,D,20250206,000000,51.6153,53.1601,51.3427,52.7966,54254.3703216052,0
GPP,D,20250207,000000,53.1601,53.5235,52.524,52.7057,25501.82097750353,0
GPP,D,20250210,000000,52.7057,54.5232,52.7057,52.7057,6727.0489184206035,0
GPP,D,20250211,000000,52.9783,53.4327,52.7057,52.7966,4652.7012640409475,0
GPP,D,20250212,000000,52.7966,53.3418,52.7057,52.7057,1770.6235415898498,0
GPP,D,20250213,000000,52.9783,53.0692,51.2518,52.2514,3656.7943000019086,0
GPP,D,20250214,000000,52.1605,52.1605,50.7065,51.2518,13688.493619537689,0
GPP,D,20250217,000000,51.5244,51.797,50.343,50.5248,35625.95807049707,0
GPP,D,20250218,000000,50.7974,52.7057,50.7974,51.8879,19778.38217091011,0
GPP,D,20250219,000000,51.8879,53.0692,51.8879,52.6148,2335.154229492642,0
GPP,D,20250220,000000,52.7057,53.4327,52.7057,53.0692,1466.8994288000433,0
GPP,D,20250221,000000,53.0692,54.0688,52.7966,52.7966,18177.2278806595,0
GPP,D,20250224,000000,53.4327,53.4327,52.7057,52.9783,3142.884297564084,0
GPP,D,20250225,000000,53.3418,53.7053,52.3422,52.3422,10186.862724982748,0
GPP,D,20250226,000000,51.1609,52.8875,51.1609,51.4336,48503.420272911266,0
GPP,D,20250227,000000,51.4336,51.5244,51.2518,51.3427,86201.52509841995,0
GPP,D,20250228,000000,50.7065,50.7065,49.4343,49.4343,58064.127127686035,0
GPP,D,20250303,000000,49.2526,51.5244,48.253,49.9796,22098.130104826458,0
GPP,D,20250304,000000,48.5257,49.3435,46.6173,47.7077,119075.25850918042,0
GPP,D,20250305,000000,48.5257,48.6165,47.8895,48.6165,11988.298857725185,0
GPP,D,20250306,000000,48.7074,50.343,48.7074,50.343,13515.723019146386,0
GPP,D,20250307,000000,50.2522,50.2522,49.5252,49.9796,2084.2517015358458,0
GPP,D,20250310,000000,49.9796,50.343,49.6161,50.1613,2030.3296670188147,0
GPP,D,20250311,000000,49.5252,50.1613,48.98,48.98,94741.01464642321,0
GPP,D,20250312,000000,49.0709,49.7069,49.0709,49.3435,31641.2297646569,0
GPP,D,20250313,000000,49.9796,49.9796,49.0709,49.7978,3709.6158848349182,0
GPP,D,20250314,000000,49.7978,49.7978,48.98,48.98,2932.6984079160657,0
GPP,D,20250317,000000,48.98,49.9796,48.98,49.4343,2750.023760368573,0
GPP,D,20250318,000000,49.7978,51.3427,49.4343,51.3427,63213.131199220465,0
GPP,D,20250319,000000,51.2518,51.2518,49.9796,50.5248,11070.52382125164,0
GPP,D,20250320,000000,50.8882,51.0701,49.1617,50.0704,43318.10136180413,0
GPP,D,20250321,000000,50.1613,50.1613,48.6165,49.0709,17126.29843241941,0
GPP,D,20250324,000000,50.2522,54.5232,49.9796,53.5235,35189.07954594072,0
GPP,D,20250325,000000,53.7962,54.9775,52.9783,54.9775,32067.10379237304,0
GPP,D,20250326,000000,55.2501,57.1585,54.9775,55.7045,13943.79794623057,0
GPP,D,20250327,000000,55.2501,55.7045,54.3414,54.5232,25553.542112652518,0
GPP,D,20250328,000000,54.5232,54.5232,53.6144,53.6144,10919.762214540759,0
GPP,D,20250331,000000,55.4319,55.4319,51.9788,52.7966,4550.359443426991,0
GPP,D,20250401,000000,52.7966,54.6141,52.0696,53.4327,17744.751154839232,0
GPP,D,20250402,000000,53.4327,53.5235,52.7057,52.7057,12897.270296726563,0
GPP,D,20250403,000000,52.7057,52.7057,49.1617,49.1617,16108.38247469995,0
GPP,D,20250404,000000,48.98,49.9796,48.6165,48.6165,8533.987299583148,0
GPP,D,20250407,000000,48.6165,48.6165,45.8904,46.0721,21299.203634227186,0
GPP,D,20250408,000000,48.6165,48.98,47.0717,48.5257,5636.503281555755,0
GPP,D,20250409,000000,48.4348,48.7074,47.4351,48.1621,2816.0507414098356,0
GPP,D,20250410,000000,48.6165,51.6153,48.6165,48.98,25283.931940067363,0
GPP,D,20250411,000000,51.3427,51.4336,48.3439,48.3439,2703.80487363969,0
GPP,D,20250414,000000,48.6165,50.4339,48.6165,49.6161,100748.36947149405,0
GPP,D,20250415,000000,49.3435,52.2514,49.3435,50.5248,27575.068182199164,0
GPP,D,20250416,000000,51.0701,51.7062,49.9796,50.9791,42743.66662674515,0
GPP,D,20250417,000000,51.6153,53.5235,50.7974,52.7057,31791.99137136778,0
GPP,D,20250422,000000,52.7057,55.4319,52.7057,53.6144,25097.955943467805,0
GPP,D,20250423,000000,52.0696,54.7049,51.9788,54.2506,15291.848809156341,0
GPP,D,20250424,000000,54.5232,54.5232,52.9783,53.6144,29191.62876802607,0
GPP,D,20250425,000000,54.0688,54.0688,49.9796,52.7966,26576.96031879208,0
GPP,D,20250428,000000,52.9783,54.3414,52.9783,53.6144,18267.464754749228,0
GPP,D,20250429,000000,53.6144,54.7049,52.6148,54.4323,35539.02254545941,0
GPP,D,20250430,000000,54.7049,56.3406,54.2506,55.0684,17474.04053257006,0
GPP,D,20250502,000000,55.0684,57.0676,54.9775,56.4314,30944.64511467158,0
GPP,D,20250505,000000,56.4314,57.7037,56.068,56.7041,15955.419968621025,0
GPP,D,20250506,000000,56.7041,57.0676,56.068,56.8859,19884.025340576132,0
GPP,D,20250507,000000,56.8859,57.0676,54.5232,55.1593,16937.021086767792,0
GPP,D,20250508,000000,55.4319,56.5224,55.4319,56.3406,23454.9845652244,0
GPP,D,20250509,000000,56.6133,58.6124,56.4314,58.2489,24037.122448071525,0
GPP,D,20250512,000000,58.3398,58.9759,57.522,57.8854,13464.001883997398,0
GPP,D,20250513,000000,58.9759,58.9759,57.2493,58.158,12501.10841047899,0
GPP,D,20250514,000000,57.6128,60.6116,57.1585,58.7941,48157.87907212866,0
GPP,D,20250515,000000,59.0667,59.0667,57.7037,58.5215,27426.507474856324,0
GPP,D,20250516,000000,58.5215,58.7941,57.522,57.9763,14814.253646291208,0
GPP,D,20250519,000000,59.0667,59.0667,56.795,57.0676,29712.14146856802,0
GPP,D,20250520,000000,57.7946,57.7946,56.3406,57.2493,24516.9185103047,0
GPP,D,20250521,000000,57.9763,58.0672,56.3406,57.522,19189.641589958854,0
GPP,D,20250522,000000,57.522,58.5215,55.8862,57.2493,62297.55706211497,0
GPP,D,20250523,000000,57.7037,58.158,55.8862,56.068,48151.27637402453,0
GPP,D,20250526,000000,56.4314,58.0672,56.2497,58.0672,9716.970709905765,0
GPP,D,20250527,000000,58.158,60.6116,57.6128,59.9755,85184.70959038452,0
GPP,D,20250528,000000,59.9755,61.3385,59.1576,60.0664,4603.181028260001,0
GPP,D,20250529,000000,60.8842,62.3382,59.9755,61.3385,27220.72338394439,0
GPP,D,20250530,000000,62.0656,63.6104,61.3385,63.6104,18198.136424655902,0
GPP,D,20250602,000000,62.5199,62.9743,61.7929,62.2473,51322.77236337316,0
GPP,D,20250603,000000,62.9743,62.9743,59.9755,61.6111,45229.582462948674,0
GPP,D,20250604,000000,62.6108,62.6108,60.7933,62.1565,5572.677199882535,0
GPP,D,20250605,000000,62.6108,62.6108,59.0667,60.0664,22870.64578300923,0
GPP,D,20250606,000000,59.3394,60.6116,57.3402,58.3398,98232.74149382196,0
GPP,D,20250609,000000,58.7032,58.885,57.6128,58.3398,21482.9787314587,0
GPP,D,20250610,000000,58.5215,58.885,57.8854,58.0672,27491.434006213563,0
GPP,D,20250611,000000,58.4306,58.4306,56.4314,57.2493,26135.67999549965,0
GPP,D,20250612,000000,56.795,58.7941,56.068,58.7941,250176.23116534273,0
GPP,D,20250613,000000,58.7941,58.7941,55.9771,55.9771,9204.16115715196,0
GPP,D,20250616,000000,56.3406,56.795,55.2501,56.068,15593.372022578105,0
GPP,D,20250617,000000,56.1588,56.3406,55.7953,56.3406,5362.491310234517,0
GPP,D,20250618,000000,56.3406,56.795,54.7958,54.8867,33778.30305102575,0
GPP,D,20250620,000000,54.8867,55.4319,53.1601,54.0688,27306.55845929803,0
GPP,D,20250623,000000,54.5232,54.5232,52.7057,53.0692,8897.135695310091,0
GPP,D,20250624,000000,54.7049,56.8859,53.8871,56.3406,6297.8735416524,0
GPP,D,20250625,000000,56.795,56.795,55.8862,55.8862,1178.5816115865314,0
GPP,D,20250626,000000,55.8862,58.0672,55.8862,56.795,8532.886849899127,0
GPP,D,20250627,000000,57.7946,58.885,56.9767,57.7946,4083.7687774020715,0
GPP,D,20250630,000000,57.9763,58.5215,57.2493,57.7037,21014.187166065734,0
GPP,D,20250701,000000,57.7946,58.5215,56.4314,56.7041,27228.426531732537,0
GPP,D,20250702,000000,57.522,57.6128,56.795,56.795,500.70460622957216,0
GPP,D,20250703,000000,56.795,57.4311,56.068,56.7041,54457.9535131491,0
GPP,D,20250704,000000,57.1585,58.5215,56.2497,57.8854,21369.632414004533,0
GPP,D,20250707,000000,61.4563,63.4296,58.4492,58.7312,23008.443850383,0
GPP,D,20250708,000000,59.9528,60.0467,58.2613,58.2613,27021.433155216,0
GPP,D,20250709,000000,59.7648,59.7648,57.0397,59.201,28385.700534902,0
GPP,D,20250710,000000,59.7648,60.9864,58.7312,60.5166,39203.000000197,0
GPP,D,20250711,000000,60.1407,60.4226,59.3889,59.9528,13952.347593653,0
GPP,D,20250714,000000,59.8588,60.5166,57.7915,60.1407,60876.973262338,0
GPP,D,20250715,000000,60.1407,61.0804,59.0131,60.7045,37787.652406607,0
GPP,D,20250716,000000,59.3889,61.8322,59.3889,61.3623,33675.695187335,0
GPP,D,20250717,000000,61.3623,64.7452,61.3623,62.302,25269.807486758,0
GPP,D,20250718,000000,62.302,64.8392,61.6442,61.6442,5546.459893075999,0
GPP,D,20250721,000000,62.6779,63.4296,60.9864,62.396,23015.893048243997,0
GPP,D,20250722,000000,61.7382,62.4899,61.0804,62.0201,6156.2299465549995,0
GPP,D,20250723,000000,62.0201,62.5839,59.201,62.0201,6348.844919818,0
GPP,D,20250724,000000,63.3357,63.3357,61.0804,61.9261,1528.1497326279998,0
GPP,D,20250725,000000,61.8322,61.8322,60.2347,60.8925,14254.572192585,0
GPP,D,20250728,000000,60.8925,63.2417,60.8925,62.0201,3457.4919786269998,0
GPP,D,20250729,000000,62.0201,62.0201,60.7985,61.7382,3555.395721943,0
GPP,D,20250730,000000,61.6442,62.302,60.7045,60.7985,7022.465240676999,0
GPP,D,20250731,000000,61.5503,61.5503,59.9528,60.1407,3774.614973281,0
GPP,D,20250801,000000,59.9528,60.0467,58.5432,58.5432,2281.582887712,0
GPP,D,20250804,000000,58.7312,60.9864,58.5432,60.8925,5155.909090935,0
GPP,D,20250805,000000,61.0804,61.8322,60.2347,60.2347,5805.053475965,0
GPP,D,20250806,000000,62.396,62.396,59.9528,60.8925,9390.245989351999,0
GPP,D,20250807,000000,60.6106,62.208,60.4226,61.8322,4338.625668471,0
GPP,D,20250808,000000,61.6442,62.4899,59.4829,61.0804,18163.272727363998,0
GPP,D,20250811,000000,62.4899,62.4899,60.6106,61.6442,638.5026737999999,0
GPP,D,20250812,000000,62.4899,63.1477,60.7045,63.0538,3189.3208556309996,0
GPP,D,20250813,000000,63.0538,63.0538,61.0804,61.1744,8030.235294157999,0
GPP,D,20250814,000000,61.6442,62.9598,59.3889,62.9598,2593.3850267509997,0
GPP,D,20250818,000000,62.9598,65.7789,62.7719,64.8392,46540.459893282,0
GPP,D,20250819,000000,65.6849,68.3161,65.6849,66.8126,29156.160427953997,0
GPP,D,20250820,000000,66.7186,68.1281,66.7186,67.6583,78238.925134083,0
GPP,D,20250821,000000,67.6583,67.6583,66.5307,66.9065,11444.096256742,0
GPP,D,20250822,000000,67.5643,67.6583,64.4633,65.7789,45462.454545682995,0
GPP,D,20250825,000000,66.6246,66.7186,65.309,66.7186,2596.57754012,0
GPP,D,20250826,000000,66.6246,66.6246,63.8995,63.9935,16360.566845001998,0
GPP,D,20250827,000000,63.9935,64.3693,60.7045,61.4563,13303.203208623,0
GPP,D,20250828,000000,61.4563,61.9261,59.295,61.3623,13298.946524130999,0
GPP,D,20250829,000000,62.7719,62.7719,59.4829,60.2347,8952.871657799,0
GPP,D,20250901,000000,60.9864,60.9864,59.295,59.5769,2891.352941191,0
GPP,D,20250902,000000,59.7648,60.3286,59.201,60.1407,5062.262032111,0
GPP,D,20250903,000000,59.6709,62.396,59.6709,61.5503,10984.374331605999,0
GPP,D,20250904,000000,61.5503,62.7719,60.1407,62.396,5465.582887728,0
GPP,D,20250905,000000,63.6176,63.6176,61.0804,61.0804,1760.1390374419998,0
GPP,D,20250908,000000,61.0804,62.7719,61.0804,61.5503,2678.5187165909997,0
GPP,D,20250909,000000,61.6442,64.7452,61.6442,64.7452,26137.106952003,0
GPP,D,20250910,000000,64.7452,64.8392,63.4296,64.8392,18415.481283515,0
GPP,D,20250911,000000,64.8392,65.2151,63.6176,64.8392,12543.385026801,0
GPP,D,20250912,000000,62.396,64.3693,62.396,63.3357,18700.679144479,0
GPP,D,20250915,000000,63.2417,64.6513,61.2683,61.2683,7167.192513405,0
GPP,D,20250916,000000,61.2683,64.2754,61.2683,62.9598,15595.427807565,0
GPP,D,20250917,000000,63.8995,63.8995,61.8322,61.8322,1078.0053475989998,0
GPP,D,20250918,000000,61.8322,64.2754,61.8322,63.8995,29015.689839717998,0
GPP,D,20250919,000000,64.3693,64.3693,62.7719,64.3693,16022.160427887999,0
GPP,D,20250922,000000,64.3693,65.0271,63.1477,64.0874,92847.866310627,0
GPP,D,20250923,000000,64.8392,64.8392,62.7719,63.8055,4155.588235315,0
GPP,D,20250924,000000,64.0874,64.0874,61.7382,61.7382,21482.422460001,0
GPP,D,20250925,000000,61.4563,62.302,60.7985,61.2683,2914.7647058969997,0
GPP,D,20250926,000000,61.2683,61.9261,59.7648,60.3286,4360.973262054,0
GPP,D,20250929,000000,60.8925,61.7382,60.0467,61.0804,15353.860962644,0
GPP,D,20250930,000000,61.1744,62.0201,60.0467,62.0201,10658.737967968,0
GPP,D,20251001,000000,62.0201,62.0201,59.4829,60.7985,5728.433155109,0
GPP,D,20251002,000000,61.4563,61.4563,59.201,60.1407,2863.684491993,0
GPP,D,20251003,000000,60.9864,60.9864,57.2276,57.9794,18933.732620415998,0
GPP,D,20251006,000000,58.4492,59.6709,57.5095,57.5095,6664.903743348999,0
GPP,D,20251007,000000,57.3216,57.5095,55.9121,56.3819,6918.176470623,0
GPP,D,20251008,000000,57.0397,57.3216,55.0663,57.3216,11697.368984015999,0
GPP,D,20251009,000000,57.3216,57.3216,56.5698,56.9457,58398.518716870996,0
GPP,D,20251010,000000,56.9457,56.9457,56.194,56.3819,7397.053475973,0
GPP,D,20251013,000000,56.3819,56.9457,55.8181,56.8518,7485.379679182,0
GPP,D,20251014,000000,56.8518,56.8518,56.3819,56.8518,1557.9465240719999,0
GPP,D,20251015,000000,56.8518,56.8518,55.8181,56.5698,7846.133689879,0
GPP,D,20251016,000000,56.6638,56.6638,55.3482,56.3819,10320.331550854,0
GPP,D,20251017,000000,56.3819,56.3819,55.4422,55.9121,6879.866310195,0
GPP,D,20251020,000000,55.9121,56.3819,55.9121,56.3819,1356.818181825,0
GPP,D,20251021,000000,56.3819,56.3819,56.1,56.3819,1706.930481292,0
GPP,D,20251022,000000,56.1,56.4759,55.7241,55.7241,42103.930481495,0
GPP,D,20251023,000000,56.194,56.194,55.7241,55.9121,4255.620320876999,0
GPP,D,20251024,000000,56.1,56.1,55.5362,55.9121,9796.759358338,0
GPP,D,20251027,000000,55.9121,55.9121,54.5965,55.2543,12844.545454609999,0
GPP,D,20251028,000000,55.2543,55.4422,54.7844,55.2543,1536.663101612,0
GPP,D,20251029,000000,55.4422,55.4422,53.5628,54.5025,53637.417112569,0
GPP,D,20251030,000000,54.3146,54.6905,53.5628,53.7508,25519.887700663,0
GPP,D,20251031,000000,54.0327,54.0327,52.905,53.2809,6151.973262062999,0
GPP,D,20251103,000000,53.5628,53.5628,52.7171,52.7171,12803.042780812999,0
GPP,D,20251104,000000,52.6231,53.2809,52.3412,53.093,11534.550802197,0
GPP,D,20251105,000000,53.4688,53.5628,51.7774,53.3749,9097.598930527,0
GPP,D,20251106,000000,53.5628,54.0327,52.905,53.5628,3164.844919802,0
GPP,D,20251107,000000,54.0327,54.0327,52.8111,53.5628,4019.374331571,0
GPP,D,20251110,000000,53.5628,53.5628,52.5291,52.6231,29005.048128487997,0
GPP,D,20251112,000000,53.2809,53.5628,52.2472,52.6231,10558.705882405999,0
GPP,D,20251113,000000,52.4352,52.6231,52.2472,52.3412,3872.5187165969996,0
GPP,D,20251114,000000,52.1533,52.5291,51.6834,51.8714,12685.983957282999,0
GPP,D,20251117,000000,51.8714,51.8714,50.4618,50.8377,2978.614973277,0
GPP,D,20251118,000000,50.7437,50.7437,47.4548,49.4281,42924.406417328,0
GPP,D,20251119,000000,49.804,49.804,48.5824,48.5824,24895.219251462,0
GPP,D,20251120,000000,49.992,51.5894,49.4281,49.804,138187.941177165,0
GPP,D,20251121,000000,49.804,50.5558,49.4281,50.0859,51602.721925392994,0
GPP,D,20251124,000000,50.1799,50.7437,49.4281,50.2739,5105.893048154,0
GPP,D,20251125,000000,50.2739,52.1533,49.898,52.1533,17991.941176561,0
GPP,D,20251126,000000,52.1533,52.6231,50.7437,50.7437,18986.941176566,0
GPP,D,20251127,000000,51.5894,51.5894,50.1799,50.7437,629.989304816,0
GPP,D,20251128,000000,50.7437,51.1196,50.1799,50.3678,12657.251336962,0
GPP,D,20251201,000000,50.7437,51.0256,48.8643,49.3342,34764.342246164,0
GPP,D,20251202,000000,50.5558,51.0256,49.3342,50.7437,14134.320855685999,0
GPP,D,20251203,000000,50.5558,51.6834,50.4618,50.7437,2195.3850267489997,0
GPP,D,20251204,000000,50.7437,50.7437,49.898,49.898,1967.652406427,0
GPP,D,20251205,000000,49.898,50.4618,48.8643,50.4618,5584.770053503999,0
GPP,D,20251208,000000,50.7437,51.1196,50.4618,50.5558,33145.737968081,0
GPP,D,20251209,000000,50.5558,50.5558,50.2739,50.4618,786.422459897,0
GPP,D,20251210,000000,50.4618,50.7437,50.2739,50.5558,3861.8770053669996,0
GPP,D,20251211,000000,50.7437,51.9653,50.7437,51.6834,14922.871657828999,0
GPP,D,20251212,000000,51.6834,51.6834,50.0859,50.0859,25741.235294247,0
GPP,D,20251215,000000,49.3342,49.898,48.5824,48.8643,13601.171123062999,0
GPP,D,20251216,000000,48.5824,48.6764,47.4548,47.8307,17649.278074955,0
GPP,D,20251217,000000,47.9246,48.3945,46.844,47.4548,53679.983957489,0
GPP,D,20251218,000000,47.4548,47.4548,46.609,46.797,8622.978609668999,0
GPP,D,20251219,000000,46.75,46.9849,45.1525,45.8103,31698.465240800997,0
GPP,D,20251222,000000,45.9043,46.5151,45.7163,46.1392,7149.101604314,0
GPP,D,20251223,000000,46.1862,46.1862,44.0719,44.1658,63965.197861283996,0
GPP,D,20251229,000000,44.1658,44.1658,43.1322,43.602,16454.213903826,0
GPP,D,20251230,000000,42.9912,44.6357,42.9912,43.508,665104.823532754,0
GPP,D,20260102,000000,44.1188,45.3874,44.0249,44.9176,617061.754013796,0
GPP,D,20260105,000000,46.844,46.891,45.9513,46.797,12801.978609689999,0
GPP,D,20260107,000000,46.9849,47.6427,46.9849,47.2668,28034.524064311998,0
GPP,D,20260108,000000,47.4548,48.7704,46.609,47.6427,44006.668449419,0
GPP,D,20260109,000000,47.6427,48.5824,47.4548,48.5824,15456.021390451999,0
GPP,D,20260112,000000,48.5824,50.2739,48.5824,49.992,10293.727272778999,0
GPP,D,20260113,000000,49.898,50.2739,49.7101,50.2739,9261.481283469,0
GPP,D,20260114,000000,50.0859,50.7437,47.7367,47.7367,19036.957219346998,0
GPP,D,20260115,000000,48.3945,49.5221,47.7367,48.6764,14235.417112370998,0
GPP,D,20260116,000000,48.6764,48.9583,47.7367,47.7367,346499.438504415,0
GPP,D,20260119,000000,47.6427,48.5824,47.2668,48.1126,3180.8074866469997,0
GPP,D,20260120,000000,48.1126,48.1126,47.0789,47.0789,4293.930481304999,0
GPP,D,20260121,000000,47.4548,47.7367,46.2802,46.5151,14860.085561572,0
GPP,D,20260122,000000,46.3741,46.797,46.1392,46.3271,121525.149733231,0
GPP,D,20260123,000000,46.3271,46.5151,46.1392,46.3271,47824.914438743,0
GPP,D,20260126,000000,46.3271,46.3271,45.9513,45.9513,24022.598930602,0
GPP,D,20260127,000000,46.0452,46.0452,45.5754,45.7633,77263.080214292,0
GPP,D,20260128,000000,46.0452,46.5151,45.5754,45.9513,9911.689839621999,0
GPP,D,20260129,000000,45.9513,46.2332,44.9176,45.2935,66792.70053509499,0
GPP,D,20260130,000000,45.5754,45.5754,44.9176,45.1055,37598.229946713,0
GPP,D,20260202,000000,45.1055,45.1055,44.4008,44.6827,9690.342246037999,0
GPP,D,20260203,000000,44.6827,45.1055,43.508,43.508,14482.304812907,0
GPP,D,20260204,000000,43.2261,43.696,41.9106,42.0985,38849.695187361,0
GPP,D,20260205,000000,42.0985,42.0985,40.8769,40.8769,27943.005347733997,0
GPP,D,20260206,000000,40.407,41.1118,40.2191,41.1118,30881.181818336998,0
GPP,D,20260209,000000,41.1118,41.6756,40.407,40.454,21848.497326312998,0
GPP,D,20260210,000000,40.407,40.407,40.0312,40.1721,30377.828877157997,0
GPP,D,20260211,000000,40.1251,40.3601,39.7023,40.1721,303346.235295642,0
GPP,D,20260212,000000,40.2191,42.0985,40.0781,41.3467,48321.882353183995,0
GPP,D,20260213,000000,41.5347,41.5347,39.9372,40.407,377332.732622217,0
GPP,D,20260216,000000,40.407,40.501,39.7023,39.8902,28014.304812975,0
GPP,D,20260217,000000,39.9372,39.9372,39.0915,39.4673,20738.566845023997,0
GPP,D,20260218,000000,39.4673,40.7359,39.3734,40.7359,124696.379679771,0
GPP,D,20260219,000000,40.6889,40.6889,39.0445,39.1854,59676.588235594,0
GPP,D,20260220,000000,39.1854,40.407,39.0915,39.9372,82925.534759775,0
GPP,D,20260223,000000,39.9372,40.407,39.6083,40.407,77430.155080603,0
GPP,D,20260224,000000,40.407,41.8166,39.9372,40.548,412033.22460100095,0
GPP,D,20260225,000000,40.548,41.6756,40.407,41.3467,94052.50802186299,0
GPP,D,20260226,000000,41.3467,41.5347,40.9709,41.2528,24964.390374456998,0
GPP,D,20260227,000000,41.3467,41.3467,40.8769,41.1118,70242.743315861,0
GPP,D,20260302,000000,40.407,40.8769,39.2794,39.5613,28095.181818323,0
GPP,D,20260303,000000,40.1251,40.1251,37.7759,38.0578,67478.026738307,0
GPP,D,20260304,000000,37.8698,38.9505,37.8698,38.0578,34169.470588407,0
GPP,D,20260305,000000,38.1987,38.5276,38.0108,38.2457,65119.823529739,0
GPP,D,20260306,000000,38.2457,38.5746,37.494,37.5879,169211.721925984,0
GPP,D,20260309,000000,37.4,37.7289,35.9435,37.494,100427.95721975599,0
GPP,D,20260310,000000,37.5879,37.6819,36.3663,36.5543,32247.577540268998,0
GPP,D,20260311,000000,36.5543,37.0711,36.1784,36.6482,49815.978609875994,0
GPP,D,20260312,000000,36.4603,36.8362,35.9435,36.4603,119896.967915041,0
GPP,D,20260313,000000,36.4603,36.5543,35.7555,35.8495,37981.331550992996,0
GPP,D,20260316,000000,35.8965,37.9638,35.8025,36.8832,1296945.7861027739,0
GPP,D,20260317,000000,36.8832,37.259,36.3193,36.6482,23158.491978726,0
GPP,D,20260318,000000,36.6482,38.4337,36.5543,38.1987,98159.14438551999,0
GPP,D,20260319,000000,39.0445,39.0445,36.6482,36.6482,49117.882353188,0
GPP,D,20260320,000000,37.5879,37.5879,35.8965,36.3663,62962.748663417995,0
GPP,D,20260323,000000,35.8965,36.4603,35.0977,35.8965,55294.331551079995,0
GPP,D,20260324,000000,36.4603,36.4603,35.3327,35.3327,17539.668449286,0
GPP,D,20260325,000000,35.4266,36.3663,35.3327,35.4736,31713.363636522998,0
GPP,D,20260326,000000,35.4736,36.0374,35.2857,35.8495,33090.401069684995,0
GPP,D,20260327,000000,35.8495,35.8495,34.7688,34.8628,66074.38502706999,0
GPP,D,20260330,000000,35.0508,35.8495,34.7688,35.8495,30803.497326358,0
GPP,D,20260331,000000,35.8965,37.8698,35.8965,37.447,18956.080213998997,0
GPP,D,20260401,000000,37.9638,38.4807,37.259,38.1987,123916.342246612,0
GPP,D,20260402,000000,38.8095,38.8095,37.1181,38.1518,62715.860962882,0
GPP,D,20260407,000000,38.5276,38.6216,37.4,37.5879,57684.459893338,0
GPP,D,20260408,000000,38.4337,41.0648,38.4337,40.642,186141.62032179098,0
GPP,D,20260409,000000,40.6889,40.6889,39.2794,39.8432,18653.855615066997,0
GPP,D,20260410,000000,40.501,40.548,38.3397,38.6216,164121.79144467498,0
GPP,D,20260413,000000,39.1854,39.6083,38.5276,39.2794,37391.780748851,0
GPP,D,20260414,000000,40.3601,40.8769,39.4673,40.548,39273.235294314996,0
GPP,D,20260415,000000,40.9709,41.5347,40.6889,41.5347,31108.914438658998,0
GPP,D,20260416,000000,42.0985,42.5683,41.9106,42.3804,41090.839572398996,0
GPP,D,20260417,000000,42.2864,43.555,41.6756,43.2261,83330.98395763799,0
GPP,D,20260420,000000,43.2261,43.649,42.6153,43.2261,98785.941176967,0
GPP,D,20260421,000000,43.8369,44.1658,43.4141,43.696,50604.529412018994,0
GPP,D,20260422,000000,44.1658,44.1658,42.8503,43.3201,68840.165775747,0
GPP,D,20260423,000000,43.696,44.0249,42.4744,42.4744,55387.978609904,0
GPP,D,20260424,000000,42.4744,43.1791,41.9106,42.4744,33526.711230115,0
GPP,D,20260427,000000,43.0852,43.2261,41.6286,42.2864,490638.22460139595,0
GPP,D,20260428,000000,42.7563,43.1322,41.9106,42.0985,255438.315509305,0
GPP,D,20260429,000000,42.7093,42.7093,41.2528,41.6286,20895.000000105,0
GPP,D,20260430,000000,41.8166,42.0985,41.4407,41.6286,12428.454545517,0
GPP,D,20260504,000000,42.4274,42.4274,41.2528,42.0515,14473.791443922999,0
GPP,D,20260505,000000,42.0515,42.5683,41.3467,41.3467,38326.122994845,0
GPP,D,20260506,000000,41.2528,43.2261,41.2528,42.6623,34530.224599103996,0
GPP,D,20260507,000000,42.7563,43.1322,42.3804,42.8972,17236.379679231,0
GPP,D,20260508,000000,43.0852,43.0852,41.6756,42.0985,98594.390374827,0
GPP,D,20260511,000000,42.6153,42.6153,41.2058,41.6756,166926.946524903,0
GPP,D,20260512,000000,41.6756,41.9106,40.1251,40.6889,18071.754010786,0
GPP,D,20260513,000000,41.2528,41.2528,39.6553,39.8902,11389.823529469,0
GPP,D,20260514,000000,40.3601,40.8769,39.6553,40.0781,11443.032085619,0
GPP,D,20260515,000000,40.9709,41.3467,39.9372,40.1251,24083.256684613,0
GPP,D,20260518,000000,40.6889,40.9709,39.5613,40.2191,34371.663101777,0
GPP,D,20260519,000000,40.595,40.8769,40.0781,40.407,22902.026738082997,0
GPP,D,20260520,000000,40.7359,40.7359,39.8902,40.3131,15321.935828954,0
GPP,D,20260521,000000,40.407,40.9709,40.0312,40.7359,16094.524064251998,0
GPP,D,20260522,000000,40.7829,41.3467,40.454,40.8769,11940.00000006,0
GPP,D,20260525,000000,41.3467,42.0515,40.9239,41.5347,28309.080214046,0
GPP,D,20260526,000000,41.7226,42.0985,40.9709,41.8166,51646.352941435995,0
GPP,D,20260527,000000,41.3467,43.2261,41.1588,42.5683,41973.037433366,0
GPP,D,20260528,000000,43.2261,43.555,42.1925,42.9442,75793.459893429,0
GPP,D,20260529,000000,42.9912,44.5417,42.7563,44.0719,31218.524064327998,0
GPP,D,20260601,000000,44.4477,44.5417,42.5214,42.7563,50037.32620346,0
GPP,D,20260602,000000,42.6153,45.9513,42.4274,45.2465,45817.887700765,0
GPP,D,20260603,000000,45.8573,45.8573,44.1658,44.1658,48583.668449442,0
GPP,D,20260605,000000,45.1055,45.1055,43.2261,43.696,28475.090909233997,0
GPP,D,20260608,000000,43.696,43.696,42.2864,42.7563,35143.187165952,0
GPP,D,20260609,000000,43.1322,43.602,42.7093,42.8033,34392.946524237,0
GPP,D,20260610,000000,42.8503,43.9779,42.2864,43.602,18298.422459985,0
GPP,D,20260611,000000,43.8369,44.1188,43.2261,43.3671,13271.278074933,0
GPP,D,20260612,000000,44.1658,45.1995,43.508,44.6357,56587.299465525,0
GPP,D,20260615,000000,45.0116,46.2332,44.3068,45.1055,214330.44919893797,0
GPP,D,20260616,000000,46.0452,46.0452,44.1658,44.4947,23712.925133809,0
GPP,D,20260617,000000,45.8573,48.1126,44.6827,47.6427,338278.71657924,0
GPP,D,20260618,000000,47.4548,47.8307,46.2332,47.4548,41220.668449405,0
GPP,D,20260619,000000,47.7367,48.1126,46.797,47.4548,41453.721925342,0
GPP,D,20260622,000000,48.1126,48.3945,46.609,46.75,36851.181818367,0
GPP,D,20260623,000000,46.15,46.35,43.55,43.9,57787,0
GPP,D,20260624,000000,44.5,45.35,43.9,44,33128,0
GPP,D,20260625,000000,44.5,44.75,43.8,44,41151,0
GPP,D,20260626,000000,43.55,44.2,43.1,44,25109,0
GPP,D,20260629,000000,44.15,44.55,43.9,44,17649,0
GPP,D,20260630,000000,44,44.9,43.6,44.5,23825,0
GPP,D,20260701,000000,44.65,45.5,44.25,45.5,7598,0
GPP,D,20260702,000000,45.5,46.4,45.15,45.9,15350,0
GPP,D,20260703,000000,46.1,46.95,45.5,45.55,19949,0
GPP,D,20260706,000000,46.4,46.4,44.5,44.8,11852,0
GPP,D,20260707,000000,44.5,45.8,43.9,44.6,16385,0
GPP,D,20260708,000000,44.95,45,43.6,44,18999,0
GPP,D,20260709,000000,44.9,44.9,43.2,43.75,26920,0
GPP,D,20260710,000000,43.8,44.6,43.45,43.75,29827,0
GPP,D,20260713,000000,43.9,45,43.6,45,13194,0
GPP,D,20260714,000000,44.4,45,44.2,45,54882,0
GPP,D,20260715,000000,45,46.2,44.4,46.05,19432,0
GPP,D,20260716,000000,46.45,47.8,46,47.6,25559,0
GPP,D,20260717,000000,47.65,47.85,46.2,47.4,36253,0
GPP,D,20260720,000000,47.2,47.4,45.5,46.25,7485,0
GPP,D,20260721,000000,45.55,46.65,45.55,46.6,14306,0
GPP,D,20260722,000000,46.7,49.25,46.7,48.55,57739,0
GPP,D,20260723,000000,48.85,49.2,48.4,48.7,22549,0
GPP,D,20260724,000000,48.9,49.5,48.8,49.3,13646,0
GPP,D,20260727,000000,49.2,51.7,49,51.1,37748,0
GPP,D,20260728,000000,51,52.2,49,51.7,28413,0
GPP,D,20260729,000000,52,53.6,51.3,52.7,47828,0
GPP,D,20260730,000000,52.7,52.9,51.6,52.2,20667,0
GPP,D,20260731,000000,52.2,53,52.2,52.5,14967,0
GPP,D,20260803,000000,52.5,53,52.1,52.9,66257,0
GPP,D,20260804,000000,52.9,53.4,51.4,53.4,149169,0
GPP,D,20260805,000000,53.4,53.4,52.5,52.9,13015,0
GPP,D,20260806,000000,52.5,53.1,52.5,53,13750,0
GPP,D,20260807,000000,53,54.4,52.7,54.4,23123,0
GPP,D,20260810,000000,54.4,54.9,53.6,54.8,17695,0
GPP,D,20260811,000000,54.9,56,54.4,55.9,32636,0
GPP,D,20260812,000000,56,56,54.8,55.5,12436,0
GPP,D,20260813,000000,55.7,55.7,53.1,55.2,26806,0
GPP,D,20260814,000000,55,55.7,54.1,55,19013,0
GPP,D,20260817,000000,55.2,56.2,54.8,55.6,17066,0
GPP,D,20260818,000000,55.7,55.7,52.8,53.5,24230,0
