<TICKER>,<PER>,<DATE>,<TIME>,<OPEN>,<HIGH>,<LOW>,<CLOSE>,<VOL>,<OPENINT>
HUG,D,20210219,000000,50,54.95,45.15,49.5,13680794,0
HUG,D,20210222,000000,49.9,49.9,46.66,47.655,1173482,0
HUG,D,20210223,000000,47.5,47.5,38.4,42,2297901,0
HUG,D,20210224,000000,42.5,44.65,38.6,44.1,789799,0
HUG,D,20210225,000000,44.72,46.1,43.81,44.2,317621,0
HUG,D,20210226,000000,42.025,43.29,41,42.3,424098,0
HUG,D,20210301,000000,41,42.28,40.2,41.5,210318,0
HUG,D,20210302,000000,42,42,38.3,39,359147,0
HUG,D,20210303,000000,39.45,40,37.11,37.54,295015,0
HUG,D,20210304,000000,37.3,38.7,34.01,37.55,656381,0
HUG,D,20210305,000000,37.6,37.79,36,37.55,231548,0
HUG,D,20210308,000000,38.37,38.37,36.635,38.1,195116,0
HUG,D,20210309,000000,37.815,38.6,37.51,37.8,157144,0
HUG,D,20210310,000000,37.995,38.9,37.1,37.36,302902,0
HUG,D,20210311,000000,37.5,37.96,36.55,37,121184,0
HUG,D,20210312,000000,38.1,40.8,37.22,40,720000,0
HUG,D,20210315,000000,40.95,41.9,40.5,41.8,173177,0
HUG,D,20210316,000000,41.8,41.805,40.605,40.8,144394,0
HUG,D,20210317,000000,39.33,41.41,39.3,41,167521,0
HUG,D,20210318,000000,41.7,42.95,41.505,42.01,112075,0
HUG,D,20210319,000000,41.61,42.4,41.15,42,141594,0
HUG,D,20210322,000000,42.01,42.3,41.25,41.77,11971,0
HUG,D,20210323,000000,42,42.005,40.51,41.48,100771,0
HUG,D,20210324,000000,41.11,42.4,41.11,41.53,77639,0
HUG,D,20210325,000000,41.6,42.42,41.505,41.9,508440,0
HUG,D,20210326,000000,41.9,42.2,41.4,42,73126,0
HUG,D,20210329,000000,42.77,42.77,41.61,42,131763,0
HUG,D,20210330,000000,42.69,42.69,42,42.5,26996,0
HUG,D,20210331,000000,42.5,42.7,39.995,42.3,344879,0
HUG,D,20210401,000000,42.645,42.8,42.005,42.8,147332,0
HUG,D,20210406,000000,42.8,44,42.1,43.43,191216,0
HUG,D,20210407,000000,43.9,44.25,43.555,44,169724,0
HUG,D,20210408,000000,44,44.61,43.9,44.59,167779,0
HUG,D,20210409,000000,44.795,45.99,44.625,45.83,227902,0
HUG,D,20210412,000000,45.985,46.05,45.5,46,106399,0
HUG,D,20210413,000000,46.02,46.1,45.41,45.76,149160,0
HUG,D,20210414,000000,45.31,45.99,45.2,45.99,44761,0
HUG,D,20210415,000000,45.99,46.05,45.62,45.9,66169,0
HUG,D,20210416,000000,45.9,46.07,45.7,45.9,101342,0
HUG,D,20210419,000000,45.8,46.17,45.5,45.5,78932,0
HUG,D,20210420,000000,43.005,44.17,39.51,43.35,414115,0
HUG,D,20210421,000000,42.995,43.28,42.24,43.03,76038,0
HUG,D,20210422,000000,43.03,44,43.03,43.1,275437,0
HUG,D,20210423,000000,43.1,43.9,43.1,43.9,33726,0
HUG,D,20210426,000000,43.89,43.89,42,43,87443,0
HUG,D,20210427,000000,43.05,43.195,42.22,42.79,68026,0
HUG,D,20210428,000000,42.99,43.1,42.12,42.9,54229,0
HUG,D,20210429,000000,42.95,42.95,40.715,41.6,203976,0
HUG,D,20210430,000000,40.205,42,39.02,41.99,219884,0
HUG,D,20210504,000000,41,42,40.035,41.94,140511,0
HUG,D,20210505,000000,40.56,41.95,40.56,41.48,99628,0
HUG,D,20210506,000000,41.5,41.895,41,41.4,120833,0
HUG,D,20210507,000000,41.2,41.47,40.1,41,133667,0
HUG,D,20210510,000000,40.895,41.005,39.8,40.45,294843,0
HUG,D,20210511,000000,40,40.18,39.21,39.835,182749,0
HUG,D,20210512,000000,39.8,41.17,39.795,41,330288,0
HUG,D,20210513,000000,40.005,41,39.4,39.4,146548,0
HUG,D,20210514,000000,40.8,40.8,39.195,40.5,28583,0
HUG,D,20210517,000000,40.8,40.8,39.61,40,36783,0
HUG,D,20210518,000000,40.485,40.485,39.7,39.75,19720,0
HUG,D,20210519,000000,39.75,39.75,38.73,38.86,25749,0
HUG,D,20210520,000000,38.86,39.5,38.7,39.5,31969,0
HUG,D,20210521,000000,40,40.17,39.515,39.8,46857,0
HUG,D,20210524,000000,39.62,40,39.62,39.99,12431,0
HUG,D,20210525,000000,39.62,39.995,38.72,38.85,39856,0
HUG,D,20210526,000000,37.975,39.84,37,39.065,86773,0
HUG,D,20210527,000000,39.39,39.4,36.33,36.33,373473,0
HUG,D,20210528,000000,37.53,38.69,36.55,36.6,374055,0
HUG,D,20210531,000000,36.6,37.68,36.6,37.68,30466,0
HUG,D,20210601,000000,37.67,37.67,37,37.5,27615,0
HUG,D,20210602,000000,37.5,39.25,36.5,39.2,71028,0
HUG,D,20210604,000000,39.17,39.17,37.505,38,21753,0
HUG,D,20210607,000000,38,38.8,38,38.1,45954,0
HUG,D,20210608,000000,38.15,38.9,38,38.9,35799,0
HUG,D,20210609,000000,38.9,38.9,37.4,37.4,16598,0
HUG,D,20210610,000000,37.115,38.3,37.01,37.13,15218,0
HUG,D,20210611,000000,37.01,37.3,36.815,37.3,50563,0
HUG,D,20210614,000000,37,37.2,36.8,36.9,30559,0
HUG,D,20210615,000000,37,37.095,36.205,36.8,29758,0
HUG,D,20210616,000000,36,36.9,35.55,36.19,42666,0
HUG,D,20210617,000000,36.5,36.5,34.305,35,85477,0
HUG,D,20210618,000000,35.3,38.9,34.9,38.9,384506,0
HUG,D,20210621,000000,37.7,38,37,37.5,132183,0
HUG,D,20210622,000000,37.17,38.835,37.17,38.5,43810,0
HUG,D,20210623,000000,38.495,38.495,37.5,37.99,77687,0
HUG,D,20210624,000000,37.975,38.56,37.53,37.9,83079,0
HUG,D,20210625,000000,37.06,38.295,37.06,37.63,95244,0
HUG,D,20210628,000000,37.22,37.5,36.5,36.66,32955,0
HUG,D,20210629,000000,36.605,36.95,35.965,36.6,160351,0
HUG,D,20210630,000000,36.6,37.25,35.17,37.25,204003,0
HUG,D,20210701,000000,37.25,37.625,36.5,36.99,16009,0
HUG,D,20210702,000000,37.5,38.3,37.105,38.08,40292,0
HUG,D,20210705,000000,38,38,37.5,37.55,5983,0
HUG,D,20210706,000000,37.2,37.94,37.2,37.55,32532,0
HUG,D,20210707,000000,37.865,37.87,37.5,37.51,16495,0
HUG,D,20210708,000000,37.5,37.5,36,36.405,29236,0
HUG,D,20210709,000000,36,36.975,35.4,36.965,93147,0
HUG,D,20210712,000000,35.205,36.28,35.205,35.525,39755,0
HUG,D,20210713,000000,36.015,36.96,36,36.96,21819,0
HUG,D,20210714,000000,37,37,36.35,36.7,21533,0
HUG,D,20210715,000000,36.7,36.7,36.4,36.6,5407,0
HUG,D,20210716,000000,37,37.25,36.4,37.25,15384,0
HUG,D,20210719,000000,36.905,36.905,35.82,36.665,33580,0
HUG,D,20210720,000000,35.7,36.95,35.7,36.9,65202,0
HUG,D,20210721,000000,36.9,37.365,36.7,37.365,18098,0
HUG,D,20210722,000000,37.2,37.25,36.7,37.25,12042,0
HUG,D,20210723,000000,37.195,37.25,36.3,37.25,23005,0
HUG,D,20210726,000000,37,37,36.415,36.7,42367,0
HUG,D,20210727,000000,36.5,37.195,36.5,37.175,34683,0
HUG,D,20210728,000000,37,37.15,36.905,37,15520,0
HUG,D,20210729,000000,37,37.1,36.82,37.1,28671,0
HUG,D,20210730,000000,37,37.2,36.625,37.2,52133,0
HUG,D,20210802,000000,37,37.2,37,37.1,14548,0
HUG,D,20210803,000000,36.975,37.1,36.7,36.7,115897,0
HUG,D,20210804,000000,36.65,37,36.355,37,23315,0
HUG,D,20210805,000000,36.46,37.2,36.46,37.2,35179,0
HUG,D,20210806,000000,37,37.2,36.53,36.85,20405,0
HUG,D,20210809,000000,36.85,37.18,36.44,36.9,32175,0
HUG,D,20210810,000000,36.65,36.9,36.605,36.605,13612,0
HUG,D,20210811,000000,36.7,36.995,36.6,36.8,31211,0
HUG,D,20210812,000000,36.7,36.9,36.7,36.88,22613,0
HUG,D,20210813,000000,36.8,37.2,36.725,37,90676,0
HUG,D,20210816,000000,37.1,37.1,36.7,37,13869,0
HUG,D,20210817,000000,37,37,36.41,36.6,13565,0
HUG,D,20210818,000000,36.3,36.45,36.25,36.41,15240,0
HUG,D,20210819,000000,36.25,36.4,35.8,36.2,28837,0
HUG,D,20210820,000000,36.2,36.2,35.895,36,27607,0
HUG,D,20210823,000000,36.2,36.52,36,36.05,13877,0
HUG,D,20210824,000000,36,36.24,36,36.2,40310,0
HUG,D,20210825,000000,36.1,36.1,36,36.1,27121,0
HUG,D,20210826,000000,35.85,36.85,35.85,36.55,47476,0
HUG,D,20210827,000000,36.55,37.2,36,36.5,109099,0
HUG,D,20210830,000000,36.895,36.895,36,36.1,8141,0
HUG,D,20210831,000000,36.1,37,35.615,37,54537,0
HUG,D,20210901,000000,36.055,36.975,36,36.65,10868,0
HUG,D,20210902,000000,36.505,36.915,36.07,36.6,63651,0
HUG,D,20210903,000000,36.8,38.48,36.8,38,138694,0
HUG,D,20210906,000000,38,38.205,37.85,38.2,40775,0
HUG,D,20210907,000000,38.2,38.2,38.01,38.12,32714,0
HUG,D,20210908,000000,38.14,38.2,37.5,38.18,15513,0
HUG,D,20210909,000000,37.605,38.1,37.5,38,9424,0
HUG,D,20210910,000000,38,38,37.515,38,6492,0
HUG,D,20210913,000000,38.2,38.215,37.605,38.2,63864,0
HUG,D,20210914,000000,38.265,38.5,38.21,38.5,36199,0
HUG,D,20210915,000000,38.5,39.97,38.4,39.5,148917,0
HUG,D,20210916,000000,39.51,40.6,39.465,40.25,121292,0
HUG,D,20210917,000000,40.4,41.7,40.105,41,292467,0
HUG,D,20210920,000000,40.5,40.5,39.46,40,44653,0
HUG,D,20210921,000000,40,40,39.5,39.99,13638,0
HUG,D,20210922,000000,39.5,39.95,39.005,39.5,8367,0
HUG,D,20210923,000000,39.3,39.95,39.3,39.3,59890,0
HUG,D,20210924,000000,38.755,39.99,38.55,39.6,81005,0
HUG,D,20210927,000000,39.4,39.6,39.3,39.35,25018,0
HUG,D,20210928,000000,39.195,39.2,37.59,39,24459,0
HUG,D,20210929,000000,39,39,37.375,37.995,30329,0
HUG,D,20210930,000000,38.1,40.8,38.1,40.8,49197,0
HUG,D,20211001,000000,39.9,39.9,38.165,38.165,33813,0
HUG,D,20211004,000000,38.11,38.495,37.94,38.2,12812,0
HUG,D,20211005,000000,38.3,38.3,36.4,37.4,29394,0
HUG,D,20211006,000000,37,37.385,36.4,36.7,147353,0
HUG,D,20211007,000000,36.2,37.4,36.2,37.2,16832,0
HUG,D,20211008,000000,37,37.43,37,37.2,34328,0
HUG,D,20211011,000000,36.92,38,36.92,38,11019,0
HUG,D,20211012,000000,37.8,37.8,36.92,36.97,17496,0
HUG,D,20211013,000000,36.7,37.22,36.52,36.8,21050,0
HUG,D,20211014,000000,36.6,36.805,35.2,35.305,42707,0
HUG,D,20211015,000000,35.5,35.975,35,35.04,75128,0
HUG,D,20211018,000000,35.04,35.5,34.96,35.4,10531,0
HUG,D,20211019,000000,35.8,36.48,35.24,35.4,14047,0
HUG,D,20211020,000000,35,36,35,35.9,8384,0
HUG,D,20211021,000000,35.98,35.98,35.13,35.85,8737,0
HUG,D,20211022,000000,35.85,35.9,35.075,35.075,13538,0
HUG,D,20211025,000000,35.1,35.485,35.1,35.1,11141,0
HUG,D,20211026,000000,35.2,35.22,34.9,35.2,24500,0
HUG,D,20211027,000000,35,35,33.34,34.97,41177,0
HUG,D,20211028,000000,34.965,35.005,34.3,34.34,20180,0
HUG,D,20211029,000000,34.4,34.99,34,34.99,13104,0
HUG,D,20211102,000000,34.97,34.975,33.5,34.5,25468,0
HUG,D,20211103,000000,34.3,34.3,33.505,33.9,44978,0
HUG,D,20211104,000000,34,34,33.11,33.4,33497,0
HUG,D,20211105,000000,33.2,33.99,32.715,33.36,26669,0
HUG,D,20211108,000000,33,33.005,32.14,32.96,46426,0
HUG,D,20211109,000000,32.4,32.405,31.8,32.3,38616,0
HUG,D,20211110,000000,32.19,32.19,31.3,31.68,17177,0
HUG,D,20211112,000000,31.3,31.8,31.19,31.8,18192,0
HUG,D,20211115,000000,31.8,32,31.3,31.3,16300,0
HUG,D,20211116,000000,31.3,31.3,30.4,30.8,28618,0
HUG,D,20211117,000000,30.94,30.94,30.6,30.9,24440,0
HUG,D,20211118,000000,30.4,31.5,29.1,31.5,111272,0
HUG,D,20211119,000000,31.5,31.5,29.965,30.395,72593,0
HUG,D,20211122,000000,30.39,31,30.3,30.4,40299,0
HUG,D,20211123,000000,30.7,30.89,29.755,30.695,45107,0
HUG,D,20211124,000000,30.7,30.9,30.28,30.9,34726,0
HUG,D,20211125,000000,30.9,31.295,30.5,30.75,32429,0
HUG,D,20211126,000000,30.5,30.5,29.46,30,40301,0
HUG,D,20211129,000000,29.9,29.9,27.59,29,69558,0
HUG,D,20211130,000000,28.6,29.75,28.5,29.1,60386,0
HUG,D,20211201,000000,29.985,29.985,28.42,29,16494,0
HUG,D,20211202,000000,28.99,28.99,27.56,27.95,68158,0
HUG,D,20211203,000000,27.95,28,26.695,27,39871,0
HUG,D,20211206,000000,26.9,26.9,25,25.325,140322,0
HUG,D,20211207,000000,25,26.23,25,26.1,67023,0
HUG,D,20211208,000000,26.11,27.93,25.3,27.8,130669,0
HUG,D,20211209,000000,27.8,27.8,26.3,27.1,49818,0
HUG,D,20211210,000000,27.33,27.39,25.5,26,39473,0
HUG,D,20211213,000000,25,25.53,24.265,24.6,61245,0
HUG,D,20211214,000000,24.015,25.66,23.025,25.6,141059,0
HUG,D,20211215,000000,25.66,25.66,24.8,24.94,39520,0
HUG,D,20211216,000000,25,25.66,25,25.3,150752,0
HUG,D,20211217,000000,25,25.47,24.315,25.3,278647,0
HUG,D,20211220,000000,25,25,24.035,24.68,79428,0
HUG,D,20211221,000000,24.32,25.2,24.25,24.26,116693,0
HUG,D,20211222,000000,24.3,24.5,23.75,23.78,92150,0
HUG,D,20211223,000000,23.74,24,23.21,23.52,125592,0
HUG,D,20211227,000000,23.55,23.6,22.945,23.06,121646,0
HUG,D,20211228,000000,23.04,24.25,23.04,23.87,89195,0
HUG,D,20211229,000000,23.87,24.98,23.87,24.9,32474,0
HUG,D,20211230,000000,24.62,25.1,24.25,25.1,38700,0
HUG,D,20220103,000000,25.1,26.465,24.3,26.44,74418,0
HUG,D,20220104,000000,26.48,26.48,26,26,28272,0
HUG,D,20220105,000000,26.3,26.72,25,25,89993,0
HUG,D,20220107,000000,25.38,25.38,24.72,25.35,72470,0
HUG,D,20220110,000000,25.8,28.44,25.795,27.8,164510,0
HUG,D,20220111,000000,27.8,28.2,26.895,27.2,88517,0
HUG,D,20220112,000000,27.5,27.685,26.52,27.2,35615,0
HUG,D,20220113,000000,27.5,27.5,26.53,26.6,39019,0
HUG,D,20220114,000000,27.015,27.12,26.4,26.95,38818,0
HUG,D,20220117,000000,27.35,27.38,26.25,26.72,23331,0
HUG,D,20220118,000000,26.2,26.68,25.85,26.5,29698,0
HUG,D,20220119,000000,26,26.8,25.8,26.6,37602,0
HUG,D,20220120,000000,26.65,26.65,26,26.11,30498,0
HUG,D,20220121,000000,26,26.005,24.385,24.9,56375,0
HUG,D,20220124,000000,24.1,24.9,23.1,23.1,71470,0
HUG,D,20220125,000000,23.1,24.695,23.1,23.26,45826,0
HUG,D,20220126,000000,24.3,24.3,23.02,23.1,32097,0
HUG,D,20220127,000000,23.1,23.475,22.81,22.92,36134,0
HUG,D,20220128,000000,23.05,23.375,21.9,22.01,39658,0
HUG,D,20220131,000000,22.015,22.69,22.01,22.01,25091,0
HUG,D,20220201,000000,22.01,23.45,21.805,22.1,59004,0
HUG,D,20220202,000000,22.1,22.5,21.88,21.89,35335,0
HUG,D,20220203,000000,21.89,21.995,21.1,21.1,37844,0
HUG,D,20220204,000000,21.205,21.815,20.1,21.3,103667,0
HUG,D,20220207,000000,21.7,21.985,20.26,20.5,42977,0
HUG,D,20220208,000000,20.5,20.89,19.35,19.8,78696,0
HUG,D,20220209,000000,19.9,20.2,19.8,20,39866,0
HUG,D,20220210,000000,20.02,20.38,19.386,19.798,34337,0
HUG,D,20220211,000000,19.8,19.8,18.606,19.5,76245,0
HUG,D,20220214,000000,18.9,18.9,18.222,18.6,62421,0
HUG,D,20220215,000000,18.7,18.978,18.532,18.722,33545,0
HUG,D,20220216,000000,20.005,22.365,20.005,21.5,130050,0
HUG,D,20220217,000000,21.96,21.96,20.7,21,167487,0
HUG,D,20220218,000000,21.73,21.73,20.59,20.8,52571,0
HUG,D,20220221,000000,20.6,20.795,19.562,20,39430,0
HUG,D,20220222,000000,19.3,19.86,19.082,19.324,14525,0
HUG,D,20220223,000000,19.3,20.3,19.296,19.6,85288,0
HUG,D,20220224,000000,18.15,18.906,15,18.3,144744,0
HUG,D,20220225,000000,18.94,19.348,17.404,19.318,133543,0
HUG,D,20220228,000000,19.318,20.195,19,20,52886,0
HUG,D,20220301,000000,19.8,20,18.504,19.238,29956,0
HUG,D,20220302,000000,18.51,19.338,18.444,19.3,20142,0
HUG,D,20220303,000000,19.1,19.1,18.1,18.6,127696,0
HUG,D,20220304,000000,18.6,19.05,18,18.5,39690,0
HUG,D,20220307,000000,18,18.384,17,18.054,68061,0
HUG,D,20220308,000000,17.8,18.298,17.202,17.55,83627,0
HUG,D,20220309,000000,17.65,18.08,17.55,18,133176,0
HUG,D,20220310,000000,18.3,18.798,17.65,18.58,62858,0
HUG,D,20220311,000000,18.89,18.9,17.722,18.68,50036,0
HUG,D,20220314,000000,18.6,18.8,18.13,18.684,74394,0
HUG,D,20220315,000000,18.34,18.7,18.2,18.5,34456,0
HUG,D,20220316,000000,18.41,19.88,18.41,19.5,338177,0
HUG,D,20220317,000000,20,20.5,19.122,19.46,119214,0
HUG,D,20220318,000000,19.586,19.788,19.2,19.594,66255,0
HUG,D,20220321,000000,19.768,19.768,19.342,19.598,44695,0
HUG,D,20220322,000000,19.36,19.68,18.9,19.002,40478,0
HUG,D,20220323,000000,19.02,19.16,18.31,18.32,29863,0
HUG,D,20220324,000000,18.628,19,18.102,18.65,26879,0
HUG,D,20220325,000000,19.116,19.116,18.66,18.9,12488,0
HUG,D,20220328,000000,18.9,19.4,18.804,19,41228,0
HUG,D,20220329,000000,20,20.975,18.666,18.9,535041,0
HUG,D,20220330,000000,19.28,19.67,18.828,18.84,160766,0
HUG,D,20220331,000000,18.84,18.908,17.75,17.9,201786,0
HUG,D,20220401,000000,18.1,18.1,17.4,17.73,383530,0
HUG,D,20220404,000000,17.75,17.9,17.36,17.43,103705,0
HUG,D,20220405,000000,17.5,17.5,16.8,16.88,143446,0
HUG,D,20220406,000000,16.8,18.4,15.9,17.97,1009772,0
HUG,D,20220407,000000,18.19,18.38,17.44,17.65,838079,0
HUG,D,20220408,000000,17.6,17.76,17.01,17.5,347690,0
HUG,D,20220411,000000,17.5,17.748,16.864,17.25,659637,0
HUG,D,20220412,000000,17.338,17.338,17.026,17.18,132806,0
HUG,D,20220413,000000,17.14,17.18,16.85,16.99,105214,0
HUG,D,20220414,000000,17,17.98,16.86,17.5,1513262,0
HUG,D,20220419,000000,17.7,17.79,16.71,17.28,248541,0
HUG,D,20220420,000000,17.27,18.46,17.27,17.91,206204,0
HUG,D,20220421,000000,18.4,18.4,17.62,17.8,150286,0
HUG,D,20220422,000000,17.75,17.75,17.04,17.2,129468,0
HUG,D,20220425,000000,17.2,17.2,16.1,16.52,292124,0
HUG,D,20220426,000000,16.78,16.98,16.3,16.55,190987,0
HUG,D,20220427,000000,16.55,16.97,16.4,16.8,353561,0
HUG,D,20220428,000000,16.94,17.35,16.68,17.15,55654,0
HUG,D,20220429,000000,17.2,17.48,16.61,16.75,130881,0
HUG,D,20220502,000000,16.91,18.1,16.91,17.08,211674,0
HUG,D,20220504,000000,17.46,18.2,17.46,17.97,248659,0
HUG,D,20220505,000000,18.4,18.42,18.15,18.42,173824,0
HUG,D,20220506,000000,18.05,18.69,18.05,18.44,163255,0
HUG,D,20220509,000000,18.5,19.4,18.35,18.5,232172,0
HUG,D,20220510,000000,18.81,19.05,18.73,18.85,314640,0
HUG,D,20220511,000000,18.74,18.9,18.13,18.29,257127,0
HUG,D,20220512,000000,18.11,18.13,17.01,17.15,262395,0
HUG,D,20220513,000000,17.8,18.21,17.27,17.85,259401,0
HUG,D,20220516,000000,17.85,18.15,17.4,17.76,118286,0
HUG,D,20220517,000000,17.56,18.68,17.56,18.5,326132,0
HUG,D,20220518,000000,18.6,18.6,17.86,17.86,137693,0
HUG,D,20220519,000000,17.7,18,17.26,17.26,139731,0
HUG,D,20220520,000000,17.65,18.19,17.45,18.05,182057,0
HUG,D,20220523,000000,18.5,18.83,17.64,18.5,453688,0
HUG,D,20220524,000000,18.6,19.12,18.3,18.3,255529,0
HUG,D,20220525,000000,19.01,19.6,18.62,19,414323,0
HUG,D,20220526,000000,19,19.19,18.11,19,382672,0
HUG,D,20220527,000000,19.2,19.2,18.55,18.9,169727,0
HUG,D,20220530,000000,19.1,19.2,18.67,18.9,244901,0
HUG,D,20220531,000000,18.75,19.16,18.3,19.16,756163,0
HUG,D,20220601,000000,19.1,19.1,18.31,18.49,180894,0
HUG,D,20220602,000000,18.55,18.55,17.41,18.38,415069,0
HUG,D,20220603,000000,18.2,18.2,17.38,17.38,180926,0
HUG,D,20220606,000000,17.31,18.1,17.18,18,189059,0
HUG,D,20220607,000000,17.7,18.18,17.7,18.18,81706,0
HUG,D,20220608,000000,18.18,18.18,17.1,17.5,151791,0
HUG,D,20220609,000000,17.33,17.37,16.55,16.55,189000,0
HUG,D,20220610,000000,16.5,16.5,15.7,16.03,323097,0
HUG,D,20220613,000000,16,16,15.52,15.6,137411,0
HUG,D,20220614,000000,15.57,15.72,15.07,15.68,201111,0
HUG,D,20220615,000000,15.68,16.6,15.55,16.32,208638,0
HUG,D,20220617,000000,15.8,17.04,15.8,16.72,257835,0
HUG,D,20220620,000000,16.23,16.88,16.23,16.8,249583,0
HUG,D,20220621,000000,16.65,17.12,16.55,16.6,168903,0
HUG,D,20220622,000000,16.77,16.77,16.4,16.7,213211,0
HUG,D,20220623,000000,16.6,17.8,16.56,17.5,370111,0
HUG,D,20220624,000000,17.76,18.14,17.56,18,296954,0
HUG,D,20220627,000000,18.05,18.22,17.72,17.72,111978,0
HUG,D,20220628,000000,18.2,18.66,17.7,18.1,265924,0
HUG,D,20220629,000000,17.71,18.66,17.71,18.66,88448,0
HUG,D,20220630,000000,18.5,18.5,17.8,17.95,96182,0
HUG,D,20220701,000000,17.95,18.48,17.9,18.1,141809,0
HUG,D,20220704,000000,18,18.5,17.8,17.99,88509,0
HUG,D,20220705,000000,17.6,17.96,16.6,17.4,200714,0
HUG,D,20220706,000000,17,18.54,17,17.93,157321,0
HUG,D,20220707,000000,17.99,18.24,17.62,18,106890,0
HUG,D,20220708,000000,18.09,18.5,17.9,18,152392,0
HUG,D,20220711,000000,18,18.05,17.35,18.04,105095,0
HUG,D,20220712,000000,17.6,18.01,17.6,17.7,119921,0
HUG,D,20220713,000000,17.5,17.87,17.1,17.28,149590,0
HUG,D,20220714,000000,17.1,17.26,16.9,17,322669,0
HUG,D,20220715,000000,17.1,18.39,16.91,17.4,225153,0
HUG,D,20220718,000000,17.9,17.9,17.4,17.75,74832,0
HUG,D,20220719,000000,17.51,18,17.51,17.76,110328,0
HUG,D,20220720,000000,17.8,18.18,17.79,18,115069,0
HUG,D,20220721,000000,17.77,18.2,17.77,18,659963,0
HUG,D,20220722,000000,18,18.48,18,18.26,296846,0
HUG,D,20220725,000000,18.2,18.35,18,18.1,188960,0
HUG,D,20220726,000000,18,18.19,17.74,17.9,204125,0
HUG,D,20220727,000000,17.8,17.97,17.42,17.78,170249,0
HUG,D,20220728,000000,17.89,18.08,17.77,18,198323,0
HUG,D,20220729,000000,17.9,18.14,17.9,18.1,148700,0
HUG,D,20220801,000000,18.15,18.87,17.86,18.74,132011,0
HUG,D,20220802,000000,18.68,21.58,18.25,21.5,917662,0
HUG,D,20220803,000000,22,22.48,20.8,22.48,618891,0
HUG,D,20220804,000000,22.5,22.5,21.14,22,299116,0
HUG,D,20220805,000000,21.9,22.3,21.54,22.08,141182,0
HUG,D,20220808,000000,22.4,22.4,21.74,22.3,134820,0
HUG,D,20220809,000000,22.18,22.8,21.82,22.06,88114,0
HUG,D,20220810,000000,22.06,22.56,21.84,22.44,106069,0
HUG,D,20220811,000000,22.1,24.28,22.1,22.52,230055,0
HUG,D,20220812,000000,22.9,23.5,22.52,22.92,101877,0
HUG,D,20220816,000000,23,23.46,22.72,23.3,75506,0
HUG,D,20220817,000000,23.6,23.6,22.52,22.8,311578,0
HUG,D,20220818,000000,22.98,23,22.5,22.98,627502,0
HUG,D,20220819,000000,23.1,23.1,22.46,22.84,60350,0
HUG,D,20220822,000000,22.5,22.5,21.36,21.6,87342,0
HUG,D,20220823,000000,21.78,21.96,21.16,21.54,105438,0
HUG,D,20220824,000000,21.34,21.76,20.98,21.76,65305,0
HUG,D,20220825,000000,21.5,22.46,21.5,22.4,53238,0
HUG,D,20220826,000000,22.06,23.14,22,22.5,252425,0
HUG,D,20220829,000000,22.38,22.38,21.62,21.94,51446,0
HUG,D,20220830,000000,21.94,23.5,21.94,22.34,160608,0
HUG,D,20220831,000000,22.98,23.06,22.5,22.76,236774,0
HUG,D,20220901,000000,22.5,22.64,21.9,22,115023,0
HUG,D,20220902,000000,22,22.82,21.84,22.8,39560,0
HUG,D,20220905,000000,23,23.42,22.6,23,104226,0
HUG,D,20220906,000000,22.5,22.94,22.5,22.8,49056,0
HUG,D,20220907,000000,22.92,22.92,22.02,22.58,51866,0
HUG,D,20220908,000000,22.9,23.98,22.84,23.5,1243641,0
HUG,D,20220909,000000,23.98,23.98,23.08,23.38,149506,0
HUG,D,20220912,000000,23.5,23.9,23.04,23.5,150757,0
HUG,D,20220913,000000,23.5,24.74,23.32,23.5,206063,0
HUG,D,20220914,000000,23.2,23.88,22.64,23.4,227342,0
HUG,D,20220915,000000,23.12,23.4,22.92,23.3,270603,0
HUG,D,20220916,000000,23.5,23.5,22.64,22.96,192622,0
HUG,D,20220919,000000,22.96,22.96,22.12,22.44,54987,0
HUG,D,20220920,000000,22.12,22.38,21.68,22.12,70439,0
HUG,D,20220921,000000,22,22.22,21.64,22.22,43520,0
HUG,D,20220922,000000,21.86,22.16,21.46,22,116884,0
HUG,D,20220923,000000,22,22.26,21.24,22,68537,0
HUG,D,20220926,000000,21.62,22.04,21.6,21.94,80055,0
HUG,D,20220927,000000,22.3,22.48,21.78,22.38,110011,0
HUG,D,20220928,000000,21.82,22,21.62,21.98,51568,0
HUG,D,20220929,000000,21.76,22,21.34,21.68,55971,0
HUG,D,20220930,000000,21.62,23,21.4,22.86,62191,0
HUG,D,20221003,000000,22.98,22.98,21.9,22.4,46676,0
HUG,D,20221004,000000,22.48,22.84,21.92,22.5,50679,0
HUG,D,20221005,000000,22.12,22.68,22,22,53900,0
HUG,D,20221006,000000,22,22.24,21.72,22.1,43329,0
HUG,D,20221007,000000,22.24,22.24,21.72,22,202765,0
HUG,D,20221010,000000,22.1,22.1,21.12,21.5,68871,0
HUG,D,20221011,000000,21.04,21.98,20.56,21.98,147914,0
HUG,D,20221012,000000,22.64,23.62,22.52,22.6,351046,0
HUG,D,20221013,000000,22.6,23.38,21.86,23.2,222549,0
HUG,D,20221014,000000,23.48,24.18,22.66,23.66,280641,0
HUG,D,20221017,000000,23.9,24.32,23.48,24.28,60513,0
HUG,D,20221018,000000,24.5,24.78,23.64,23.64,62792,0
HUG,D,20221019,000000,23.96,24.68,23.7,24.64,256333,0
HUG,D,20221020,000000,24.38,24.48,23.9,24.24,77188,0
HUG,D,20221021,000000,24.1,24.4,23.68,24.2,44518,0
HUG,D,20221024,000000,24.4,24.4,23.7,23.9,52159,0
HUG,D,20221025,000000,24.24,24.24,23.7,23.98,21153,0
HUG,D,20221026,000000,24.18,25.38,24.02,24.5,148732,0
HUG,D,20221027,000000,24.5,24.98,24.12,24.62,65976,0
HUG,D,20221028,000000,24.6,25,24.32,25,110543,0
HUG,D,20221031,000000,24.98,24.98,24.5,24.9,100427,0
HUG,D,20221102,000000,25,25,24,24.62,185820,0
HUG,D,20221103,000000,24.5,24.72,24.1,24.44,39398,0
HUG,D,20221104,000000,24.34,25,24.16,24.46,121111,0
HUG,D,20221107,000000,24.88,24.98,24.3,24.3,123948,0
HUG,D,20221108,000000,24.32,24.5,23.94,23.94,37975,0
HUG,D,20221109,000000,24,24.1,23.24,23.78,148521,0
HUG,D,20221110,000000,23.6,24,23,23.98,64905,0
HUG,D,20221114,000000,23.72,24.18,23.5,23.96,327439,0
HUG,D,20221115,000000,24,24.04,23.3,23.66,128977,0
HUG,D,20221116,000000,23.5,23.5,23.02,23.04,36318,0
HUG,D,20221117,000000,23.04,23.28,22.32,22.6,86910,0
HUG,D,20221118,000000,22.6,22.76,21.86,22.24,64949,0
HUG,D,20221121,000000,22.04,22.84,21.98,22.7,88084,0
HUG,D,20221122,000000,22.24,23.48,22.24,23.3,68415,0
HUG,D,20221123,000000,23.4,24.02,22.68,23.48,246707,0
HUG,D,20221124,000000,23.5,23.7,23.02,23.5,196115,0
HUG,D,20221125,000000,23.5,24,23.1,23.86,99285,0
HUG,D,20221128,000000,23.98,23.98,22.94,23.74,265452,0
HUG,D,20221129,000000,23.88,23.88,22.64,22.9,75740,0
HUG,D,20221130,000000,23,23.56,22.8,23.56,105646,0
HUG,D,20221201,000000,23.56,23.7,23.1,23.5,59175,0
HUG,D,20221202,000000,23.7,23.96,23.3,23.7,95381,0
HUG,D,20221205,000000,23.66,23.66,22.82,22.86,38413,0
HUG,D,20221206,000000,22.8,22.8,22.06,22.12,52546,0
HUG,D,20221207,000000,22.14,22.94,22,22.86,86176,0
HUG,D,20221208,000000,22.82,22.9,22.2,22.3,27984,0
HUG,D,20221209,000000,22.4,22.44,21.72,22.14,135988,0
HUG,D,20221212,000000,22.16,22.52,21.9,22.4,184781,0
HUG,D,20221213,000000,22.36,22.8,22.14,22.7,208425,0
HUG,D,20221214,000000,22.74,22.74,22.32,22.6,38954,0
HUG,D,20221215,000000,22.14,22.34,21.94,22.2,108566,0
HUG,D,20221216,000000,22,22.2,21.94,22.1,98217,0
HUG,D,20221219,000000,22.1,22.5,22.04,22.24,33590,0
HUG,D,20221220,000000,22.16,23.08,22,23.06,75000,0
HUG,D,20221221,000000,23.08,23.08,22.3,22.66,72192,0
HUG,D,20221222,000000,22.8,22.92,22.06,22.38,53898,0
HUG,D,20221223,000000,22.18,22.36,21.96,22.32,36042,0
HUG,D,20221227,000000,22,22.3,21.74,21.9,56754,0
HUG,D,20221228,000000,21.76,22.04,21.6,22,116193,0
HUG,D,20221229,000000,21.9,22.14,21.82,22.14,55805,0
HUG,D,20221230,000000,22,22.24,21.54,21.8,113212,0
HUG,D,20230102,000000,21.8,22.2,21.66,22,29994,0
HUG,D,20230103,000000,21.96,22.3,21.56,22.2,163664,0
HUG,D,20230104,000000,22,22.2,21.82,21.98,74422,0
HUG,D,20230105,000000,21.8,22.3,21.7,22,113316,0
HUG,D,20230109,000000,22.2,22.52,21.72,22,235756,0
HUG,D,20230110,000000,22,22.48,21.78,22.48,116476,0
HUG,D,20230111,000000,22.6,24.1,22.6,23.64,173390,0
HUG,D,20230112,000000,23.44,24.1,23.44,23.82,239313,0
HUG,D,20230113,000000,23.62,23.88,23.32,23.38,132476,0
HUG,D,20230116,000000,23.4,24.7,23.12,24.7,117786,0
HUG,D,20230117,000000,24.8,24.9,24.02,24.4,146736,0
HUG,D,20230118,000000,24.28,24.9,24.28,24.7,118568,0
HUG,D,20230119,000000,24.8,24.8,24.06,24.5,38035,0
HUG,D,20230120,000000,24.8,24.8,24.26,24.74,227473,0
HUG,D,20230123,000000,24.96,25.68,24.88,25.26,253398,0
HUG,D,20230124,000000,25.36,25.7,24.82,25.3,121503,0
HUG,D,20230125,000000,25.5,25.5,24.66,24.86,27388,0
HUG,D,20230126,000000,24.86,25.36,24.84,25.14,85430,0
HUG,D,20230127,000000,25.14,25.2,24.94,25.2,65508,0
HUG,D,20230130,000000,25,25,24.7,24.98,34001,0
HUG,D,20230131,000000,24.96,25,24.62,24.9,41938,0
HUG,D,20230201,000000,24.9,25,24.76,24.96,111152,0
HUG,D,20230202,000000,24.96,25.18,24.7,24.8,391608,0
HUG,D,20230203,000000,24.9,25.04,24.4,24.78,101614,0
HUG,D,20230206,000000,24.5,24.72,24.2,24.34,106929,0
HUG,D,20230207,000000,24.36,24.48,23.6,24.46,34093,0
HUG,D,20230208,000000,24.5,24.5,24.18,24.3,24147,0
HUG,D,20230209,000000,24.46,25,24.46,25,157710,0
HUG,D,20230210,000000,25,25,24.12,24.28,44713,0
HUG,D,20230213,000000,24,24.1,23.26,23.7,89184,0
HUG,D,20230214,000000,23.76,24.2,23.6,24.2,67134,0
HUG,D,20230215,000000,23.82,24,23.5,23.78,35070,0
HUG,D,20230216,000000,25.22,26.74,25.22,26.24,575206,0
HUG,D,20230217,000000,26.04,26.84,25.9,26.6,128874,0
HUG,D,20230220,000000,26.66,27.02,26.08,26.22,93899,0
HUG,D,20230221,000000,26.6,26.6,25.62,26.1,89068,0
HUG,D,20230222,000000,26.02,26.02,24.82,25.8,125204,0
HUG,D,20230223,000000,25.7,26.28,25.34,25.94,123229,0
HUG,D,20230224,000000,25.62,26.04,25.62,26,60884,0
HUG,D,20230227,000000,26,26.9,25.6,26.6,120751,0
HUG,D,20230228,000000,26.7,27.22,26.38,26.52,110128,0
HUG,D,20230301,000000,26.52,27.1,26.22,27.1,82005,0
HUG,D,20230302,000000,27,27.12,26.36,26.5,81319,0
HUG,D,20230303,000000,26.4,28.2,26.4,28,141779,0
HUG,D,20230306,000000,28.04,29.48,28.04,29.4,185073,0
HUG,D,20230307,000000,29.12,29.38,28.88,29.1,103271,0
HUG,D,20230308,000000,29.1,29.8,28.7,29.6,71721,0
HUG,D,20230309,000000,29.7,29.9,29.32,29.74,65007,0
HUG,D,20230310,000000,29.38,29.46,28.8,29.02,73882,0
HUG,D,20230313,000000,28.2,29.62,28.14,29,154006,0
HUG,D,20230314,000000,28.4,29.88,28.4,29.82,75577,0
HUG,D,20230315,000000,29.6,29.74,28.54,28.7,47510,0
HUG,D,20230316,000000,28.4,29.16,28.02,29.16,54602,0
HUG,D,20230317,000000,28.1,28.62,27.1,28.24,196416,0
HUG,D,20230320,000000,27.7,28.24,27.42,28.1,47253,0
HUG,D,20230321,000000,27.6,28.88,27.6,28.5,119449,0
HUG,D,20230322,000000,28.4,28.4,27.76,27.88,52318,0
HUG,D,20230323,000000,27.88,28.4,27.3,28.4,41421,0
HUG,D,20230324,000000,28.4,28.4,27.3,28.04,26629,0
HUG,D,20230327,000000,27.7,28,27.3,27.76,42419,0
HUG,D,20230328,000000,27.76,27.92,27.02,27.76,95370,0
HUG,D,20230329,000000,27.8,27.9,27.42,27.8,117958,0
HUG,D,20230330,000000,27.78,27.86,27.28,27.5,24844,0
HUG,D,20230331,000000,27.32,27.78,27.32,27.78,19214,0
HUG,D,20230403,000000,27.8,28.36,27.32,27.98,106673,0
HUG,D,20230404,000000,27.62,27.98,27.42,27.7,41848,0
HUG,D,20230405,000000,27.7,28.1,27.06,27.06,35263,0
HUG,D,20230406,000000,27,27.16,26,27.14,72081,0
HUG,D,20230411,000000,27,27.14,26.52,26.7,61509,0
HUG,D,20230412,000000,26.4,27.34,26.4,27.22,42541,0
HUG,D,20230413,000000,27,27.38,26.76,27.22,169747,0
HUG,D,20230414,000000,27.44,27.44,26.76,27.1,29543,0
HUG,D,20230417,000000,27.38,27.5,26.82,27.48,99023,0
HUG,D,20230418,000000,27.4,28.16,27.02,28.12,47575,0
HUG,D,20230419,000000,27.84,28.16,27.6,27.8,25527,0
HUG,D,20230420,000000,27.55,28,27.25,27.6,79425,0
HUG,D,20230421,000000,27.2,27.6,26.85,27.1,42038,0
HUG,D,20230424,000000,27.1,27.45,26.7,27.4,29197,0
HUG,D,20230425,000000,27.1,27.4,26.85,27.4,43710,0
HUG,D,20230426,000000,27,27,26.5,26.5,40542,0
HUG,D,20230427,000000,26.5,26.95,26.45,26.75,107636,0
HUG,D,20230428,000000,26.75,27,26.35,26.4,81259,0
HUG,D,20230502,000000,26.5,26.95,26,26.3,21266,0
HUG,D,20230504,000000,26.55,26.55,25.4,25.5,56707,0
HUG,D,20230505,000000,25.4,25.65,25,25.4,29994,0
HUG,D,20230508,000000,25.4,26.5,25.1,26.05,47096,0
HUG,D,20230509,000000,26.05,26.05,25.6,25.6,19729,0
HUG,D,20230510,000000,25.6,25.6,25.15,25.45,17066,0
HUG,D,20230511,000000,25.15,26,25.05,25.35,58864,0
HUG,D,20230512,000000,25.4,25.8,25.2,25.2,36662,0
HUG,D,20230515,000000,25.1,25.5,25,25.5,86950,0
HUG,D,20230516,000000,25.5,26,25.1,25.65,24334,0
HUG,D,20230517,000000,25.5,26.45,25.4,25.85,49948,0
HUG,D,20230518,000000,26,26.45,25.85,26,119731,0
HUG,D,20230519,000000,26,26.75,26,26.75,20966,0
HUG,D,20230522,000000,26.6,26.9,26.4,26.5,15557,0
HUG,D,20230523,000000,26.5,26.8,26.05,26.1,36856,0
HUG,D,20230524,000000,26,26.3,25.8,26,13214,0
HUG,D,20230525,000000,26.45,26.75,25.8,26.45,17982,0
HUG,D,20230526,000000,26.2,27.4,26.2,27,26057,0
HUG,D,20230529,000000,27.05,27.4,26.8,27.3,38915,0
HUG,D,20230530,000000,27.1,28.35,27.1,27.9,81862,0
HUG,D,20230531,000000,29.05,29.6,27.3,27.95,401436,0
HUG,D,20230601,000000,27.95,28.5,27.7,27.9,86323,0
HUG,D,20230602,000000,28.2,28.6,27.9,28.6,118064,0
HUG,D,20230605,000000,28.65,28.7,28.3,28.6,60559,0
HUG,D,20230606,000000,28.55,28.65,28.25,28.65,155773,0
HUG,D,20230607,000000,28.6,28.6,28.1,28.1,33535,0
HUG,D,20230609,000000,28.25,28.25,27.8,27.95,53785,0
HUG,D,20230612,000000,28.15,28.15,27.55,27.85,36188,0
HUG,D,20230613,000000,27.9,28.05,26.7,26.7,114881,0
HUG,D,20230614,000000,26.8,27.5,26.65,27.2,51967,0
HUG,D,20230615,000000,27,27,26.7,26.95,41097,0
HUG,D,20230616,000000,27.1,27.1,26.75,27,32531,0
HUG,D,20230619,000000,27,27.05,26.7,27.05,33122,0
HUG,D,20230620,000000,27.1,27.5,27.1,27.2,41480,0
HUG,D,20230621,000000,27.25,27.5,27.2,27.5,23430,0
HUG,D,20230622,000000,27.3,27.35,26.75,27,56178,0
HUG,D,20230623,000000,27,27,26.7,26.9,26066,0
HUG,D,20230626,000000,27,27.15,26.65,26.95,37356,0
HUG,D,20230627,000000,26.8,26.85,26.2,26.4,19088,0
HUG,D,20230628,000000,26.4,26.65,25.9,26.6,26323,0
HUG,D,20230629,000000,26.6,26.6,26.25,26.4,15079,0
HUG,D,20230630,000000,26.55,26.65,25.9,26.65,16109,0
HUG,D,20230703,000000,26,26.35,25.5,25.9,29746,0
HUG,D,20230704,000000,25.9,26.7,25.55,26.4,17790,0
HUG,D,20230705,000000,26.4,26.4,25.55,25.65,124547,0
HUG,D,20230706,000000,25.7,25.7,24,25,91863,0
HUG,D,20230707,000000,24.8,26.05,24.75,26.05,52726,0
HUG,D,20230710,000000,26.35,26.4,25.7,26.2,40041,0
HUG,D,20230711,000000,26.2,26.5,25.45,25.8,87822,0
HUG,D,20230712,000000,25.65,25.65,24.95,25.5,265815,0
HUG,D,20230713,000000,25.5,25.9,24.9,25,218194,0
HUG,D,20230714,000000,25.05,25.35,24.8,25.1,41906,0
HUG,D,20230717,000000,25,25,24.15,24.15,52095,0
HUG,D,20230718,000000,24.1,24.4,24,24.3,242094,0
HUG,D,20230719,000000,24.4,25.25,24.1,25.2,89332,0
HUG,D,20230720,000000,25.15,25.15,24.4,24.55,47046,0
HUG,D,20230721,000000,24.85,24.85,24.35,24.45,15170,0
HUG,D,20230724,000000,24.35,24.4,23.8,24.25,22341,0
HUG,D,20230725,000000,24.1,24.4,23.9,24.4,21553,0
HUG,D,20230726,000000,24.4,24.4,23.8,23.85,52749,0
HUG,D,20230727,000000,23.85,24.25,23.85,24,38309,0
HUG,D,20230728,000000,24.1,24.1,23.8,24.1,34079,0
HUG,D,20230731,000000,24,24.7,23.95,24.55,81764,0
HUG,D,20230801,000000,24.7,25,24.5,25,28197,0
HUG,D,20230802,000000,24.7,24.9,24.45,24.45,38106,0
HUG,D,20230803,000000,24.5,24.65,24.3,24.45,18417,0
HUG,D,20230804,000000,24.45,24.85,24.4,24.75,22452,0
HUG,D,20230807,000000,24.8,25.15,24,24.15,32497,0
HUG,D,20230808,000000,24.05,24.1,23.45,23.65,32509,0
HUG,D,20230809,000000,23.6,24,23.5,23.5,44108,0
HUG,D,20230810,000000,23.5,23.7,22.9,23.25,28523,0
HUG,D,20230811,000000,23.1,23.1,22.8,22.85,23711,0
HUG,D,20230814,000000,22.85,23.55,22.25,23.1,27698,0
HUG,D,20230816,000000,23.45,24.35,22.65,24.05,84442,0
HUG,D,20230817,000000,24.05,24.2,23.5,24.1,45088,0
HUG,D,20230818,000000,23.5,24,23.4,24,92306,0
HUG,D,20230821,000000,23.65,24.05,23.4,23.45,46750,0
HUG,D,20230822,000000,23.55,23.55,22.4,23,132095,0
HUG,D,20230823,000000,23,23.9,23,23.9,30950,0
HUG,D,20230824,000000,23.75,24,23.45,24,84413,0
HUG,D,20230825,000000,24,24.1,23.65,23.8,60631,0
HUG,D,20230828,000000,23.6,24.95,23.45,24.9,77763,0
HUG,D,20230829,000000,24.9,24.95,24.4,24.9,76875,0
HUG,D,20230830,000000,25.1,25.6,24.7,25.1,72782,0
HUG,D,20230831,000000,25.15,26.2,25,25.85,276532,0
HUG,D,20230901,000000,25.5,26.4,25,26.1,303067,0
HUG,D,20230904,000000,26.35,26.6,25.5,26,189098,0
HUG,D,20230905,000000,25.5,25.9,25.2,25.7,201006,0
HUG,D,20230906,000000,25.8,25.95,25,25.95,1100579,0
HUG,D,20230907,000000,25.95,26.95,25.7,26.95,144810,0
HUG,D,20230908,000000,27,27.45,25.35,26.4,492905,0
HUG,D,20230911,000000,26.05,26.45,25.9,26.3,127530,0
HUG,D,20230912,000000,26,26.8,26,26.75,50026,0
HUG,D,20230913,000000,26.05,26.65,26.05,26.4,44855,0
HUG,D,20230914,000000,26.15,26.3,26,26.3,36383,0
HUG,D,20230915,000000,26.05,26.2,25.5,25.7,118325,0
HUG,D,20230918,000000,25.7,25.95,25.5,25.8,14626,0
HUG,D,20230919,000000,25.85,25.85,24.7,24.9,84261,0
HUG,D,20230920,000000,24.7,25.05,24.35,24.7,138703,0
HUG,D,20230921,000000,24.9,25,24.55,25,72808,0
HUG,D,20230922,000000,25.1,25.1,24.5,24.9,58857,0
HUG,D,20230925,000000,25.1,25.2,24.9,25.15,66776,0
HUG,D,20230926,000000,25,25.25,24.8,25,121853,0
HUG,D,20230927,000000,25.15,26.45,25.15,26.05,123667,0
HUG,D,20230928,000000,26.05,26.05,25,25.1,95691,0
HUG,D,20230929,000000,25.1,25.9,25.1,25.85,38630,0
HUG,D,20231002,000000,25.85,26.15,25.4,25.75,38702,0
HUG,D,20231003,000000,25.75,25.9,25.4,25.5,71531,0
HUG,D,20231004,000000,25.15,25.8,25.15,25.5,31304,0
HUG,D,20231005,000000,25.85,25.85,25.1,25.3,15114,0
HUG,D,20231006,000000,25.3,25.5,24.7,25,43784,0
HUG,D,20231009,000000,24.7,25.1,24.6,25,49080,0
HUG,D,20231010,000000,24.85,25.6,24.85,25.1,16191,0
HUG,D,20231011,000000,25,25.25,24.5,24.75,42305,0
HUG,D,20231012,000000,24.8,25.15,24.5,24.9,59816,0
HUG,D,20231013,000000,24.9,24.9,24.5,24.55,27626,0
HUG,D,20231016,000000,24.65,25.35,24.5,25.35,115489,0
HUG,D,20231017,000000,24.9,26.05,24.9,25.85,89085,0
HUG,D,20231018,000000,25.35,26,25.35,26,64812,0
HUG,D,20231019,000000,25.4,26.1,25.4,25.9,25821,0
HUG,D,20231020,000000,25.9,25.9,25.45,25.5,22642,0
HUG,D,20231023,000000,25.5,25.85,25.35,25.4,141596,0
HUG,D,20231024,000000,25.55,25.8,25.3,25.6,31988,0
HUG,D,20231025,000000,25.95,26.3,25.7,25.75,41147,0
HUG,D,20231026,000000,25.8,26.65,25.7,26.4,67682,0
HUG,D,20231027,000000,25.7,26.85,25.7,26.75,45867,0
HUG,D,20231030,000000,26.7,26.7,26.35,26.5,68872,0
HUG,D,20231031,000000,26.65,26.65,25.8,26,47494,0
HUG,D,20231102,000000,26.15,26.85,26.15,26.5,53360,0
HUG,D,20231103,000000,26.5,27.35,26.45,27.15,52427,0
HUG,D,20231106,000000,27.3,28,27.3,27.45,118362,0
HUG,D,20231107,000000,27.15,27.85,26.9,27.85,25568,0
HUG,D,20231108,000000,27.3,27.8,27.15,27.15,22906,0
HUG,D,20231109,000000,27.4,27.9,27.3,27.6,38584,0
HUG,D,20231110,000000,27.6,27.65,26.9,27.5,29537,0
HUG,D,20231113,000000,27.5,27.5,26.8,27,131136,0
HUG,D,20231114,000000,26.75,27.3,26.75,27,94658,0
HUG,D,20231115,000000,26.9,27.7,26.9,27.65,96874,0
HUG,D,20231116,000000,27.65,27.8,27.1,27.65,32906,0
HUG,D,20231117,000000,27.5,27.8,27.3,27.75,314657,0
HUG,D,20231120,000000,27.75,27.85,27.3,27.75,127189,0
HUG,D,20231121,000000,27.75,28.55,27.4,28.3,96098,0
HUG,D,20231122,000000,28.5,28.6,27.85,28.1,28829,0
HUG,D,20231123,000000,28.1,28.15,26.85,27.2,58432,0
HUG,D,20231124,000000,27.35,28,27.2,28,53736,0
HUG,D,20231127,000000,28,28,26.9,27,43422,0
HUG,D,20231128,000000,27.1,27.5,27,27.5,16122,0
HUG,D,20231129,000000,27.4,27.4,26.9,27.1,37282,0
HUG,D,20231130,000000,26.95,27.4,26.95,27.05,14189,0
HUG,D,20231201,000000,27.1,27.2,26.3,26.7,183926,0
HUG,D,20231204,000000,26.55,26.95,26,26.3,36982,0
HUG,D,20231205,000000,26.25,26.65,26.05,26.4,20341,0
HUG,D,20231206,000000,26.4,26.45,26,26,107545,0
HUG,D,20231207,000000,26.1,26.2,25.6,25.65,16408,0
HUG,D,20231208,000000,25.65,26,25.65,25.85,12923,0
HUG,D,20231211,000000,25.9,26.65,25.8,26.45,101964,0
HUG,D,20231212,000000,26.7,26.7,26,26.3,46068,0
HUG,D,20231213,000000,26.1,26.6,25.75,26.35,151331,0
HUG,D,20231214,000000,26.25,26.35,25.7,26.1,109576,0
HUG,D,20231215,000000,26,26.5,25.9,26.3,127358,0
HUG,D,20231218,000000,26.4,27.1,26.3,27,28352,0
HUG,D,20231219,000000,26.4,27.1,26.4,27,37369,0
HUG,D,20231220,000000,26.85,27,26.4,27,42177,0
HUG,D,20231221,000000,27,27.15,26.65,26.9,163153,0
HUG,D,20231222,000000,26.8,27.6,26.7,27.5,71158,0
HUG,D,20231227,000000,27.85,27.85,26.8,26.95,70503,0
HUG,D,20231228,000000,26.95,27.15,26.8,26.95,26405,0
HUG,D,20231229,000000,27,27.25,26.8,26.8,44703,0
HUG,D,20240102,000000,26.95,26.95,26.1,26.15,41067,0
HUG,D,20240103,000000,26.15,26.5,26.1,26.5,27256,0
HUG,D,20240104,000000,26.75,26.75,25.8,25.9,64644,0
HUG,D,20240105,000000,25.8,26.4,25.8,26.3,16266,0
HUG,D,20240108,000000,26.3,26.3,25.75,26.1,19976,0
HUG,D,20240109,000000,26.1,26.75,26,26.75,31740,0
HUG,D,20240110,000000,26.75,27.25,26.3,27,40224,0
HUG,D,20240111,000000,27,27.1,26.6,27.1,43748,0
HUG,D,20240112,000000,26.7,27.25,26.6,27.15,66164,0
HUG,D,20240115,000000,27.15,27.15,26.7,26.9,18983,0
HUG,D,20240116,000000,27,27,26.25,26.5,22043,0
HUG,D,20240117,000000,26.5,26.5,26.15,26.25,11619,0
HUG,D,20240118,000000,26.45,27,26.2,27,37721,0
HUG,D,20240119,000000,27,27.45,26.95,27.4,94095,0
HUG,D,20240122,000000,27.45,27.7,27.45,27.5,72779,0
HUG,D,20240123,000000,27.45,27.5,27.3,27.45,37538,0
HUG,D,20240124,000000,27.3,28.7,27.3,28.15,104999,0
HUG,D,20240125,000000,28.25,28.95,27.9,28.85,89606,0
HUG,D,20240126,000000,28.85,29,28.45,28.55,17635,0
HUG,D,20240129,000000,28.5,29.75,28.5,29.7,109450,0
HUG,D,20240130,000000,29.65,29.65,28.05,28.6,139544,0
HUG,D,20240131,000000,28.35,28.6,28,28.4,30492,0
HUG,D,20240201,000000,28.3,28.35,27.75,28.05,30289,0
HUG,D,20240202,000000,28.05,28.25,27.7,28.15,15589,0
HUG,D,20240205,000000,28.15,28.45,27.9,27.9,20064,0
HUG,D,20240206,000000,28,28.65,27.75,28.4,26981,0
HUG,D,20240207,000000,28.5,28.5,27.6,27.85,18665,0
HUG,D,20240208,000000,27.85,27.9,27.55,27.6,28823,0
HUG,D,20240209,000000,27.85,28,27.3,27.45,45336,0
HUG,D,20240212,000000,27.5,27.7,27.1,27.4,20098,0
HUG,D,20240213,000000,27.4,27.75,27.15,27.2,15830,0
HUG,D,20240214,000000,27.2,27.65,27.1,27.55,18143,0
HUG,D,20240215,000000,27.55,27.85,27.25,27.35,13348,0
HUG,D,20240216,000000,27.35,27.75,27.35,27.45,8467,0
HUG,D,20240219,000000,27.65,27.65,26.85,27,43389,0
HUG,D,20240220,000000,27,27.6,27,27.6,25578,0
HUG,D,20240221,000000,27.6,27.6,27.1,27.2,12985,0
HUG,D,20240222,000000,27.1,27.4,27.1,27.25,12999,0
HUG,D,20240223,000000,27.2,27.45,27.2,27.2,12568,0
HUG,D,20240226,000000,27.15,27.7,27.1,27.45,19818,0
HUG,D,20240227,000000,27.65,28,27.3,28,31397,0
HUG,D,20240228,000000,28,28.2,27.8,28.2,36188,0
HUG,D,20240229,000000,28.2,28.25,28,28.05,21645,0
HUG,D,20240301,000000,28.5,28.65,28.1,28.35,25473,0
HUG,D,20240304,000000,28.55,28.6,28,28,23923,0
HUG,D,20240305,000000,28.2,28.2,27.85,28,14133,0
HUG,D,20240306,000000,28,28.5,27.85,28.1,50944,0
HUG,D,20240307,000000,28.15,28.45,28,28,12784,0
HUG,D,20240308,000000,28.1,28.7,28.05,28.7,34229,0
HUG,D,20240311,000000,28.5,28.7,28.4,28.65,14854,0
HUG,D,20240312,000000,28.55,28.8,28.1,28.75,42335,0
HUG,D,20240313,000000,28.4,28.75,28.4,28.7,8101,0
HUG,D,20240314,000000,28.5,28.6,28.2,28.35,18834,0
HUG,D,20240315,000000,29.05,29.35,27.25,27.85,98982,0
HUG,D,20240318,000000,28.1,28.1,26.15,26.5,95081,0
HUG,D,20240319,000000,26.6,27.35,26.45,26.7,44507,0
HUG,D,20240320,000000,26.7,26.7,26,26.05,36128,0
HUG,D,20240321,000000,26.3,26.55,26,26.1,57780,0
HUG,D,20240322,000000,26,26.4,26,26.2,12911,0
HUG,D,20240325,000000,26.4,27.1,26.4,26.6,46249,0
HUG,D,20240326,000000,26.45,26.9,26.25,26.35,20916,0
HUG,D,20240327,000000,26.25,26.65,26.25,26.5,60661,0
HUG,D,20240328,000000,26.5,27.05,26.45,27,28914,0
HUG,D,20240402,000000,26.7,27.45,26.7,26.95,24468,0
HUG,D,20240403,000000,27.1,27.15,26.85,26.95,14102,0
HUG,D,20240404,000000,27,27.05,26.4,26.45,42515,0
HUG,D,20240405,000000,26.65,26.8,26.25,26.45,36975,0
HUG,D,20240408,000000,26.35,26.8,26.25,26.5,27219,0
HUG,D,20240409,000000,26.6,27.3,26.6,26.85,25244,0
HUG,D,20240410,000000,26.65,27.05,26.55,26.95,21804,0
HUG,D,20240411,000000,27,27.2,26.65,27,23782,0
HUG,D,20240412,000000,26.75,26.85,26.2,26.4,31557,0
HUG,D,20240415,000000,26.2,26.6,26.15,26.25,15071,0
HUG,D,20240416,000000,26.25,26.25,24.1,24.8,110265,0
HUG,D,20240417,000000,24.7,25.35,24.7,25,28574,0
HUG,D,20240418,000000,25,25.3,24.65,25,20189,0
HUG,D,20240419,000000,25,25,24.6,25,14533,0
HUG,D,20240422,000000,25.3,25.3,24.85,25.25,15470,0
HUG,D,20240423,000000,25.2,26.2,25.2,25.4,38100,0
HUG,D,20240424,000000,25.4,25.9,25.25,25.25,20476,0
HUG,D,20240425,000000,25.6,25.6,24.8,25.15,18716,0
HUG,D,20240426,000000,25.15,25.2,24.7,24.7,24211,0
HUG,D,20240429,000000,24.7,25,24.5,25,14381,0
HUG,D,20240430,000000,25.05,25.15,24.7,24.7,5891,0
HUG,D,20240502,000000,25.15,25.15,24.65,24.8,14361,0
HUG,D,20240506,000000,24.7,24.95,24.55,24.75,10511,0
HUG,D,20240507,000000,24.7,24.7,24.05,24.1,44465,0
HUG,D,20240508,000000,24.1,24.55,23.75,24.5,192973,0
HUG,D,20240509,000000,24.5,24.55,23.9,24.15,17845,0
HUG,D,20240510,000000,24.25,24.25,23.8,23.9,14557,0
HUG,D,20240513,000000,23.95,24.35,23.75,23.9,55958,0
HUG,D,20240514,000000,23.9,24.1,23.4,23.5,48461,0
HUG,D,20240515,000000,23.6,23.6,22.9,23.2,92012,0
HUG,D,20240516,000000,23.15,23.4,23.05,23.3,26901,0
HUG,D,20240517,000000,23.3,23.45,22.75,22.95,40914,0
HUG,D,20240520,000000,23.05,23.85,23.05,23.85,33890,0
HUG,D,20240521,000000,23.85,23.85,23.2,23.2,24767,0
HUG,D,20240522,000000,23.3,23.6,23.2,23.35,373086,0
HUG,D,20240523,000000,23.35,23.9,23.3,23.4,103030,0
HUG,D,20240524,000000,23.5,23.75,23.2,23.45,66850,0
HUG,D,20240527,000000,23.45,23.8,23.3,23.45,227593,0
HUG,D,20240528,000000,23.5,23.7,23.2,23.5,22631,0
HUG,D,20240529,000000,23.25,23.3,22.15,22.15,100168,0
HUG,D,20240531,000000,22.1,22.5,21.95,22.35,15111,0
HUG,D,20240603,000000,22.35,22.95,22.25,22.7,39935,0
HUG,D,20240604,000000,22.9,22.9,22.1,22.3,127387,0
HUG,D,20240605,000000,22.25,22.8,22.25,22.7,17094,0
HUG,D,20240606,000000,22.75,22.8,22.3,22.4,11316,0
HUG,D,20240607,000000,22.3,22.65,22.25,22.6,254980,0
HUG,D,20240610,000000,22.6,23.55,22.5,23.5,34268,0
HUG,D,20240611,000000,23.45,23.5,22.85,23.2,23002,0
HUG,D,20240612,000000,23.05,23.2,22.9,23.1,13219,0
HUG,D,20240613,000000,23,23.3,22.7,23.1,17808,0
HUG,D,20240614,000000,22.9,22.9,22.35,22.85,249594,0
HUG,D,20240617,000000,22.7,23.25,22.5,22.65,55176,0
HUG,D,20240618,000000,22.85,22.9,22.45,22.45,93429,0
HUG,D,20240619,000000,22.45,22.6,22.35,22.5,8564,0
HUG,D,20240620,000000,22.55,23.35,22.55,22.8,40439,0
HUG,D,20240621,000000,22.95,23.9,22.75,23.2,233104,0
HUG,D,20240624,000000,23.85,24.25,23.55,23.95,51415,0
HUG,D,20240625,000000,23.95,24.2,23.3,23.3,22687,0
HUG,D,20240626,000000,23.1,23.8,23.1,23.8,302358,0
HUG,D,20240627,000000,23.75,24,23.4,23.7,92626,0
HUG,D,20240628,000000,24,24,23.6,23.65,61768,0
HUG,D,20240701,000000,24,24,23.55,23.85,11964,0
HUG,D,20240702,000000,23.85,24.1,23.65,23.65,13566,0
HUG,D,20240703,000000,23.85,24,23.35,23.85,50856,0
HUG,D,20240704,000000,24,24.65,23.85,24.2,133346,0
HUG,D,20240705,000000,24.2,24.25,23.8,24.05,45181,0
HUG,D,20240708,000000,24,24,23.7,23.8,32557,0
HUG,D,20240709,000000,23.75,23.9,23.4,23.65,25663,0
HUG,D,20240710,000000,23.6,23.85,23.4,23.75,12113,0
HUG,D,20240711,000000,23.8,23.85,23.4,23.7,23358,0
HUG,D,20240712,000000,23.55,23.55,22.85,22.85,47092,0
HUG,D,20240715,000000,22.85,23,22.4,22.5,32016,0
HUG,D,20240716,000000,22.8,22.8,22.2,22.25,29548,0
HUG,D,20240717,000000,22.6,22.6,21.65,22,72304,0
HUG,D,20240718,000000,22.1,22.1,21.7,21.7,70622,0
HUG,D,20240719,000000,22,22.4,21.75,22.05,30942,0
HUG,D,20240722,000000,22.05,22.05,21.75,21.8,42444,0
HUG,D,20240723,000000,21.8,21.85,21.5,21.65,18380,0
HUG,D,20240724,000000,21.55,21.8,21.45,21.45,21059,0
HUG,D,20240725,000000,21.45,21.65,20.8,21.2,25064,0
HUG,D,20240726,000000,21.2,21.7,20.9,21,15837,0
HUG,D,20240729,000000,21,21.05,20.65,20.8,38035,0
HUG,D,20240730,000000,21,21,20.65,20.8,17555,0
HUG,D,20240731,000000,20.8,21.25,20.7,20.9,166195,0
HUG,D,20240801,000000,21,21,20.35,20.4,41294,0
HUG,D,20240802,000000,20.5,20.6,19.9,20.45,29458,0
HUG,D,20240805,000000,19.32,20.8,18.8,20.75,99119,0
HUG,D,20240806,000000,20.75,20.8,20.25,20.8,13985,0
HUG,D,20240807,000000,20.8,20.8,20.05,20.05,18852,0
HUG,D,20240808,000000,20.05,20.05,19.7,20,11233,0
HUG,D,20240809,000000,19.9,20,19.86,20,22597,0
HUG,D,20240812,000000,20,20,19.76,19.76,16067,0
HUG,D,20240813,000000,19.76,19.98,19.56,19.98,18016,0
HUG,D,20240814,000000,19.92,19.92,19.52,19.52,21075,0
HUG,D,20240816,000000,19.6,20.95,19.6,20.95,72825,0
HUG,D,20240819,000000,20.9,21.1,20.35,21.1,39138,0
HUG,D,20240820,000000,21.1,21.1,20.4,20.65,13809,0
HUG,D,20240821,000000,20.6,20.6,20.2,20.4,60342,0
HUG,D,20240822,000000,20.7,21.4,20.45,20.55,18100,0
HUG,D,20240823,000000,20.6,20.95,20.45,20.45,10604,0
HUG,D,20240826,000000,20.45,20.9,20.25,20.6,38513,0
HUG,D,20240827,000000,20.5,20.8,20.4,20.45,126092,0
HUG,D,20240828,000000,20.45,20.75,20.45,20.6,9043,0
HUG,D,20240829,000000,20.5,20.75,20.5,20.55,3284,0
HUG,D,20240830,000000,20.7,21.2,20.5,21,11158,0
HUG,D,20240902,000000,21.35,21.6,20.85,21,136862,0
HUG,D,20240903,000000,20.95,21,20.5,20.6,62520,0
HUG,D,20240904,000000,20.85,20.9,20.6,20.65,5096,0
HUG,D,20240905,000000,20.65,20.8,20.45,20.45,5909,0
HUG,D,20240906,000000,20.6,20.6,19.6,19.6,18546,0
HUG,D,20240909,000000,19.6,19.9,19.22,19.22,10679,0
HUG,D,20240910,000000,19.22,19.3,19.02,19.28,21229,0
HUG,D,20240911,000000,19.1,19.28,18.7,18.7,29875,0
HUG,D,20240912,000000,18.3,19.4,18.06,19.02,27897,0
HUG,D,20240913,000000,19.02,19.74,18.88,19.12,32485,0
HUG,D,20240916,000000,19.02,19.02,18.6,18.72,25348,0
HUG,D,20240917,000000,18.66,18.8,18.44,18.8,30140,0
HUG,D,20240918,000000,18.56,18.56,18.4,18.5,20186,0
HUG,D,20240919,000000,18.56,18.74,18.4,18.6,10210,0
HUG,D,20240920,000000,18.7,18.74,18.34,18.5,53821,0
HUG,D,20240923,000000,18.6,18.78,18.5,18.6,25867,0
HUG,D,20240924,000000,18.6,18.98,18.4,18.4,125981,0
HUG,D,20240925,000000,18.6,18.6,17.74,17.9,44011,0
HUG,D,20240926,000000,18.08,18.24,17.92,18.16,14476,0
HUG,D,20240927,000000,18.26,18.26,18.04,18.2,9953,0
HUG,D,20240930,000000,18.2,18.24,18.12,18.14,9539,0
HUG,D,20241001,000000,18.2,18.3,17.8,17.9,73628,0
HUG,D,20241002,000000,17.9,18,17.5,17.74,27648,0
HUG,D,20241003,000000,17.7,17.8,17.26,17.3,26597,0
HUG,D,20241004,000000,17.3,17.4,17.18,17.32,15365,0
HUG,D,20241007,000000,17.28,17.48,16.98,17.48,81201,0
HUG,D,20241008,000000,17.48,17.48,16.82,16.86,23242,0
HUG,D,20241009,000000,16.88,17.34,16.74,17.34,80269,0
HUG,D,20241010,000000,17.34,17.62,16.74,17.62,58200,0
HUG,D,20241011,000000,17.66,17.7,17.1,17.1,20350,0
HUG,D,20241014,000000,17.2,17.2,16.62,16.92,35915,0
HUG,D,20241015,000000,16.84,16.9,16.8,16.84,10231,0
HUG,D,20241016,000000,16.98,16.98,16.72,16.72,10109,0
HUG,D,20241017,000000,16.8,16.96,16.72,16.74,9657,0
HUG,D,20241018,000000,16.74,16.92,16.7,16.88,10052,0
HUG,D,20241021,000000,16.88,16.9,16.7,16.82,17131,0
HUG,D,20241022,000000,16.82,16.9,16.8,16.8,11160,0
HUG,D,20241023,000000,16.8,17.2,16.8,16.92,25907,0
HUG,D,20241024,000000,17.18,17.2,16.72,16.72,37769,0
HUG,D,20241025,000000,16.72,17.16,16.64,16.92,37265,0
HUG,D,20241028,000000,16.92,16.92,16.62,16.7,27089,0
HUG,D,20241029,000000,16.88,16.88,16.42,16.42,30073,0
HUG,D,20241030,000000,16.42,16.68,16.4,16.58,12123,0
HUG,D,20241031,000000,16.5,16.7,16.3,16.3,13869,0
HUG,D,20241104,000000,16.3,16.62,16.04,16.14,20837,0
HUG,D,20241105,000000,16.4,16.4,15.82,15.9,31267,0
HUG,D,20241106,000000,15.9,16.08,15.84,15.88,22846,0
HUG,D,20241107,000000,15.9,16,15.76,15.86,34624,0
HUG,D,20241108,000000,15.9,16.8,15.8,16.78,52895,0
HUG,D,20241112,000000,16.72,16.78,16.44,16.5,11694,0
HUG,D,20241113,000000,16.52,17.34,16.4,17.22,45497,0
HUG,D,20241114,000000,17.36,17.36,16.6,17.1,35912,0
HUG,D,20241115,000000,17.2,17.26,16.72,16.72,13115,0
HUG,D,20241118,000000,16.7,16.7,16.42,16.46,25581,0
HUG,D,20241119,000000,16.22,16.44,15.82,15.98,23910,0
HUG,D,20241120,000000,15.84,15.98,15.7,15.96,13611,0
HUG,D,20241121,000000,15.8,16.48,15.64,16.48,17512,0
HUG,D,20241122,000000,17,17.62,16.62,17.36,50841,0
HUG,D,20241125,000000,17.2,17.5,16.62,16.66,29329,0
HUG,D,20241126,000000,16.8,17.2,16.64,16.86,17031,0
HUG,D,20241127,000000,17.06,17.06,16.18,16.34,32024,0
HUG,D,20241128,000000,16.22,16.4,16.12,16.12,13860,0
HUG,D,20241129,000000,16.14,16.5,16.06,16.5,23519,0
HUG,D,20241202,000000,16.48,16.78,16.34,16.78,33666,0
HUG,D,20241203,000000,16.88,17.36,16.8,17.16,32814,0
HUG,D,20241204,000000,17.3,17.6,17,17.48,68109,0
HUG,D,20241205,000000,17.5,18.94,17.5,18.8,139236,0
HUG,D,20241206,000000,18.88,18.88,18.16,18.44,57423,0
HUG,D,20241209,000000,18.5,18.5,18.1,18.22,16844,0
HUG,D,20241210,000000,18.18,18.38,17.8,18.38,31901,0
HUG,D,20241211,000000,18.38,18.4,17.98,18.2,14046,0
HUG,D,20241212,000000,18.06,18.14,16.98,18,80732,0
HUG,D,20241213,000000,18,18.38,17.8,18.34,177769,0
HUG,D,20241216,000000,18.4,18.44,17.6,17.68,60194,0
HUG,D,20241217,000000,17.6,17.84,17.08,17.1,44011,0
HUG,D,20241218,000000,17.28,17.38,16.92,17.22,32703,0
HUG,D,20241219,000000,17.04,17.36,17,17.24,54424,0
HUG,D,20241220,000000,17.16,17.3,16.5,16.52,50444,0
HUG,D,20241223,000000,16.52,16.66,16.02,16.12,67779,0
HUG,D,20241227,000000,16.12,16.46,16.1,16.38,28564,0
HUG,D,20241230,000000,16.42,17.36,16.16,17.26,23681,0
HUG,D,20250102,000000,17.04,18.04,17.04,17.86,37495,0
HUG,D,20250103,000000,17.86,18.3,17.86,18.2,32162,0
HUG,D,20250107,000000,18,18.26,17.8,18.12,51458,0
HUG,D,20250108,000000,18.12,18.22,18,18.02,14344,0
HUG,D,20250109,000000,17.92,19.68,17.64,19.26,133138,0
HUG,D,20250110,000000,19.26,19.38,18.86,19.38,55015,0
HUG,D,20250113,000000,19.38,19.38,18.8,18.98,12655,0
HUG,D,20250114,000000,18.8,19.2,18.4,18.7,43801,0
HUG,D,20250115,000000,18.7,18.88,18.48,18.56,9071,0
HUG,D,20250116,000000,18.42,19.08,18.42,18.98,11551,0
HUG,D,20250117,000000,19.02,19.14,18.5,19.08,30640,0
HUG,D,20250120,000000,19.08,19.3,18.7,19.2,14605,0
HUG,D,20250121,000000,19.2,19.58,19.2,19.4,56620,0
HUG,D,20250122,000000,19.4,19.56,18.72,18.98,25007,0
HUG,D,20250123,000000,19,19,18.4,18.4,18258,0
HUG,D,20250124,000000,18.28,18.68,18.24,18.32,23953,0
HUG,D,20250127,000000,18.32,19.16,18.12,19,39432,0
HUG,D,20250128,000000,19,19,18.6,18.76,8662,0
HUG,D,20250129,000000,18.76,19,18.68,18.98,23280,0
HUG,D,20250130,000000,18.8,18.8,18.36,18.76,24685,0
HUG,D,20250131,000000,18.76,18.76,17.92,18.14,20891,0
HUG,D,20250203,000000,18.12,18.26,18,18.26,3190,0
HUG,D,20250204,000000,18.14,18.26,18.02,18.1,22759,0
HUG,D,20250205,000000,18.1,18.1,17.8,17.8,18657,0
HUG,D,20250206,000000,17.74,18.2,17.74,18.04,12441,0
HUG,D,20250207,000000,18.1,18.28,17.96,17.96,33056,0
HUG,D,20250210,000000,17.96,18.38,17.92,17.98,16409,0
HUG,D,20250211,000000,17.92,18.26,17.92,18.26,8144,0
HUG,D,20250212,000000,18.2,18.28,17.8,18.16,38464,0
HUG,D,20250213,000000,18.24,18.24,18,18.02,23623,0
HUG,D,20250214,000000,18.02,18.2,17.76,18,15019,0
HUG,D,20250217,000000,18,18.24,17.84,17.84,30916,0
HUG,D,20250218,000000,17.84,18.22,17.84,18.2,16766,0
HUG,D,20250219,000000,18.18,18.18,17.86,17.86,14846,0
HUG,D,20250220,000000,18.1,18.2,17.82,18.16,19301,0
HUG,D,20250221,000000,18.02,18.16,17.9,18.12,20425,0
HUG,D,20250224,000000,18,18.12,17.84,18,22039,0
HUG,D,20250225,000000,17.96,18.1,17.8,17.86,10064,0
HUG,D,20250226,000000,17.86,18,17.82,17.98,4821,0
HUG,D,20250227,000000,17.92,17.92,17.14,17.34,33255,0
HUG,D,20250228,000000,17.32,17.52,17.04,17.22,14835,0
HUG,D,20250303,000000,17.56,18.36,17.3,18.28,62014,0
HUG,D,20250304,000000,18.26,18.26,17.52,17.58,28424,0
HUG,D,20250305,000000,17.66,18.14,17.66,17.86,9285,0
HUG,D,20250306,000000,17.68,18.64,17.66,18.44,43204,0
HUG,D,20250307,000000,18.52,18.52,18.14,18.2,18220,0
HUG,D,20250310,000000,18.4,18.84,18.24,18.52,24917,0
HUG,D,20250311,000000,18.72,18.98,18.62,18.62,28572,0
HUG,D,20250312,000000,18.9,18.98,18.64,18.88,10583,0
HUG,D,20250313,000000,18.9,18.9,18.2,18.5,20347,0
HUG,D,20250314,000000,18.54,18.92,18.5,18.72,14396,0
HUG,D,20250317,000000,18.72,18.86,18.04,18.04,31922,0
HUG,D,20250318,000000,18.14,18.64,17.98,18.08,20633,0
HUG,D,20250319,000000,18.12,18.98,18.08,18.8,31243,0
HUG,D,20250320,000000,18.88,18.88,18.06,18.2,33206,0
HUG,D,20250321,000000,18.44,18.8,17.84,18.8,60754,0
HUG,D,20250324,000000,18.8,18.8,18.44,18.6,11954,0
HUG,D,20250325,000000,18.6,18.86,18.6,18.82,18313,0
HUG,D,20250326,000000,18.62,18.88,18.62,18.8,39493,0
HUG,D,20250327,000000,18.54,18.86,18.54,18.86,14696,0
HUG,D,20250328,000000,18.8,18.8,18.58,18.8,11762,0
HUG,D,20250331,000000,18.78,19.14,18.6,19.14,51941,0
HUG,D,20250401,000000,19.02,20.45,19.02,20.4,76106,0
HUG,D,20250402,000000,20.4,20.45,20.1,20.4,32750,0
HUG,D,20250403,000000,20,20.3,19.5,19.88,68482,0
HUG,D,20250404,000000,19.5,20.25,19.2,19.2,61359,0
HUG,D,20250407,000000,18.1,19.16,17.62,19,41031,0
HUG,D,20250408,000000,18.84,19.3,18.8,19.18,20537,0
HUG,D,20250409,000000,18.88,19.7,18.62,19.6,20446,0
HUG,D,20250410,000000,20.15,20.25,19.82,19.84,44285,0
HUG,D,20250411,000000,19.7,20,19.5,19.98,23041,0
HUG,D,20250414,000000,20,20.4,20,20.4,44339,0
HUG,D,20250415,000000,20.4,20.75,20.2,20.45,33438,0
HUG,D,20250416,000000,20.25,20.5,20.25,20.3,9229,0
HUG,D,20250417,000000,19.2,19.36,18.64,18.88,111476,0
HUG,D,20250422,000000,18.88,19.04,18.7,18.72,28597,0
HUG,D,20250423,000000,19,19.24,18.66,18.84,42623,0
HUG,D,20250424,000000,18.84,18.96,18.6,18.8,47395,0
HUG,D,20250425,000000,18.8,18.92,18.4,18.68,63856,0
HUG,D,20250428,000000,18.42,18.76,18.28,18.36,29946,0
HUG,D,20250429,000000,18.34,18.58,18.34,18.5,16043,0
HUG,D,20250430,000000,18.6,18.6,18.28,18.4,15422,0
HUG,D,20250502,000000,18.5,18.9,18.22,18.84,16393,0
HUG,D,20250505,000000,18.84,19.16,18.74,19.1,13953,0
HUG,D,20250506,000000,19,19.08,18.26,18.54,22206,0
HUG,D,20250507,000000,18.54,18.54,18.28,18.3,20614,0
HUG,D,20250508,000000,18.28,18.44,18.16,18.2,19359,0
HUG,D,20250509,000000,18.46,18.58,18.24,18.4,16279,0
HUG,D,20250512,000000,18.46,18.9,18.22,18.74,27951,0
HUG,D,20250513,000000,18.82,19,18.74,18.86,10274,0
HUG,D,20250514,000000,18.78,18.88,18.24,18.26,28022,0
HUG,D,20250515,000000,18.3,18.5,18.2,18.32,6416,0
HUG,D,20250516,000000,18.4,18.66,18.24,18.4,9801,0
HUG,D,20250519,000000,18.62,18.8,18.5,18.8,7697,0
HUG,D,20250520,000000,18.8,18.8,18.54,18.54,30625,0
HUG,D,20250521,000000,18.54,18.54,18.3,18.3,13154,0
HUG,D,20250522,000000,18.46,18.8,18.24,18.8,15187,0
HUG,D,20250523,000000,18.4,18.78,18.2,18.22,25991,0
HUG,D,20250526,000000,18.2,18.4,18,18.3,28487,0
HUG,D,20250527,000000,18.3,18.3,18.06,18.1,30516,0
HUG,D,20250528,000000,18.5,18.96,17.66,17.98,445916,0
HUG,D,20250529,000000,18.06,18.2,17.9,17.98,29431,0
HUG,D,20250530,000000,18.1,18.1,17.76,17.82,49925,0
HUG,D,20250602,000000,17.8,18.48,17.72,18.44,18315,0
HUG,D,20250603,000000,18.4,18.52,18.18,18.52,15358,0
HUG,D,20250604,000000,18.26,18.76,18.26,18.74,11811,0
HUG,D,20250605,000000,18.7,18.7,18.3,18.56,29972,0
HUG,D,20250606,000000,18.66,18.72,18.34,18.42,25038,0
HUG,D,20250609,000000,18.42,18.5,18.18,18.2,14280,0
HUG,D,20250610,000000,18.5,18.72,18.3,18.6,42697,0
HUG,D,20250611,000000,18.6,18.8,18.5,18.58,58140,0
HUG,D,20250612,000000,18.52,18.88,18.5,18.78,16842,0
HUG,D,20250613,000000,18.52,18.94,18.48,18.88,17414,0
HUG,D,20250616,000000,18.62,18.9,18.22,18.28,26948,0
HUG,D,20250617,000000,18.28,18.36,18.2,18.22,12887,0
HUG,D,20250618,000000,18.22,18.28,18.16,18.18,9797,0
HUG,D,20250620,000000,18.18,18.22,18,18,15715,0
HUG,D,20250623,000000,18,18,17.9,17.98,10632,0
HUG,D,20250624,000000,18,18.06,17.9,17.92,32930,0
HUG,D,20250625,000000,17.92,18.16,17.9,17.9,13402,0
HUG,D,20250626,000000,17.9,18.1,17.9,17.96,10588,0
HUG,D,20250627,000000,17.98,18.28,17.88,18,18258,0
HUG,D,20250630,000000,18,18.18,17.9,18.1,12557,0
HUG,D,20250701,000000,18.1,18.14,17.9,18.04,18000,0
HUG,D,20250702,000000,18.1,18.34,18.1,18.24,13767,0
HUG,D,20250703,000000,18.24,18.5,18.12,18.42,17090,0
HUG,D,20250704,000000,18.2,19.2,18.2,19.2,79922,0
HUG,D,20250707,000000,19.04,19.7,19.04,19.68,52054,0
HUG,D,20250708,000000,19.66,19.68,19,19,23322,0
HUG,D,20250709,000000,19.02,19.24,18.6,19.16,15658,0
HUG,D,20250710,000000,19.16,19.16,18.94,19.06,4529,0
HUG,D,20250711,000000,19,19.06,18.94,19,7167,0
HUG,D,20250714,000000,19.06,19.06,18.74,19,42721,0
HUG,D,20250715,000000,18.94,19.1,18.62,19.04,33240,0
HUG,D,20250716,000000,19.1,19.64,18.84,19.56,19785,0
HUG,D,20250717,000000,19.46,19.54,19.18,19.18,21595,0
HUG,D,20250718,000000,19.38,19.4,19.18,19.28,12164,0
HUG,D,20250721,000000,19.3,19.42,19.16,19.38,11525,0
HUG,D,20250722,000000,19.2,19.46,19.1,19.3,5444,0
HUG,D,20250723,000000,19.3,19.3,19.16,19.28,3672,0
HUG,D,20250724,000000,19.26,19.4,19.16,19.3,6646,0
HUG,D,20250725,000000,19.38,19.38,19,19.26,13899,0
HUG,D,20250728,000000,19.26,19.4,19.18,19.38,19878,0
HUG,D,20250729,000000,19.2,19.44,19.04,19.42,11105,0
HUG,D,20250730,000000,19.44,19.44,19.1,19.14,38930,0
HUG,D,20250731,000000,19.1,19.44,19.04,19.28,11007,0
HUG,D,20250801,000000,19.28,19.4,19.04,19.14,15762,0
HUG,D,20250804,000000,19.12,19.12,19.02,19.04,8916,0
HUG,D,20250805,000000,19.12,19.36,19.12,19.24,6999,0
HUG,D,20250806,000000,19.28,19.3,19.02,19.28,11419,0
HUG,D,20250807,000000,19.3,19.3,19.12,19.24,18104,0
HUG,D,20250808,000000,19.24,19.3,19.14,19.18,14282,0
HUG,D,20250811,000000,19.18,19.3,19.14,19.3,7032,0
HUG,D,20250812,000000,19.32,19.32,19.2,19.24,10701,0
HUG,D,20250813,000000,19.26,19.26,19.02,19.24,46005,0
HUG,D,20250814,000000,19.24,19.8,19.04,19.64,83278,0
HUG,D,20250818,000000,19.64,19.7,19.34,19.7,25403,0
HUG,D,20250819,000000,19.66,20.6,19.5,20.6,59177,0
HUG,D,20250820,000000,20.35,20.5,19.7,20.5,51827,0
HUG,D,20250821,000000,20.6,20.75,20.4,20.65,63988,0
HUG,D,20250822,000000,20.65,20.65,20.05,20.6,66358,0
HUG,D,20250825,000000,20.7,20.7,20.35,20.55,7165,0
HUG,D,20250826,000000,20.65,20.95,20.4,20.85,35405,0
HUG,D,20250827,000000,20.9,20.9,20.55,20.85,7455,0
HUG,D,20250828,000000,20.8,20.8,20.4,20.5,20286,0
HUG,D,20250829,000000,20.6,20.7,20.25,20.7,21859,0
HUG,D,20250901,000000,20.7,20.85,20.5,20.85,10105,0
HUG,D,20250902,000000,20.5,20.75,20.35,20.6,10639,0
HUG,D,20250903,000000,20.6,20.75,20.5,20.7,10035,0
HUG,D,20250904,000000,20.65,20.7,20.5,20.55,8519,0
HUG,D,20250905,000000,20.55,20.7,20.25,20.25,14668,0
HUG,D,20250908,000000,20.1,20.6,20.05,20.35,16003,0
HUG,D,20250909,000000,20.45,20.65,20.25,20.55,14161,0
HUG,D,20250910,000000,20.65,20.7,20.1,20.5,13001,0
HUG,D,20250911,000000,20.55,21.7,20.35,21.7,58399,0
HUG,D,20250912,000000,21.7,21.75,21.4,21.5,11311,0
HUG,D,20250915,000000,21.5,21.75,21.2,21.35,27757,0
HUG,D,20250916,000000,21.3,21.8,21.05,21.8,17912,0
HUG,D,20250917,000000,21.8,21.95,21.5,21.8,24251,0
HUG,D,20250918,000000,21.95,22.25,21.75,22,43469,0
HUG,D,20250919,000000,23.85,24.1,23.05,23.2,957506,0
HUG,D,20250922,000000,23.4,23.45,22.55,23.2,60310,0
HUG,D,20250923,000000,23,23.35,22.9,23.1,29623,0
HUG,D,20250924,000000,23.1,23.2,22.9,23.1,31050,0
HUG,D,20250925,000000,23.1,23.45,22.95,23.4,32207,0
HUG,D,20250926,000000,23.4,23.4,23.15,23.3,8145,0
HUG,D,20250929,000000,23.3,23.35,23.1,23.3,6867,0
HUG,D,20250930,000000,23.3,23.45,23,23.4,37272,0
HUG,D,20251001,000000,23.35,23.35,23,23.3,8254,0
HUG,D,20251002,000000,23.2,23.3,23,23.25,18761,0
HUG,D,20251003,000000,23.1,23.35,23.05,23.35,22291,0
HUG,D,20251006,000000,23.35,23.4,23,23.15,16480,0
HUG,D,20251007,000000,23.1,23.15,23,23.1,19740,0
HUG,D,20251008,000000,23.1,23.25,23,23.25,19757,0
HUG,D,20251009,000000,23,23.2,23,23.15,12692,0
HUG,D,20251010,000000,23.15,23.2,23,23,19575,0
HUG,D,20251013,000000,22.95,23.1,22.6,23.1,18309,0
HUG,D,20251014,000000,23.1,23.15,22.9,22.9,20517,0
HUG,D,20251015,000000,22.9,23.1,22.85,23.05,6943,0
HUG,D,20251016,000000,22.9,23,22.8,22.8,14185,0
HUG,D,20251017,000000,22.6,22.7,22.25,22.3,32145,0
HUG,D,20251020,000000,22.25,24.05,22.25,23.75,84302,0
HUG,D,20251021,000000,23.75,24,23.35,23.4,90241,0
HUG,D,20251022,000000,23.35,23.5,23,23.3,52962,0
HUG,D,20251023,000000,23.35,23.45,23.15,23.2,19640,0
HUG,D,20251024,000000,23.35,24.3,23.3,24.3,248815,0
HUG,D,20251027,000000,24.45,24.75,23.75,23.8,39817,0
HUG,D,20251028,000000,24,24.1,23.75,24.1,15796,0
HUG,D,20251029,000000,24.1,24.4,23.55,23.7,12594,0
HUG,D,20251030,000000,24.05,24.05,23.8,24,7931,0
HUG,D,20251031,000000,24,24.15,23.85,24.15,15428,0
HUG,D,20251103,000000,24,24.15,23.85,24.15,12983,0
HUG,D,20251104,000000,23.85,24.15,23.7,24.1,8216,0
HUG,D,20251105,000000,24.1,24.1,23.9,23.9,11207,0
HUG,D,20251106,000000,23.9,24,23.7,24,6132,0
HUG,D,20251107,000000,23.85,23.85,23.4,23.4,12016,0
HUG,D,20251110,000000,23.1,23.9,23.05,23.85,15493,0
HUG,D,20251112,000000,23.85,24,23.5,23.95,7608,0
HUG,D,20251113,000000,23.85,23.85,23.45,23.55,12567,0
HUG,D,20251114,000000,23.45,23.7,23.3,23.6,8732,0
HUG,D,20251117,000000,23.15,23.7,22.95,23.05,17172,0
HUG,D,20251118,000000,23.1,23.2,21.6,22.85,48106,0
HUG,D,20251119,000000,23,23,22.85,23,5372,0
HUG,D,20251120,000000,23.05,23.3,22.9,23.25,7442,0
HUG,D,20251121,000000,22.4,22.75,22.25,22.55,14693,0
HUG,D,20251124,000000,22.25,22.8,22.25,22.8,9505,0
HUG,D,20251125,000000,22.4,23.2,22.4,23.2,11622,0
HUG,D,20251126,000000,22.1,24.3,22.1,24,43116,0
HUG,D,20251127,000000,24.3,25.2,23.8,25,146412,0
HUG,D,20251128,000000,24.6,25.85,24.2,25.75,91863,0
HUG,D,20251201,000000,25.75,25.75,24.6,25,21937,0
HUG,D,20251202,000000,24.75,24.8,24,24,64394,0
HUG,D,20251203,000000,24,24.45,24,24.15,88020,0
HUG,D,20251204,000000,24.2,24.4,24,24.1,62001,0
HUG,D,20251205,000000,24.45,24.6,24,24.6,29350,0
HUG,D,20251208,000000,25.95,25.95,24,24,30922,0
HUG,D,20251209,000000,24.95,24.95,24.2,24.6,48320,0
HUG,D,20251210,000000,24.9,25,24.4,24.95,8625,0
HUG,D,20251211,000000,24.45,24.45,24,24.15,461635,0
HUG,D,20251212,000000,24.3,24.6,24,24.25,9030,0
HUG,D,20251215,000000,24.4,24.8,24.2,24.35,52808,0
HUG,D,20251216,000000,24.2,24.3,24,24.05,23243,0
HUG,D,20251217,000000,24,24.15,24,24,14585,0
HUG,D,20251218,000000,24,24.2,24,24,18581,0
HUG,D,20251219,000000,24,24.2,24,24,55898,0
HUG,D,20251222,000000,24,24.05,23.5,23.8,23123,0
HUG,D,20251223,000000,23.95,24.15,23.9,23.9,32090,0
HUG,D,20251229,000000,23.9,24.4,23.5,24,54429,0
HUG,D,20251230,000000,24.1,24.4,23.8,23.9,32345,0
HUG,D,20260102,000000,23.9,25.65,23.9,24.6,20764,0
HUG,D,20260105,000000,24.6,24.65,23.25,23.6,106877,0
HUG,D,20260107,000000,23.65,24.35,23.6,24.2,32001,0
HUG,D,20260108,000000,24.1,24.35,23.8,24,40460,0
HUG,D,20260109,000000,24.35,24.35,23.8,24.15,44719,0
HUG,D,20260112,000000,24,24.3,23.5,24.15,21660,0
HUG,D,20260113,000000,24,24.1,23.8,23.9,15797,0
HUG,D,20260114,000000,23.9,24.3,23.65,23.75,13445,0
HUG,D,20260115,000000,23.75,24,23.7,24,16439,0
HUG,D,20260116,000000,24,24.15,23.65,23.75,29374,0
HUG,D,20260119,000000,23.65,24.15,23.65,23.8,9346,0
HUG,D,20260120,000000,23.8,23.9,23.55,23.7,14348,0
HUG,D,20260121,000000,23.8,23.8,23.6,23.7,30151,0
HUG,D,20260122,000000,23.7,24.1,23.7,24.1,22526,0
HUG,D,20260123,000000,24.1,24.25,24,24.25,8498,0
HUG,D,20260126,000000,24.05,24.25,23.75,24.05,16930,0
HUG,D,20260127,000000,24.05,24.2,23.9,24.05,3460,0
HUG,D,20260128,000000,23.8,24.25,23.7,24.25,13894,0
HUG,D,20260129,000000,24.25,24.5,23.9,24.2,30310,0
HUG,D,20260130,000000,24.1,25.4,23.7,25.15,52153,0
HUG,D,20260202,000000,25,25,24.3,24.4,21701,0
HUG,D,20260203,000000,24.4,24.9,24.4,24.4,11615,0
HUG,D,20260204,000000,24.8,24.85,24.15,24.3,9005,0
HUG,D,20260205,000000,24.3,24.4,24.05,24.05,21017,0
HUG,D,20260206,000000,24.1,24.5,24,24.25,31960,0
HUG,D,20260209,000000,24.25,24.45,23.9,24.4,9783,0
HUG,D,20260210,000000,24.4,24.7,23.9,24.5,8986,0
HUG,D,20260211,000000,24.8,24.8,24.3,24.6,5977,0
HUG,D,20260212,000000,24.6,25,24.25,24.9,38908,0
HUG,D,20260213,000000,24.9,24.95,23.9,24.5,20659,0
HUG,D,20260216,000000,24.4,25.6,24.4,25.3,84632,0
HUG,D,20260217,000000,25.2,25.5,24.9,25.1,6583,0
HUG,D,20260218,000000,24.9,25.1,24.55,24.85,7218,0
HUG,D,20260219,000000,24.65,25.3,24.5,25.2,15560,0
HUG,D,20260220,000000,25.05,25.2,24,24.05,13513,0
HUG,D,20260223,000000,24.05,24.75,23.95,24,34783,0
HUG,D,20260224,000000,24,24.7,24,24.7,7409,0
HUG,D,20260225,000000,24.7,24.7,24.1,24.15,6184,0
HUG,D,20260226,000000,24.25,24.3,23.95,24,12395,0
HUG,D,20260227,000000,24,24.4,23.9,24.05,11146,0
HUG,D,20260302,000000,23.8,24.15,23.45,24.15,55559,0
HUG,D,20260303,000000,23.8,24.15,23.4,23.55,40713,0
HUG,D,20260304,000000,23.8,24.3,23.8,24.15,16582,0
HUG,D,20260305,000000,24.05,24.2,23.9,23.9,7273,0
HUG,D,20260306,000000,23.6,24.2,23.6,23.65,3624,0
HUG,D,20260309,000000,23.7,23.75,23.4,23.7,7617,0
HUG,D,20260310,000000,23.8,24.05,23.45,23.6,17674,0
HUG,D,20260311,000000,23.6,23.8,23.4,23.45,8959,0
HUG,D,20260312,000000,23.45,24.05,23.4,23.45,19370,0
HUG,D,20260313,000000,23.45,23.95,23.4,23.65,8453,0
HUG,D,20260316,000000,23.75,24.95,23.75,24.5,97383,0
HUG,D,20260317,000000,24.7,24.75,23.95,24.2,38311,0
HUG,D,20260318,000000,24.25,24.25,23.65,24,9259,0
HUG,D,20260319,000000,23.7,23.7,23,23.15,44000,0
HUG,D,20260320,000000,23.6,24.2,22.95,24.2,112362,0
HUG,D,20260323,000000,24.2,24.4,23.2,23.8,52973,0
HUG,D,20260324,000000,23.85,23.85,22.6,23.05,16503,0
HUG,D,20260325,000000,22.6,23.2,22.6,23.05,11646,0
HUG,D,20260326,000000,23.3,23.3,22.95,22.95,6655,0
HUG,D,20260327,000000,22.9,23.05,22.6,23,12472,0
HUG,D,20260330,000000,22.6,23,22.6,22.75,8217,0
HUG,D,20260331,000000,22.2,23,22.05,23,29075,0
HUG,D,20260401,000000,23,23.1,22.9,22.95,9201,0
HUG,D,20260402,000000,22.95,22.95,22.2,22.6,1926,0
HUG,D,20260407,000000,22.4,23.25,22.3,23.1,13021,0
HUG,D,20260408,000000,23.2,23.2,22.65,23,2214,0
HUG,D,20260409,000000,22.95,23,22.65,22.65,1681,0
HUG,D,20260410,000000,22.65,22.65,22.4,22.4,5710,0
HUG,D,20260413,000000,22.4,23.05,22.4,22.45,3579,0
HUG,D,20260414,000000,22.9,22.95,22.4,22.95,12946,0
HUG,D,20260415,000000,22.95,23.35,22.45,23.35,31388,0
HUG,D,20260416,000000,22.8,23.3,22.8,23.15,7266,0
HUG,D,20260417,000000,22.6,23.4,22.6,23,40005,0
HUG,D,20260420,000000,23.05,23.1,22.8,23.1,24248,0
HUG,D,20260421,000000,23.4,23.4,22.7,23.1,7466,0
HUG,D,20260422,000000,23.1,23.1,22.75,23,5356,0
HUG,D,20260423,000000,22.75,23.3,22.75,23.1,1752,0
HUG,D,20260424,000000,23.05,23.1,22.65,23.1,5537,0
HUG,D,20260427,000000,22.85,23.05,22.6,23,28307,0
HUG,D,20260428,000000,22.5,23,22.3,22.65,54175,0
HUG,D,20260429,000000,22.55,22.55,22.2,22.2,2280,0
HUG,D,20260430,000000,22.2,22.55,21.9,22.55,25739,0
HUG,D,20260504,000000,22.05,22.45,21.75,22.35,8331,0
HUG,D,20260505,000000,22.25,22.25,21.25,21.8,51791,0
HUG,D,20260506,000000,21.5,22.3,21.1,21.9,12303,0
HUG,D,20260507,000000,21.7,21.9,21.5,21.5,10079,0
HUG,D,20260508,000000,21.5,22,21.5,21.95,2577,0
HUG,D,20260511,000000,21.7,22.3,21.55,22.15,5996,0
HUG,D,20260512,000000,22.25,22.25,20.7,21.3,18112,0
HUG,D,20260513,000000,21.2,21.55,21,21.1,2338,0
HUG,D,20260514,000000,21.2,22.3,21.2,22.3,8818,0
HUG,D,20260515,000000,22.3,22.3,21.5,21.6,815,0
HUG,D,20260518,000000,21.5,22.2,21.5,21.8,17027,0
HUG,D,20260519,000000,21.8,21.9,21.2,21.45,6366,0
HUG,D,20260520,000000,21.45,22.2,21.45,21.5,5672,0
HUG,D,20260521,000000,21.6,22,21.55,21.8,5254,0
HUG,D,20260522,000000,21.75,22,21.75,21.9,5224,0
HUG,D,20260525,000000,21.9,22,21.6,21.8,8684,0
HUG,D,20260526,000000,21.8,21.9,21.45,21.7,2214,0
HUG,D,20260527,000000,21.9,23,21.9,22.6,31643,0
HUG,D,20260528,000000,22.65,23.05,22.3,22.45,101527,0
HUG,D,20260529,000000,22.55,22.9,22,22.05,158509,0
HUG,D,20260601,000000,22.15,22.4,21.45,22,28352,0
HUG,D,20260602,000000,22,22,21.45,21.75,5557,0
HUG,D,20260603,000000,21.75,22.4,21.2,21.25,19284,0
HUG,D,20260605,000000,21.25,21.65,21.05,21.15,90106,0
HUG,D,20260608,000000,21.1,21.3,20.55,20.8,42282,0
HUG,D,20260609,000000,20.8,21.1,20.6,20.6,19541,0
HUG,D,20260610,000000,21,21.25,20.65,21.2,40759,0
HUG,D,20260611,000000,21.2,21.3,20.7,21.05,51893,0
HUG,D,20260612,000000,21.1,21.4,21,21.2,110830,0
HUG,D,20260615,000000,21.5,21.7,20.75,20.75,39227,0
HUG,D,20260616,000000,20.75,21.3,20.75,21.1,55820,0
HUG,D,20260617,000000,21.2,22,20.85,21.65,30458,0
HUG,D,20260618,000000,21.3,21.7,20.8,21.15,4340,0
HUG,D,20260619,000000,21.15,21.55,20.95,21.2,9226,0
HUG,D,20260622,000000,21,21.3,20.7,20.7,30580,0
HUG,D,20260623,000000,20.7,21.2,20.6,21.2,19535,0
HUG,D,20260624,000000,21.2,21.2,20.75,21,3894,0
HUG,D,20260625,000000,21.2,21.55,20.7,21.55,12560,0
HUG,D,20260626,000000,21.55,21.6,20.95,21.6,13022,0
HUG,D,20260629,000000,21,21.6,21,21.6,21014,0
HUG,D,20260630,000000,21.1,21.6,21.1,21.6,13925,0
HUG,D,20260701,000000,21.8,21.8,21.2,21.8,6373,0
HUG,D,20260702,000000,21.8,21.95,21.45,21.5,22585,0
HUG,D,20260703,000000,21.5,21.9,21.35,21.35,854,0
HUG,D,20260706,000000,21.35,22,21.25,22,14999,0
HUG,D,20260707,000000,22,22.1,21.3,22,16884,0
HUG,D,20260708,000000,21.5,21.5,20.8,21.2,26931,0
HUG,D,20260709,000000,21,21.5,21,21.3,7504,0
HUG,D,20260710,000000,21.05,21.45,21,21.05,21873,0
HUG,D,20260713,000000,21.1,21.8,21.1,21.7,4952,0
HUG,D,20260714,000000,21.45,21.6,21.45,21.6,2419,0
HUG,D,20260715,000000,21.5,22,21.2,21.2,14458,0
HUG,D,20260716,000000,21.25,22,21.25,21.95,7501,0
HUG,D,20260717,000000,21.9,22.2,21.6,22.15,4977,0
HUG,D,20260720,000000,22.05,22.1,21.6,21.95,1859,0
HUG,D,20260721,000000,21.65,22,21.65,22,896,0
HUG,D,20260722,000000,21.75,22,21.6,21.85,11768,0
HUG,D,20260723,000000,21.9,21.9,21.55,21.7,3271,0
HUG,D,20260724,000000,21.7,21.95,21.6,21.75,3576,0
HUG,D,20260727,000000,21.75,22.1,21.65,22.1,6758,0
HUG,D,20260728,000000,22.1,22.4,22,22.2,13708,0
HUG,D,20260729,000000,22,22.45,21.9,22.1,9756,0
HUG,D,20260730,000000,22,22.5,22,22.4,692,0
HUG,D,20260731,000000,22.4,22.6,22.35,22.6,4928,0
HUG,D,20260803,000000,22.6,22.65,22.15,22.2,9709,0
HUG,D,20260804,000000,22.25,22.5,22.2,22.4,4155,0
HUG,D,20260805,000000,22.4,22.45,22.25,22.25,3242,0
HUG,D,20260806,000000,22.25,22.4,22,22.05,3204,0
HUG,D,20260807,000000,22.3,22.3,22,22,4584,0
HUG,D,20260810,000000,22.05,22.4,21.9,21.95,6626,0
HUG,D,20260811,000000,22.25,22.7,21.95,22.05,14438,0
HUG,D,20260812,000000,22.05,22.5,22.05,22.2,3909,0
HUG,D,20260813,000000,22.4,22.5,22.05,22.15,3472,0
HUG,D,20260814,000000,22.15,22.2,21.95,22.1,5509,0
HUG,D,20260817,000000,22.2,22.2,21.75,21.85,7137,0
HUG,D,20260818,000000,21.8,22.2,21.8,22.2,8755,0
