<TICKER>,<PER>,<DATE>,<TIME>,<OPEN>,<HIGH>,<LOW>,<CLOSE>,<VOL>,<OPENINT>
ICE,D,20180925,000000,13.02,13.02,9.01,10.8,16440,0
ICE,D,20180926,000000,10.78,11,9.9,9.9,5525,0
ICE,D,20180927,000000,9.9,9.9,8.1,9,3251,0
ICE,D,20180928,000000,9.5,9.5,8.7,8.7,903,0
ICE,D,20181001,000000,8.8,8.9,8.7,8.9,410,0
ICE,D,20181002,000000,9,9,7.9,7.9,1775,0
ICE,D,20181003,000000,7.9,7.9,7.2,7.7,580,0
ICE,D,20181004,000000,7.7,7.7,7,7.6,660,0
ICE,D,20181005,000000,7.9,8.5,7.9,8.4,1687,0
ICE,D,20181008,000000,8.39,8.39,7.95,8.2,149,0
ICE,D,20181009,000000,8.2,9,8.2,9,2373,0
ICE,D,20181010,000000,9.2,9.2,8,8,3993,0
ICE,D,20181011,000000,8.36,8.8,8.36,8.8,20,0
ICE,D,20181012,000000,8.8,8.8,7.7,8.5,194,0
ICE,D,20181015,000000,8.38,8.38,7.66,7.66,305,0
ICE,D,20181016,000000,7.66,7.7,7.3,7.45,839,0
ICE,D,20181017,000000,7.5,7.69,7.5,7.69,75,0
ICE,D,20181018,000000,7.69,7.69,7.69,7.69,5,0
ICE,D,20181019,000000,7.69,7.69,7.2,7.66,259,0
ICE,D,20181022,000000,7.3,7.3,7.11,7.11,76,0
ICE,D,20181023,000000,7.11,7.11,6.6,6.6,295,0
ICE,D,20181024,000000,6.52,6.52,6.52,6.52,10,0
ICE,D,20181025,000000,6.55,6.55,6.4,6.4,251,0
ICE,D,20181026,000000,6.3,6.3,6.1,6.25,260,0
ICE,D,20181031,000000,6.1,6.1,6.1,6.1,3310,0
ICE,D,20181102,000000,6.3,6.5,6.3,6.5,17,0
ICE,D,20181107,000000,6.3,6.3,6.15,6.15,3587,0
ICE,D,20181108,000000,6.15,6.55,6.15,6.55,49,0
ICE,D,20181109,000000,6.15,6.2,6.15,6.2,1260,0
ICE,D,20181113,000000,6.2,7.44,5,7.44,3376,0
ICE,D,20181114,000000,7.3,7.3,7.3,7.3,10,0
ICE,D,20181115,000000,7.3,7.3,7.3,7.3,5,0
ICE,D,20181116,000000,7.29,7.29,7.29,7.29,5,0
ICE,D,20181119,000000,7.19,7.19,7.19,7.19,5,0
ICE,D,20181120,000000,7.1,7.1,6.8,6.8,160,0
ICE,D,20181128,000000,6.8,6.8,6.65,6.65,140,0
ICE,D,20181129,000000,6.6,6.6,6.2,6.55,374,0
ICE,D,20181130,000000,6.55,6.55,6.55,6.55,15,0
ICE,D,20181206,000000,6.5,6.55,6.5,6.55,200,0
ICE,D,20181207,000000,6.5,6.5,5.6,6.25,1215,0
ICE,D,20181210,000000,6,6.1,6,6.1,72,0
ICE,D,20181211,000000,6.1,6.7,6.1,6.5,455,0
ICE,D,20181213,000000,6.4,7.2,6.4,7.2,510,0
ICE,D,20181214,000000,7.19,7.19,6.85,6.85,320,0
ICE,D,20181217,000000,6.9,6.9,6.62,6.62,670,0
ICE,D,20181218,000000,6.6,6.65,6.4,6.4,1455,0
ICE,D,20181219,000000,6.45,6.6,6.35,6.6,5020,0
ICE,D,20181220,000000,6.5,7.5,6.5,6.9,10910,0
ICE,D,20181221,000000,6.8,6.8,6.4,6.45,1310,0
ICE,D,20181227,000000,6.45,6.45,6.45,6.45,2,0
ICE,D,20181228,000000,6.45,6.6,6.4,6.4,2052,0
ICE,D,20190103,000000,6.6,7.6,6.6,7.6,1200,0
ICE,D,20190104,000000,6.7,6.7,6.5,6.5,4184,0
ICE,D,20190109,000000,6.5,6.5,6.4,6.4,1010,0
ICE,D,20190110,000000,6.5,6.72,6.3,6.3,4910,0
ICE,D,20190111,000000,6.25,6.4,6.2,6.21,901,0
ICE,D,20190114,000000,6.22,6.5,6.21,6.3,826,0
ICE,D,20190115,000000,6.46,6.5,6.46,6.5,200,0
ICE,D,20190116,000000,6.5,6.5,6.5,6.5,5,0
ICE,D,20190117,000000,6.5,6.5,6.5,6.5,2,0
ICE,D,20190118,000000,6.5,6.5,6.5,6.5,10,0
ICE,D,20190121,000000,6.49,6.49,6.43,6.44,2646,0
ICE,D,20190122,000000,6.43,6.44,6.4,6.4,2300,0
ICE,D,20190123,000000,6.55,7.15,6.55,6.78,18325,0
ICE,D,20190124,000000,6.8,6.8,6.8,6.8,1174,0
ICE,D,20190125,000000,6.88,7.1,6.64,6.64,7569,0
ICE,D,20190128,000000,6.96,6.96,6.8,6.8,2920,0
ICE,D,20190129,000000,6.86,6.86,6.84,6.86,240,0
ICE,D,20190130,000000,6.84,6.84,6.71,6.71,6005,0
ICE,D,20190131,000000,6.62,6.88,6.62,6.88,445,0
ICE,D,20190201,000000,6.7,7,6.7,6.98,2710,0
ICE,D,20190204,000000,6.98,7,6.61,6.61,4130,0
ICE,D,20190205,000000,6.62,6.62,6.62,6.62,5,0
ICE,D,20190206,000000,6.61,6.61,6.61,6.61,800,0
ICE,D,20190207,000000,6.52,6.52,6.3,6.3,405,0
ICE,D,20190211,000000,6.23,6.23,6.23,6.23,500,0
ICE,D,20190212,000000,6.23,6.25,6.23,6.23,1450,0
ICE,D,20190213,000000,6.23,6.23,6.23,6.23,505,0
ICE,D,20190214,000000,6.3,6.3,6.3,6.3,10,0
ICE,D,20190215,000000,6.3,6.5,6.3,6.5,104,0
ICE,D,20190218,000000,6.4,6.5,6.4,6.5,20,0
ICE,D,20190219,000000,6.5,6.6,6.5,6.5,52,0
ICE,D,20190222,000000,6.5,6.5,6.5,6.5,10,0
ICE,D,20190225,000000,4.95,6.1,4.95,6.1,1355,0
ICE,D,20190226,000000,6.1,6.5,6.1,6.5,500,0
ICE,D,20190227,000000,6.7,6.86,6.7,6.86,190,0
ICE,D,20190228,000000,7,8.2,7,7.3,1290,0
ICE,D,20190301,000000,7.4,8.3,7.4,8.3,315,0
ICE,D,20190304,000000,8.35,8.35,8.35,8.35,5,0
ICE,D,20190305,000000,8.35,8.35,8.35,8.35,5,0
ICE,D,20190306,000000,8.35,8.35,8.35,8.35,5,0
ICE,D,20190307,000000,8.35,8.35,8.35,8.35,3,0
ICE,D,20190308,000000,8.3,8.3,8,8,11,0
ICE,D,20190311,000000,7.9,7.9,7.9,7.9,5,0
ICE,D,20190312,000000,7.9,7.9,7.9,7.9,5,0
ICE,D,20190313,000000,7.9,7.9,7.4,7.5,300,0
ICE,D,20190315,000000,7.5,7.5,7.2,7.2,425,0
ICE,D,20190318,000000,7.2,7.2,7.2,7.2,50,0
ICE,D,20190319,000000,7.3,7.5,7.3,7.4,70,0
ICE,D,20190320,000000,7.4,7.4,6.7,7.3,1575,0
ICE,D,20190321,000000,7.1,7.6,6.5,7.2,2692,0
ICE,D,20190322,000000,7,7,6.5,6.95,1244,0
ICE,D,20190325,000000,6.6,6.6,5.6,6.4,5285,0
ICE,D,20190327,000000,6.4,7.3,6.4,7,3702,0
ICE,D,20190328,000000,7,7,7,7,80,0
ICE,D,20190329,000000,7,7.5,7,7.25,354,0
ICE,D,20190401,000000,7.25,7.25,6.95,6.95,170,0
ICE,D,20190402,000000,6.95,6.95,6.95,6.95,15,0
ICE,D,20190403,000000,6.95,6.95,6.95,6.95,225,0
ICE,D,20190404,000000,6.95,6.95,6.6,6.95,420,0
ICE,D,20190405,000000,6.95,6.95,6.95,6.95,5,0
ICE,D,20190408,000000,6.95,6.95,6.95,6.95,26,0
ICE,D,20190409,000000,6.7,6.7,6,6.2,2530,0
ICE,D,20190410,000000,6.1,6.2,6,6.2,40,0
ICE,D,20190411,000000,6.2,6.25,6.2,6.25,20,0
ICE,D,20190412,000000,6.15,6.15,5.6,5.6,5487,0
ICE,D,20190415,000000,5.65,5.8,5.55,5.55,3918,0
ICE,D,20190416,000000,5.5,5.5,5.4,5.4,2220,0
ICE,D,20190417,000000,5.4,5.5,5.4,5.4,953,0
ICE,D,20190418,000000,5.45,5.5,5.45,5.45,1841,0
ICE,D,20190423,000000,5.5,5.5,5.4,5.4,890,0
ICE,D,20190424,000000,5.5,5.5,5.4,5.4,520,0
ICE,D,20190425,000000,5.45,5.5,5.45,5.5,600,0
ICE,D,20190426,000000,5.5,5.5,5.5,5.5,5,0
ICE,D,20190429,000000,5.4,5.4,5.4,5.4,193,0
ICE,D,20190430,000000,5.55,6.3,5.55,6.3,422,0
ICE,D,20190502,000000,6.3,6.3,6.3,6.3,159,0
ICE,D,20190506,000000,6.2,6.2,5.6,5.6,447,0
ICE,D,20190507,000000,5.7,5.8,5.4,5.4,3967,0
ICE,D,20190508,000000,5.45,5.45,5.3,5.3,3895,0
ICE,D,20190509,000000,5.3,5.4,5.3,5.4,218,0
ICE,D,20190510,000000,5.4,5.65,5.4,5.65,1940,0
ICE,D,20190513,000000,5.65,5.7,5.6,5.7,3095,0
ICE,D,20190514,000000,5.6,5.6,5.5,5.5,3185,0
ICE,D,20190515,000000,5.5,5.5,5.4,5.45,6540,0
ICE,D,20190516,000000,5.55,5.6,5.5,5.5,1607,0
ICE,D,20190517,000000,5.5,5.5,5,5.3,2815,0
ICE,D,20190520,000000,5.25,5.4,5,5.4,4619,0
ICE,D,20190521,000000,5.35,5.4,5,5.1,8719,0
ICE,D,20190522,000000,5.25,5.9,5.25,5.9,3890,0
ICE,D,20190523,000000,5.9,6.15,5.9,6.15,220,0
ICE,D,20190524,000000,6.1,6.1,6.1,6.1,300,0
ICE,D,20190527,000000,6.1,6.1,6.1,6.1,10,0
ICE,D,20190529,000000,6.15,7.3,6.15,6.65,8093,0
ICE,D,20190530,000000,6.75,6.8,6.75,6.8,75,0
ICE,D,20190531,000000,6.8,6.8,6.45,6.45,690,0
ICE,D,20190603,000000,6.55,6.8,6.5,6.5,563,0
ICE,D,20190604,000000,6.7,7.4,6.7,6.7,4952,0
ICE,D,20190605,000000,6.85,7.4,6.85,7,3456,0
ICE,D,20190606,000000,7.2,7.35,7.2,7.35,838,0
ICE,D,20190607,000000,7.4,7.4,6.9,7.25,2196,0
ICE,D,20190610,000000,7.2,7.25,6.85,7.25,2647,0
ICE,D,20190611,000000,7.25,7.25,7.25,7.25,10,0
ICE,D,20190612,000000,7.25,7.25,7,7.25,1667,0
ICE,D,20190613,000000,7.2,7.2,7.2,7.2,10,0
ICE,D,20190614,000000,7.2,7.2,6.8,6.95,225,0
ICE,D,20190617,000000,6.9,6.95,6.3,6.5,2795,0
ICE,D,20190618,000000,6.5,6.8,6.3,6.8,2439,0
ICE,D,20190619,000000,6.75,6.75,6.35,6.6,2645,0
ICE,D,20190621,000000,6.65,6.75,6.4,6.75,3778,0
ICE,D,20190624,000000,6.75,6.75,6.5,6.7,644,0
ICE,D,20190625,000000,6.6,6.65,6.5,6.65,195,0
ICE,D,20190626,000000,6.3,6.75,6.25,6.75,343,0
ICE,D,20190627,000000,6.35,6.75,6.3,6.75,832,0
ICE,D,20190628,000000,6.85,7.25,6.85,7.25,815,0
ICE,D,20190701,000000,7.3,8.6,7.3,8.4,295,0
ICE,D,20190702,000000,8,8.3,8,8.3,35,0
ICE,D,20190703,000000,7.9,8.7,7.9,8.7,2494,0
ICE,D,20190704,000000,6.9,8.7,6.9,8.4,3860,0
ICE,D,20190705,000000,8.4,8.7,8.35,8.35,885,0
ICE,D,20190708,000000,8.35,8.7,8.35,8.7,95,0
ICE,D,20190709,000000,8.7,8.7,8.35,8.35,212,0
ICE,D,20190710,000000,8.7,8.7,8,8.5,1656,0
ICE,D,20190711,000000,8.5,8.7,8.5,8.7,13859,0
ICE,D,20190712,000000,8.7,8.8,8.7,8.8,3422,0
ICE,D,20190715,000000,8.8,8.8,8.6,8.8,826,0
ICE,D,20190716,000000,8.8,8.8,8.6,8.6,1719,0
ICE,D,20190717,000000,8.8,8.8,8.8,8.8,110,0
ICE,D,20190718,000000,8.8,8.8,8.3,8.7,780,0
ICE,D,20190719,000000,8.8,8.8,8.8,8.8,20,0
ICE,D,20190722,000000,8.8,8.8,8.8,8.8,5,0
ICE,D,20190723,000000,8.8,8.8,8.35,8.6,160,0
ICE,D,20190724,000000,8.6,8.85,8.6,8.85,235,0
ICE,D,20190725,000000,8.85,8.85,8.7,8.85,659,0
ICE,D,20190726,000000,8.85,8.85,8.85,8.85,5345,0
ICE,D,20190729,000000,8.95,8.95,8.95,8.95,2487,0
ICE,D,20190730,000000,8.95,8.95,8.95,8.95,1120,0
ICE,D,20190731,000000,9,9.7,9,9.7,8496,0
ICE,D,20190801,000000,10,10.9,9.9,10.9,9331,0
ICE,D,20190802,000000,10.8,12,10.8,12,3422,0
ICE,D,20190805,000000,11.6,11.6,10,11,757,0
ICE,D,20190806,000000,10.8,12,10.5,12,718,0
ICE,D,20190807,000000,12,12.4,12,12.4,855,0
ICE,D,20190808,000000,12.6,12.6,12.6,12.6,10,0
ICE,D,20190809,000000,12.2,13,11.7,13,628,0
ICE,D,20190812,000000,12.9,13,12,12.1,955,0
ICE,D,20190814,000000,11.7,12,10.5,11.7,1641,0
ICE,D,20190819,000000,11,11.6,11,11.6,260,0
ICE,D,20190821,000000,11.3,11.3,10.5,11.1,514,0
ICE,D,20190822,000000,11,11,10.5,11,45,0
ICE,D,20190823,000000,11,11.2,11,11.2,25,0
ICE,D,20190827,000000,11.5,11.5,11.5,11.5,10,0
ICE,D,20190828,000000,11.6,11.6,11.6,11.6,5,0
ICE,D,20190829,000000,11.6,11.9,11.5,11.9,186,0
ICE,D,20190830,000000,11.9,12.3,11.9,12.3,100,0
ICE,D,20190902,000000,12,12.3,12,12.3,115,0
ICE,D,20190903,000000,12.2,12.2,12,12,15,0
ICE,D,20190904,000000,12.1,12.2,12,12.2,655,0
ICE,D,20190905,000000,12.2,12.2,12,12.2,110,0
ICE,D,20190906,000000,12.2,12.2,12.2,12.2,2,0
ICE,D,20190909,000000,12,12,12,12,33,0
ICE,D,20190910,000000,12,12,12,12,2,0
ICE,D,20190911,000000,12,12.2,11.6,12.2,119,0
ICE,D,20190913,000000,12.1,12.1,12.1,12.1,5,0
ICE,D,20190917,000000,12.1,12.1,11.8,11.8,9,0
ICE,D,20190918,000000,12.1,12.1,11.8,12,513,0
ICE,D,20190919,000000,12.1,12.1,12.1,12.1,5,0
ICE,D,20190920,000000,12.1,12.1,12.1,12.1,2,0
ICE,D,20190923,000000,12.1,12.1,11,11.4,203,0
ICE,D,20190924,000000,11.4,11.4,11.4,11.4,1,0
ICE,D,20190925,000000,11,11,10.8,10.8,421,0
ICE,D,20190926,000000,10.8,11,10.5,11,685,0
ICE,D,20190927,000000,10.8,10.8,10.6,10.7,125,0
ICE,D,20190930,000000,10.2,11.2,9.7,10.4,2571,0
ICE,D,20191002,000000,10,10,10,10,10,0
ICE,D,20191007,000000,9.7,9.7,9.5,9.5,150,0
ICE,D,20191010,000000,9.5,9.5,9.5,9.5,10,0
ICE,D,20191011,000000,9.6,10,9.6,10,2000,0
ICE,D,20191016,000000,9.8,9.8,9.5,9.5,2090,0
ICE,D,20191017,000000,9.75,9.75,9.75,9.75,1,0
ICE,D,20191018,000000,9.75,9.75,9.5,9.5,410,0
ICE,D,20191021,000000,9.3,9.3,8.9,8.9,975,0
ICE,D,20191022,000000,8.8,9.1,8.2,9.1,1049,0
ICE,D,20191024,000000,9.1,9.1,9.1,9.1,9,0
ICE,D,20191030,000000,9,9,9,9,5,0
ICE,D,20191031,000000,9,9,9,9,5,0
ICE,D,20191104,000000,9,9,9,9,2,0
ICE,D,20191105,000000,9,9,9,9,2,0
ICE,D,20191106,000000,9,9,9,9,2,0
ICE,D,20191107,000000,9,9,9,9,3,0
ICE,D,20191108,000000,9,9,9,9,2,0
ICE,D,20191112,000000,9,9,9,9,142,0
ICE,D,20191113,000000,9,9,9,9,2,0
ICE,D,20191114,000000,9,9,8.8,8.8,12,0
ICE,D,20191115,000000,9,9,8.7,8.9,514,0
ICE,D,20191119,000000,8.7,8.9,8.7,8.9,512,0
ICE,D,20191121,000000,8.8,8.9,8.8,8.8,167,0
ICE,D,20191122,000000,8.95,9,8.95,9,20,0
ICE,D,20191125,000000,9,9,9,9,559,0
ICE,D,20191126,000000,9,9.5,9,9.5,145,0
ICE,D,20191127,000000,9.5,9.55,9.5,9.55,100,0
ICE,D,20191128,000000,9.8,9.95,9.3,9.55,197,0
ICE,D,20191129,000000,9.55,9.95,9.55,9.95,220,0
ICE,D,20191202,000000,9.95,9.95,9.1,9.85,619,0
ICE,D,20191205,000000,9.85,9.85,9.85,9.85,53,0
ICE,D,20191206,000000,9.85,9.85,9.85,9.85,2,0
ICE,D,20191209,000000,9.85,9.85,9.85,9.85,176,0
ICE,D,20191210,000000,9.85,9.85,9.85,9.85,3,0
ICE,D,20191211,000000,9.6,9.6,9.3,9.3,123,0
ICE,D,20191212,000000,9.4,9.4,9.4,9.4,10,0
ICE,D,20191216,000000,9.5,9.5,9.5,9.5,150,0
ICE,D,20191217,000000,9.5,9.5,9.5,9.5,80,0
ICE,D,20191223,000000,9.3,9.3,9.2,9.2,20,0
ICE,D,20191227,000000,9.5,9.5,9.5,9.5,2,0
ICE,D,20191230,000000,9.5,9.5,9.5,9.5,10,0
ICE,D,20200103,000000,9.5,10.2,9.5,10,2312,0
ICE,D,20200107,000000,10.2,10.2,10.2,10.2,146,0
ICE,D,20200108,000000,10.2,10.2,10.2,10.2,775,0
ICE,D,20200109,000000,10.3,10.3,10,10,130,0
ICE,D,20200110,000000,9.7,9.7,7.5,7.65,18792,0
ICE,D,20200113,000000,7.75,7.75,6.8,7,8847,0
ICE,D,20200114,000000,7,7.3,7,7.3,1551,0
ICE,D,20200115,000000,7.3,7.65,7.2,7.65,2280,0
ICE,D,20200116,000000,7.7,7.7,7.45,7.6,2500,0
ICE,D,20200117,000000,7.6,7.6,7.25,7.5,1335,0
ICE,D,20200120,000000,7.5,8.05,7.5,8,10131,0
ICE,D,20200121,000000,8,8.3,7.9,8.2,9414,0
ICE,D,20200122,000000,8,9.6,8,9.6,8427,0
ICE,D,20200123,000000,9.65,12.7,9.65,11.5,38627,0
ICE,D,20200124,000000,12,12.2,11.6,11.6,10835,0
ICE,D,20200127,000000,11.7,12,10.6,11,2297,0
ICE,D,20200128,000000,11,11,10,10.4,1046,0
ICE,D,20200129,000000,10.6,11.2,10.4,10.4,1871,0
ICE,D,20200130,000000,10.7,10.7,9,9.8,6304,0
ICE,D,20200131,000000,9.6,9.6,9.3,9.3,5900,0
ICE,D,20200203,000000,9.15,10.9,9.15,10.9,1952,0
ICE,D,20200204,000000,10.9,11.3,10.2,10.5,9498,0
ICE,D,20200205,000000,10.3,11,10.2,10.5,4104,0
ICE,D,20200206,000000,10.5,10.8,9.5,10.8,2767,0
ICE,D,20200207,000000,10.7,11.3,10.7,11.2,1395,0
ICE,D,20200210,000000,11.2,11.8,11.1,11.8,1885,0
ICE,D,20200211,000000,11.2,11.5,10.2,11.4,3397,0
ICE,D,20200212,000000,11.1,11.1,10.6,10.9,1302,0
ICE,D,20200213,000000,10.6,10.8,10.3,10.7,1117,0
ICE,D,20200214,000000,10.5,10.5,10,10.5,2610,0
ICE,D,20200217,000000,10.7,10.7,10,10,2709,0
ICE,D,20200218,000000,10.4,10.6,10,10.3,6929,0
ICE,D,20200219,000000,10.3,10.7,10,10.7,1240,0
ICE,D,20200220,000000,10.6,10.6,10,10.5,800,0
ICE,D,20200221,000000,10.2,10.5,10,10.5,220,0
ICE,D,20200224,000000,10.4,10.4,9.3,10,3411,0
ICE,D,20200225,000000,9.3,9.7,9,9.7,1966,0
ICE,D,20200226,000000,9.5,10.1,9.3,10.1,975,0
ICE,D,20200227,000000,9.8,9.8,9.2,9.5,2259,0
ICE,D,20200228,000000,9.2,9.2,7.7,8.4,2753,0
ICE,D,20200302,000000,8.5,8.5,8.5,8.5,65,0
ICE,D,20200303,000000,8.5,10,8.5,9.85,2274,0
ICE,D,20200304,000000,9.75,9.85,9.1,9.75,475,0
ICE,D,20200305,000000,9.2,9.35,8.9,9.35,2312,0
ICE,D,20200306,000000,9.35,9.55,9.35,9.55,55,0
ICE,D,20200309,000000,8.9,8.9,7.15,8.45,4688,0
ICE,D,20200310,000000,8.45,8.8,7,8.4,1141,0
ICE,D,20200311,000000,8.65,8.65,7.4,8,394,0
ICE,D,20200312,000000,7.2,7.8,5.8,7.3,3674,0
ICE,D,20200313,000000,7,8.4,7,7.8,4683,0
ICE,D,20200316,000000,7.6,9.05,7.1,9.05,1682,0
ICE,D,20200317,000000,8.4,9.35,8.3,8.6,12977,0
ICE,D,20200318,000000,8.3,8.5,8.05,8.05,1378,0
ICE,D,20200319,000000,7.9,8.35,7.45,8.35,8480,0
ICE,D,20200320,000000,8.2,8.45,8.2,8.4,1074,0
ICE,D,20200323,000000,8.1,8.3,8.1,8.3,30,0
ICE,D,20200324,000000,8.25,8.25,8.25,8.25,5,0
ICE,D,20200325,000000,8,8.4,8,8.15,780,0
ICE,D,20200326,000000,7.8,8,7.8,8,1921,0
ICE,D,20200327,000000,8.05,8.2,8,8.2,350,0
ICE,D,20200330,000000,7.9,8.05,7.5,8,1727,0
ICE,D,20200331,000000,8,8,8,8,10,0
ICE,D,20200401,000000,8.35,8.35,8.35,8.35,200,0
ICE,D,20200402,000000,8.35,8.35,8.35,8.35,15,0
ICE,D,20200403,000000,8.3,10,8.3,9.2,6854,0
ICE,D,20200406,000000,9.2,9.4,8.75,8.8,4064,0
ICE,D,20200407,000000,8.95,9,8.45,8.75,2443,0
ICE,D,20200408,000000,8.4,8.45,8.4,8.4,110,0
ICE,D,20200409,000000,8.4,10,8.2,8.9,20976,0
ICE,D,20200414,000000,9.45,9.5,8.5,9.05,8750,0
ICE,D,20200415,000000,9.35,9.4,8.5,8.95,4929,0
ICE,D,20200416,000000,8.95,8.95,8.3,8.35,5102,0
ICE,D,20200417,000000,9.35,9.8,8.25,8.55,31739,0
ICE,D,20200420,000000,8.75,10.5,8.55,10.4,37608,0
ICE,D,20200421,000000,10.4,10.4,9.15,10.1,19757,0
ICE,D,20200422,000000,10,13.9,9.95,13,31495,0
ICE,D,20200423,000000,13.8,13.8,12,13.5,20866,0
ICE,D,20200424,000000,13.7,13.7,12.6,12.9,10756,0
ICE,D,20200427,000000,13.5,13.8,12,12.4,24221,0
ICE,D,20200428,000000,12.8,12.9,11.5,12,12449,0
ICE,D,20200429,000000,11.6,11.9,11.1,11.8,10814,0
ICE,D,20200430,000000,11.5,11.9,10.9,11.3,7689,0
ICE,D,20200504,000000,11,11.3,10.5,11.3,8643,0
ICE,D,20200505,000000,11.5,12.3,11,11.2,12727,0
ICE,D,20200506,000000,11.2,12,10.9,11.6,8930,0
ICE,D,20200507,000000,11.4,11.7,11.3,11.6,2389,0
ICE,D,20200508,000000,11.5,11.8,11.4,11.5,3809,0
ICE,D,20200511,000000,11.4,11.4,10.4,11,5980,0
ICE,D,20200512,000000,11.1,11.1,10.5,11,2086,0
ICE,D,20200513,000000,11,11.2,10.5,10.9,3217,0
ICE,D,20200514,000000,10.9,10.9,10,10.4,13492,0
ICE,D,20200515,000000,10.5,10.9,10.4,10.9,2122,0
ICE,D,20200518,000000,10.8,11.2,10.7,10.9,5449,0
ICE,D,20200519,000000,11,11.2,10.8,11,3742,0
ICE,D,20200520,000000,11,11.4,11,11,2228,0
ICE,D,20200521,000000,10.9,10.9,10.6,10.9,5535,0
ICE,D,20200522,000000,10.8,10.9,10.6,10.9,1851,0
ICE,D,20200525,000000,10.7,10.9,10.2,10.8,5813,0
ICE,D,20200526,000000,10.8,11.3,10.7,10.8,3623,0
ICE,D,20200527,000000,10.8,11.1,10.3,10.7,5046,0
ICE,D,20200528,000000,10.5,10.6,10.4,10.5,1688,0
ICE,D,20200529,000000,10.5,10.9,10.5,10.9,1868,0
ICE,D,20200601,000000,10.9,11,10.5,10.8,1320,0
ICE,D,20200602,000000,10.8,10.8,10.5,10.7,1053,0
ICE,D,20200603,000000,10.7,10.9,10.6,10.8,4780,0
ICE,D,20200604,000000,10.5,10.7,10.3,10.7,3815,0
ICE,D,20200605,000000,10.5,10.7,9.25,10.3,20218,0
ICE,D,20200608,000000,9.9,10.6,9.9,10.3,2260,0
ICE,D,20200609,000000,10.3,10.5,9.9,10.5,914,0
ICE,D,20200610,000000,10.4,10.4,10,10,1400,0
ICE,D,20200612,000000,9.6,10.4,9.6,10.2,1473,0
ICE,D,20200615,000000,10.5,10.5,10.5,10.5,21,0
ICE,D,20200616,000000,10.3,10.4,10.3,10.4,1065,0
ICE,D,20200617,000000,10.4,11.1,10.2,11.1,7636,0
ICE,D,20200618,000000,11,11.4,10.9,11,3084,0
ICE,D,20200619,000000,11,11,10.4,10.7,8201,0
ICE,D,20200622,000000,10.6,12.2,10.6,12,22679,0
ICE,D,20200623,000000,13,16.9,13,16.9,51156,0
ICE,D,20200624,000000,17.3,17.5,15.4,15.9,41858,0
ICE,D,20200625,000000,15.8,15.9,14.2,15.9,6651,0
ICE,D,20200626,000000,16,17.5,16,17,6696,0
ICE,D,20200629,000000,17,17,15.2,16.8,5533,0
ICE,D,20200630,000000,16.8,16.8,15.5,16,3296,0
ICE,D,20200701,000000,16,16.5,14.1,16.2,23868,0
ICE,D,20200702,000000,16.4,16.6,15.8,16.1,6666,0
ICE,D,20200703,000000,16.2,16.2,15.5,15.5,3238,0
ICE,D,20200706,000000,15.7,16.4,15.7,15.8,4126,0
ICE,D,20200707,000000,16.2,16.2,15.1,15.8,4011,0
ICE,D,20200708,000000,15.3,15.8,15.1,15.1,4573,0
ICE,D,20200709,000000,15.9,16.5,15.5,16.2,8396,0
ICE,D,20200710,000000,16,17,15.6,16.6,3819,0
ICE,D,20200713,000000,16.1,16.7,15.7,16.5,2196,0
ICE,D,20200714,000000,16.5,17,16,16.3,5821,0
ICE,D,20200715,000000,16.8,16.9,16.5,16.8,4109,0
ICE,D,20200716,000000,16.8,16.8,16,16.4,7154,0
ICE,D,20200717,000000,16.4,16.5,16,16.1,2246,0
ICE,D,20200720,000000,16.4,16.4,16,16,2709,0
ICE,D,20200721,000000,16.1,16.4,15.8,16.4,1599,0
ICE,D,20200722,000000,16,16.6,16,16.4,1475,0
ICE,D,20200723,000000,16.6,16.8,16,16.8,4363,0
ICE,D,20200724,000000,16.5,16.5,16,16.4,1074,0
ICE,D,20200727,000000,16.3,20,15.7,19.5,31378,0
ICE,D,20200728,000000,20,20.8,19,19,10878,0
ICE,D,20200729,000000,18.6,19,18,18.6,4744,0
ICE,D,20200730,000000,18.6,18.6,16.1,16.2,17889,0
ICE,D,20200731,000000,16.1,18.5,16.1,17.3,6416,0
ICE,D,20200803,000000,17.9,20.4,17.9,20.4,9126,0
ICE,D,20200804,000000,20.4,21,17,20.2,10250,0
ICE,D,20200805,000000,20.2,24,20.2,22.8,17052,0
ICE,D,20200806,000000,22.8,25,21.2,22.8,8017,0
ICE,D,20200807,000000,22.2,23.4,21.6,23.4,3148,0
ICE,D,20200810,000000,23.4,24,23,24,1130,0
ICE,D,20200811,000000,24.6,24.6,21.8,23.2,6883,0
ICE,D,20200812,000000,22,22.4,21.8,22.4,1870,0
ICE,D,20200813,000000,22.2,24.2,22.2,23.4,10793,0
ICE,D,20200814,000000,23.6,24.2,23.4,24,3838,0
ICE,D,20200817,000000,24.4,25,23.8,24.6,5473,0
ICE,D,20200818,000000,25,25.2,24.2,24.8,4940,0
ICE,D,20200819,000000,24.6,25.2,23.4,24,9403,0
ICE,D,20200820,000000,24.2,24.2,22.8,23.8,1533,0
ICE,D,20200821,000000,24,24,22.8,23,2952,0
ICE,D,20200824,000000,23,24,18.5,22,17384,0
ICE,D,20200825,000000,22.6,22.6,21.6,22,1757,0
ICE,D,20200826,000000,22,22,20.2,20.8,4127,0
ICE,D,20200827,000000,20.6,21.4,20.6,21,5090,0
ICE,D,20200828,000000,21.2,23,20.8,22,14458,0
ICE,D,20200831,000000,22,23,20.8,20.8,7834,0
ICE,D,20200901,000000,22,22.6,20.2,21.8,3681,0
ICE,D,20200902,000000,22,22,21,21.8,2450,0
ICE,D,20200903,000000,21.6,22.8,21.4,22,4240,0
ICE,D,20200904,000000,21.8,22,20.8,21,3507,0
ICE,D,20200907,000000,20.6,21.4,20.6,21.4,1839,0
ICE,D,20200908,000000,21.4,21.4,17.6,20,14995,0
ICE,D,20200909,000000,18.5,20.6,18,20.4,2484,0
ICE,D,20200910,000000,19.2,21,19.2,20.8,519,0
ICE,D,20200911,000000,20.6,20.6,20.2,20.6,741,0
ICE,D,20200914,000000,20,20,18.8,19,7608,0
ICE,D,20200915,000000,18.6,19,18.1,18.7,2740,0
ICE,D,20200916,000000,18.8,18.8,17.8,18.3,4698,0
ICE,D,20200917,000000,18,18,16.6,17,6408,0
ICE,D,20200918,000000,16.1,18.5,15.7,16,30888,0
ICE,D,20200921,000000,16,16.4,14.5,14.5,18766,0
ICE,D,20200922,000000,14.8,18,14.8,16.9,13226,0
ICE,D,20200923,000000,17,19,17,18.3,10958,0
ICE,D,20200924,000000,18,18.2,17.6,18,2027,0
ICE,D,20200925,000000,18.3,20,18.3,19.5,10701,0
ICE,D,20200928,000000,19.8,19.8,17.7,18,10707,0
ICE,D,20200929,000000,18.5,18.6,17.3,17.7,12537,0
ICE,D,20200930,000000,17.8,17.8,15.9,16.9,44641,0
ICE,D,20201001,000000,17.3,17.4,16.5,16.9,7929,0
ICE,D,20201002,000000,16.9,16.9,16.4,16.5,14501,0
ICE,D,20201005,000000,16.4,16.7,16,16.5,8961,0
ICE,D,20201006,000000,16.3,18.2,16.2,17.6,17614,0
ICE,D,20201007,000000,17.6,17.6,17,17.5,3740,0
ICE,D,20201008,000000,17.8,18.2,17.1,18,14131,0
ICE,D,20201009,000000,19.1,20,18.1,19,14174,0
ICE,D,20201012,000000,18.3,19.8,18.3,19.7,5600,0
ICE,D,20201013,000000,19,19.7,18.7,19.3,4006,0
ICE,D,20201014,000000,19.1,19.1,18.2,18.4,8602,0
ICE,D,20201015,000000,18.4,18.4,16.2,16.4,19286,0
ICE,D,20201016,000000,16.9,17.6,16.6,17.3,3230,0
ICE,D,20201019,000000,17.8,18.5,17.4,18,7242,0
ICE,D,20201020,000000,17.8,17.8,17.1,17.5,1137,0
ICE,D,20201021,000000,17.2,19,16.6,17.6,6871,0
ICE,D,20201022,000000,17.3,17.5,16.5,17.4,7974,0
ICE,D,20201023,000000,16.8,17,16.4,17,5965,0
ICE,D,20201026,000000,16.8,16.9,16.1,16.8,1712,0
ICE,D,20201027,000000,16.4,17.7,16.4,17.4,5744,0
ICE,D,20201028,000000,17.5,17.5,15,15.5,16800,0
ICE,D,20201029,000000,15.7,16.5,15,16.1,7485,0
ICE,D,20201030,000000,16,16,14.9,15.6,6027,0
ICE,D,20201102,000000,16,17.2,16,17.2,5688,0
ICE,D,20201103,000000,17.2,17.3,16.8,17.3,3625,0
ICE,D,20201104,000000,17,17.1,15.6,16.8,2605,0
ICE,D,20201105,000000,16.4,17.3,15.7,17,3756,0
ICE,D,20201106,000000,17.6,19.9,17,19.9,38708,0
ICE,D,20201109,000000,21,24,19.9,21.8,46179,0
ICE,D,20201110,000000,20.4,21.8,19,19.2,9872,0
ICE,D,20201112,000000,19.2,22,19.2,20.2,23442,0
ICE,D,20201113,000000,20,20,18.9,19.8,12524,0
ICE,D,20201116,000000,19.4,20.4,19,19.8,4315,0
ICE,D,20201117,000000,20.4,21.8,19.4,20,21992,0
ICE,D,20201118,000000,20,20.4,19,19.9,3340,0
ICE,D,20201119,000000,20.2,20.2,19,19.6,2929,0
ICE,D,20201120,000000,19.1,19.1,18.2,18.7,9241,0
ICE,D,20201123,000000,18.7,19.5,17.7,18.9,16172,0
ICE,D,20201124,000000,18.5,18.5,17.5,18,13069,0
ICE,D,20201125,000000,17.9,18.8,17.5,18.1,7856,0
ICE,D,20201126,000000,18.4,18.6,17.5,17.6,10427,0
ICE,D,20201127,000000,18,18,17.5,18,1435,0
ICE,D,20201130,000000,17.7,19.3,17.5,18.9,6752,0
ICE,D,20201201,000000,18.9,18.9,18.5,18.5,718,0
ICE,D,20201202,000000,18.5,18.8,17.8,18.8,2299,0
ICE,D,20201203,000000,18.8,20.8,18.4,19.5,10169,0
ICE,D,20201204,000000,19.5,19.6,18.8,18.9,4209,0
ICE,D,20201207,000000,18.9,18.9,18.1,18.1,3213,0
ICE,D,20201208,000000,18.3,19.6,18,18.6,5562,0
ICE,D,20201209,000000,18.6,18.9,18.2,18.6,2540,0
ICE,D,20201210,000000,18.5,18.5,18,18.2,2797,0
ICE,D,20201211,000000,18.2,18.2,17.1,18,6246,0
ICE,D,20201214,000000,17.9,17.9,17.1,17.7,2852,0
ICE,D,20201215,000000,17.3,17.7,17.3,17.7,396,0
ICE,D,20201216,000000,17.9,18,17.5,17.9,4028,0
ICE,D,20201217,000000,17.5,18.1,17.2,17.3,2480,0
ICE,D,20201218,000000,17.2,17.9,17.1,17.8,1031,0
ICE,D,20201221,000000,17.8,18.3,17.2,17.8,12639,0
ICE,D,20201222,000000,18,18.5,18,18.3,3612,0
ICE,D,20201223,000000,18.5,18.9,18,18.5,4073,0
ICE,D,20201228,000000,18,18.4,17.5,18,13080,0
ICE,D,20201229,000000,17.9,18.4,17.7,18,6280,0
ICE,D,20201230,000000,18,18,15.7,17.3,110412,0
ICE,D,20210104,000000,19,19,18.1,18.5,26071,0
ICE,D,20210105,000000,18.8,19.8,18.6,19.8,27759,0
ICE,D,20210107,000000,20,24,20,23.8,39223,0
ICE,D,20210108,000000,24,24.6,22,23,22010,0
ICE,D,20210111,000000,23,23.8,22,22.6,17893,0
ICE,D,20210112,000000,21.8,22.8,21.2,22.2,11791,0
ICE,D,20210113,000000,22,22.4,20.8,21.8,11231,0
ICE,D,20210114,000000,21.8,23.2,21.8,23,8821,0
ICE,D,20210115,000000,23.6,23.6,21.8,22.4,6141,0
ICE,D,20210118,000000,22.4,23,21.2,22.6,3730,0
ICE,D,20210119,000000,22.2,22.2,21.6,22,5642,0
ICE,D,20210120,000000,21.6,23.4,21.6,23,6888,0
ICE,D,20210121,000000,23,23.2,22,22.4,4022,0
ICE,D,20210122,000000,22,22.8,21.8,22.6,4127,0
ICE,D,20210125,000000,21.6,22.4,21.2,22.4,7660,0
ICE,D,20210126,000000,22.6,22.6,20.8,21.4,12850,0
ICE,D,20210127,000000,21.2,21.2,19.6,20.6,19460,0
ICE,D,20210128,000000,20.2,21.2,19.6,20.6,8612,0
ICE,D,20210129,000000,20.6,23.2,20,22,10746,0
ICE,D,20210201,000000,22.8,25,22,24.8,26566,0
ICE,D,20210202,000000,25.2,30,25.2,30,56527,0
ICE,D,20210203,000000,31,33,28,30,55248,0
ICE,D,20210204,000000,30.4,30.6,28,29.2,14777,0
ICE,D,20210205,000000,29.2,29.8,29,29.8,2891,0
ICE,D,20210208,000000,29.8,33.8,29.8,31,15735,0
ICE,D,20210209,000000,31,31.8,29,29.8,5838,0
ICE,D,20210210,000000,29.8,31,29.2,29.8,5140,0
ICE,D,20210211,000000,29.6,29.6,28.6,29,8681,0
ICE,D,20210212,000000,28.6,28.6,26.6,28.4,15534,0
ICE,D,20210215,000000,28.4,31,28.4,30.4,6333,0
ICE,D,20210216,000000,30.6,30.6,30,30.2,4240,0
ICE,D,20210217,000000,30.6,30.6,29.4,30,4268,0
ICE,D,20210218,000000,29.4,30.2,29,29,7558,0
ICE,D,20210219,000000,28,30,28,29.4,3622,0
ICE,D,20210222,000000,29,29.6,28.2,29,2281,0
ICE,D,20210223,000000,28.6,30,27,28.4,10893,0
ICE,D,20210224,000000,28.2,29,27.6,28,4086,0
ICE,D,20210225,000000,28.6,28.6,27,27.6,3736,0
ICE,D,20210226,000000,27.8,28.4,25.6,27.6,11746,0
ICE,D,20210301,000000,27.6,28,26.6,28,9396,0
ICE,D,20210302,000000,27,30.8,26.8,28,91165,0
ICE,D,20210303,000000,28,28.6,27.4,28.2,8957,0
ICE,D,20210304,000000,28.8,30,27.8,29.4,11936,0
ICE,D,20210305,000000,30,30.4,28.4,29.4,6524,0
ICE,D,20210308,000000,28.8,29.2,28,29,5332,0
ICE,D,20210309,000000,28.4,29,28,28.2,6559,0
ICE,D,20210310,000000,30.4,30.6,28.2,29,14782,0
ICE,D,20210311,000000,29.2,29.2,28.2,28.6,3280,0
ICE,D,20210312,000000,28.8,29,28.4,28.8,2181,0
ICE,D,20210315,000000,29.8,29.8,28.8,29.4,10394,0
ICE,D,20210316,000000,29.4,29.4,28.4,28.8,3045,0
ICE,D,20210317,000000,28.6,29,26.6,28,14657,0
ICE,D,20210318,000000,28.6,29.6,28.4,29.4,11476,0
ICE,D,20210319,000000,29.2,29.4,28.2,29.4,2652,0
ICE,D,20210322,000000,29.4,29.6,28.6,29.6,1867,0
ICE,D,20210323,000000,29.6,31.4,28.8,31.4,11795,0
ICE,D,20210324,000000,31.8,36,31.4,34.8,44826,0
ICE,D,20210325,000000,34.6,34.6,31.6,32.2,21352,0
ICE,D,20210326,000000,33,34,31.8,33.4,19832,0
ICE,D,20210329,000000,32.4,33.4,31.8,32.6,10368,0
ICE,D,20210330,000000,32.6,33.4,31.6,32.2,6892,0
ICE,D,20210331,000000,32,34,32,32.6,18918,0
ICE,D,20210401,000000,32.6,35.8,32,34.8,29697,0
ICE,D,20210406,000000,35.3,37.8,35,36.5,42882,0
ICE,D,20210407,000000,37.5,37.5,36.1,37,5408,0
ICE,D,20210408,000000,37,41.3,36,40,68044,0
ICE,D,20210409,000000,40.6,40.9,38,40.9,17365,0
ICE,D,20210412,000000,37.4,38.9,36.5,37,62593,0
ICE,D,20210413,000000,36.7,38.8,36.7,37.4,16560,0
ICE,D,20210414,000000,37.8,37.8,36.4,37.4,14207,0
ICE,D,20210415,000000,37.4,38.2,36.5,37.1,13882,0
ICE,D,20210416,000000,37.7,37.7,36.2,36.3,9928,0
ICE,D,20210419,000000,37,37,35,35,9276,0
ICE,D,20210420,000000,35,36,33.5,33.8,12878,0
ICE,D,20210421,000000,34.2,34.2,33.3,33.3,14053,0
ICE,D,20210422,000000,33.6,33.6,32.5,32.6,12005,0
ICE,D,20210423,000000,32.5,37.7,32.3,33.1,28466,0
ICE,D,20210426,000000,33.7,34,32.1,32.2,8916,0
ICE,D,20210427,000000,32.2,33,31.5,31.6,12636,0
ICE,D,20210428,000000,31.3,34.4,30.8,32.5,11292,0
ICE,D,20210429,000000,32.4,34.9,32,34.5,9583,0
ICE,D,20210430,000000,34.9,35.2,32.2,33.7,10804,0
ICE,D,20210504,000000,34,34,32.1,32.2,7826,0
ICE,D,20210505,000000,32.2,33,31,31.5,20679,0
ICE,D,20210506,000000,31.3,32.7,29.4,30,21308,0
ICE,D,20210507,000000,30.4,32,30,31.2,11368,0
ICE,D,20210510,000000,31.9,33.7,31.6,33,6825,0
ICE,D,20210511,000000,33.1,34,32,32.5,4888,0
ICE,D,20210512,000000,32.5,33.2,30.6,31,9548,0
ICE,D,20210513,000000,31.3,31.5,30.5,30.8,4546,0
ICE,D,20210514,000000,31,31.2,29.9,29.9,33302,0
ICE,D,20210517,000000,30.5,30.8,29.9,30,11408,0
ICE,D,20210518,000000,30,31.5,29.8,31,9861,0
ICE,D,20210519,000000,31.1,31.8,29.6,30.9,13463,0
ICE,D,20210520,000000,30.4,31.4,30.4,31.3,5927,0
ICE,D,20210521,000000,31.3,31.9,31,31.8,8439,0
ICE,D,20210524,000000,31.8,31.8,30,31,12097,0
ICE,D,20210525,000000,31,31.5,30.5,31.2,8349,0
ICE,D,20210526,000000,31,31,30.6,30.7,982,0
ICE,D,20210527,000000,31.3,31.5,30.6,31,3467,0
ICE,D,20210528,000000,31.1,31.1,30.6,30.9,3377,0
ICE,D,20210531,000000,30.7,31.1,29.5,30,23374,0
ICE,D,20210601,000000,30,31.2,29.8,30.9,20482,0
ICE,D,20210602,000000,31,31,30.1,30.8,7409,0
ICE,D,20210604,000000,30.8,30.9,30.4,30.6,1131,0
ICE,D,20210607,000000,31,31,29.5,30.3,20821,0
ICE,D,20210608,000000,30.3,30.6,30,30.1,11676,0
ICE,D,20210609,000000,30,30.4,30,30.2,2047,0
ICE,D,20210610,000000,30.5,30.5,29.5,30,4088,0
ICE,D,20210611,000000,30,30.6,30,30.5,1617,0
ICE,D,20210614,000000,30.6,31,30.4,31,3711,0
ICE,D,20210615,000000,31,31,29.8,30.4,5744,0
ICE,D,20210616,000000,29.8,29.9,29,29.7,6996,0
ICE,D,20210617,000000,29.9,30.4,29.3,30.2,1687,0
ICE,D,20210618,000000,30.3,30.3,29.3,29.6,4321,0
ICE,D,20210621,000000,29.3,29.3,28.5,28.6,4578,0
ICE,D,20210622,000000,28.7,29.4,28.5,29.2,5197,0
ICE,D,20210623,000000,29.2,29.2,28.4,29,2951,0
ICE,D,20210624,000000,29.4,29.4,28.6,28.9,1612,0
ICE,D,20210625,000000,28.8,29.8,28.4,28.9,5206,0
ICE,D,20210628,000000,28.8,28.8,28,28.5,4509,0
ICE,D,20210629,000000,28.3,29.8,28.1,29.8,5111,0
ICE,D,20210630,000000,29.9,31.3,29.1,31.3,13046,0
ICE,D,20210701,000000,31.3,31.4,30,30.6,4295,0
ICE,D,20210702,000000,30.8,30.8,29.9,30.6,1720,0
ICE,D,20210705,000000,30.1,30.7,30,30.7,2697,0
ICE,D,20210706,000000,30.7,31.2,30.3,30.7,2591,0
ICE,D,20210707,000000,30.2,30.6,30.1,30.6,1021,0
ICE,D,20210708,000000,30.7,30.8,30,30.5,3521,0
ICE,D,20210709,000000,30.5,30.7,29.5,30.4,1869,0
ICE,D,20210712,000000,30.4,30.5,29.6,30.5,3236,0
ICE,D,20210713,000000,30.5,30.5,30.2,30.4,1122,0
ICE,D,20210714,000000,30.2,30.5,29.5,30.1,3566,0
ICE,D,20210715,000000,30,30.3,29.5,30,2201,0
ICE,D,20210716,000000,29.4,29.9,28.6,29.1,5978,0
ICE,D,20210719,000000,29,29.1,27,27.3,10222,0
ICE,D,20210720,000000,27.4,28.1,26.8,27.6,6299,0
ICE,D,20210721,000000,27.6,28.8,27.6,28.8,2911,0
ICE,D,20210722,000000,28.8,28.8,27.9,28.3,331,0
ICE,D,20210723,000000,28.3,28.3,27.5,27.9,4502,0
ICE,D,20210726,000000,27.2,27.9,27.1,27.3,2355,0
ICE,D,20210727,000000,27.1,27.3,26.2,26.4,7402,0
ICE,D,20210728,000000,26.3,27.5,25.5,27.5,17753,0
ICE,D,20210729,000000,27.5,29,27,28.4,5319,0
ICE,D,20210730,000000,28.8,28.8,27.7,28.6,1795,0
ICE,D,20210802,000000,28.6,28.9,27.5,28,1088,0
ICE,D,20210803,000000,29.9,29.9,27.9,28.5,3116,0
ICE,D,20210804,000000,28,28.9,27.6,28.9,1776,0
ICE,D,20210805,000000,28.4,29.2,28.1,28.9,2569,0
ICE,D,20210806,000000,29.4,29.4,28.2,29.1,528,0
ICE,D,20210809,000000,29,29,27.9,28.6,1469,0
ICE,D,20210810,000000,27.8,28.7,27.8,27.9,1298,0
ICE,D,20210811,000000,28.6,28.6,27.9,28.4,299,0
ICE,D,20210812,000000,28.3,28.6,27.8,27.8,708,0
ICE,D,20210813,000000,27.8,28.6,27.7,28,1029,0
ICE,D,20210816,000000,28.7,28.7,27.2,27.6,1610,0
ICE,D,20210817,000000,28,28,27.1,27.7,505,0
ICE,D,20210818,000000,27.1,27.7,26.7,27,4630,0
ICE,D,20210819,000000,26.6,27.2,25.1,26.8,10320,0
ICE,D,20210820,000000,27.1,27.1,25.4,27,3816,0
ICE,D,20210823,000000,26,26.7,25.8,26.1,4306,0
ICE,D,20210824,000000,26,26,24.2,25.7,12761,0
ICE,D,20210825,000000,25.9,26.3,24.9,25.5,3977,0
ICE,D,20210826,000000,25.7,26.7,25,26.3,4684,0
ICE,D,20210827,000000,26.3,27.4,25.6,27.4,4404,0
ICE,D,20210830,000000,27.4,27.9,26.4,26.9,2960,0
ICE,D,20210831,000000,26.4,27,25.7,25.8,4696,0
ICE,D,20210901,000000,25.6,25.6,24.6,25,9247,0
ICE,D,20210902,000000,25,25,24.5,25,1729,0
ICE,D,20210903,000000,25,25.2,23.5,24.7,10576,0
ICE,D,20210906,000000,25,25.8,24.6,25.6,5725,0
ICE,D,20210907,000000,25.8,25.8,24.2,24.9,6558,0
ICE,D,20210908,000000,24,24.6,23.8,24.2,15029,0
ICE,D,20210909,000000,24.4,24.4,23.2,23.9,6081,0
ICE,D,20210910,000000,23.5,23.9,22,22.1,29699,0
ICE,D,20210913,000000,22.5,24,22,23.4,21305,0
ICE,D,20210914,000000,23.1,23.4,22.6,23,13284,0
ICE,D,20210915,000000,22.8,22.9,22.7,22.9,3504,0
ICE,D,20210916,000000,23.4,23.4,22.8,22.9,1612,0
ICE,D,20210917,000000,22.8,23.9,22.7,23.5,5616,0
ICE,D,20210920,000000,23.8,23.8,21.5,22,10991,0
ICE,D,20210921,000000,22.4,22.4,21.5,22,7759,0
ICE,D,20210922,000000,21.5,21.8,21.1,21.8,13843,0
ICE,D,20210923,000000,22,22.8,21,21.7,17641,0
ICE,D,20210924,000000,22.3,23.7,22.3,23.5,6693,0
ICE,D,20210927,000000,23.5,23.5,21.9,22.3,9776,0
ICE,D,20210928,000000,22.3,22.4,21.6,22,7700,0
ICE,D,20210929,000000,22,23.5,21.8,22.8,5854,0
ICE,D,20210930,000000,23,23.3,21.9,22.2,2923,0
ICE,D,20211001,000000,22.5,22.9,21.6,22.4,2868,0
ICE,D,20211004,000000,22.4,22.9,21.8,21.8,3576,0
ICE,D,20211005,000000,21.6,22.4,21.4,22,5214,0
ICE,D,20211006,000000,21.7,23,21.5,22.4,4538,0
ICE,D,20211007,000000,22.4,22.4,21.3,21.5,4812,0
ICE,D,20211008,000000,22,23.6,21.8,23.2,13632,0
ICE,D,20211011,000000,23.2,24.8,22.7,23.1,7292,0
ICE,D,20211012,000000,23.2,23.4,22.8,23.1,1089,0
ICE,D,20211013,000000,23,23,22.1,22.4,2401,0
ICE,D,20211014,000000,22.4,22.5,21.9,22.5,2284,0
ICE,D,20211015,000000,22.5,22.5,21.8,22.3,2951,0
ICE,D,20211018,000000,22,22.7,21.5,22,10076,0
ICE,D,20211019,000000,22.7,23.1,21.7,23.1,4319,0
ICE,D,20211020,000000,23.1,23.3,22.2,22.4,5852,0
ICE,D,20211021,000000,23.3,23.3,22.4,23.2,4014,0
ICE,D,20211022,000000,23.3,23.8,23,23.3,2507,0
ICE,D,20211025,000000,23.1,24,23,23.8,3250,0
ICE,D,20211026,000000,24,25.6,23.8,25,10022,0
ICE,D,20211027,000000,25.5,25.5,24.5,24.5,1579,0
ICE,D,20211028,000000,24.5,25,24.5,25,1886,0
ICE,D,20211029,000000,25,26.3,25,26,12304,0
ICE,D,20211102,000000,26,26.2,24.5,24.6,8620,0
ICE,D,20211103,000000,24.8,25.1,23.5,24.3,2528,0
ICE,D,20211104,000000,24,24.5,23.5,23.9,3411,0
ICE,D,20211105,000000,24.2,24.8,23.6,24.7,5503,0
ICE,D,20211108,000000,24.7,24.7,23.2,23.8,1438,0
ICE,D,20211109,000000,23.8,24.2,23.7,24,1428,0
ICE,D,20211110,000000,23.7,24,23.4,23.8,1179,0
ICE,D,20211112,000000,23.8,24,22.8,23.3,5028,0
ICE,D,20211115,000000,23.2,24.3,22.8,24.3,5503,0
ICE,D,20211116,000000,24.3,24.4,22.8,23.9,2313,0
ICE,D,20211117,000000,23.9,24.9,23.3,24.7,7094,0
ICE,D,20211118,000000,25,25,23.6,23.8,3148,0
ICE,D,20211119,000000,23.5,24.7,22.9,23,4263,0
ICE,D,20211122,000000,23,23.1,22,23,6137,0
ICE,D,20211123,000000,22.9,23,22.1,22.8,3129,0
ICE,D,20211124,000000,22.9,23,22.5,22.9,1490,0
ICE,D,20211125,000000,22.9,23,22.2,22.8,2375,0
ICE,D,20211126,000000,23,23,20.7,21.4,24796,0
ICE,D,20211129,000000,21.4,22,21,21.8,4356,0
ICE,D,20211130,000000,21.8,21.8,21.1,21.3,4646,0
ICE,D,20211201,000000,21.7,22,21.5,21.8,1665,0
ICE,D,20211202,000000,21.7,21.8,21.6,21.8,343,0
ICE,D,20211203,000000,21.6,21.8,21.5,21.5,2616,0
ICE,D,20211206,000000,21.5,22,20.5,20.6,7939,0
ICE,D,20211207,000000,20.6,21.4,20.6,21.3,2657,0
ICE,D,20211208,000000,21.4,21.4,21.1,21.2,1039,0
ICE,D,20211209,000000,21.7,21.7,20.7,21.3,2434,0
ICE,D,20211210,000000,21.3,21.4,20.5,20.9,2567,0
ICE,D,20211213,000000,20.9,20.9,19.7,20,12612,0
ICE,D,20211214,000000,19.9,21.2,19.75,21.1,11502,0
ICE,D,20211215,000000,20.4,21.1,20,20.6,4234,0
ICE,D,20211216,000000,20.6,21.4,20.2,20.9,2537,0
ICE,D,20211217,000000,20.3,20.9,20,20.8,1895,0
ICE,D,20211220,000000,20,20.1,19.7,19.95,7171,0
ICE,D,20211221,000000,20,20.2,18.8,20.2,13359,0
ICE,D,20211222,000000,20.1,20.1,19.2,19.6,13173,0
ICE,D,20211223,000000,19.6,19.6,19.15,19.5,13123,0
ICE,D,20211227,000000,19.35,19.75,18.75,18.75,34216,0
ICE,D,20211228,000000,19,19.35,18.35,18.75,19761,0
ICE,D,20211229,000000,18.65,20.4,18.65,20.2,6649,0
ICE,D,20211230,000000,19.6,20.5,19.6,20.4,1306,0
ICE,D,20220103,000000,20.4,23,20.4,21.7,7534,0
ICE,D,20220104,000000,21.7,22.3,21.7,22.3,3207,0
ICE,D,20220105,000000,21.8,22.3,21.5,22.3,2196,0
ICE,D,20220107,000000,21.5,22,21.5,21.5,1488,0
ICE,D,20220110,000000,21.4,21.7,20.6,21,2054,0
ICE,D,20220111,000000,21,21.1,20.2,20.5,5162,0
ICE,D,20220112,000000,20.3,20.5,19.7,20.3,6878,0
ICE,D,20220113,000000,19.9,20,19.75,20,1657,0
ICE,D,20220114,000000,20,20.6,19.8,20.2,4931,0
ICE,D,20220117,000000,20.4,22,20.2,21,5637,0
ICE,D,20220118,000000,20.9,20.9,20.2,20.4,1843,0
ICE,D,20220119,000000,20.4,21,19.5,20,4650,0
ICE,D,20220120,000000,20,20.5,19.75,19.75,2714,0
ICE,D,20220121,000000,19.7,20,19.3,19.9,5248,0
ICE,D,20220124,000000,20,20.6,17.7,18.8,25440,0
ICE,D,20220125,000000,18.95,19.2,18,18.3,5154,0
ICE,D,20220126,000000,18.2,18.75,17.55,18,5054,0
ICE,D,20220127,000000,17.9,18,17.55,17.9,4071,0
ICE,D,20220128,000000,17.85,17.9,16.9,17.6,6522,0
ICE,D,20220131,000000,17.9,18.4,17.6,18.15,992,0
ICE,D,20220201,000000,18.2,18.3,17.85,18.2,464,0
ICE,D,20220202,000000,17.85,18,17.8,17.9,615,0
ICE,D,20220203,000000,18.2,18.2,17.8,18.2,1021,0
ICE,D,20220204,000000,18.15,18.2,17.6,17.9,751,0
ICE,D,20220207,000000,17.65,18.6,17.65,18.25,5201,0
ICE,D,20220208,000000,18.3,18.3,17.55,17.95,3005,0
ICE,D,20220209,000000,18.1,18.15,17.6,18.15,940,0
ICE,D,20220210,000000,18.1,18.1,17.5,17.95,1454,0
ICE,D,20220211,000000,17.8,17.8,17.3,17.45,3051,0
ICE,D,20220214,000000,17.2,17.4,16.05,16.7,7423,0
ICE,D,20220215,000000,16.7,17.25,16.55,17.05,2835,0
ICE,D,20220216,000000,17.05,17.75,17.05,17.05,3675,0
ICE,D,20220217,000000,17.7,18,16.9,17.4,3661,0
ICE,D,20220218,000000,17.7,18.05,17,17.5,1602,0
ICE,D,20220221,000000,16.95,17.95,16.85,17.9,3390,0
ICE,D,20220222,000000,17.1,17.95,16.55,17.8,3636,0
ICE,D,20220223,000000,18,18.05,16.75,17.8,2230,0
ICE,D,20220224,000000,15,16.3,13.6,14.85,24906,0
ICE,D,20220225,000000,14.85,16.15,14.7,15,7179,0
ICE,D,20220228,000000,14.65,15,14.5,14.9,2147,0
ICE,D,20220301,000000,15,15.7,15,15.4,3467,0
ICE,D,20220302,000000,15.45,15.45,14.3,14.8,2649,0
ICE,D,20220303,000000,14.7,14.8,14.5,14.7,1352,0
ICE,D,20220304,000000,14.7,14.7,13.6,14.25,5084,0
ICE,D,20220307,000000,13.9,14.2,13.05,13.4,7242,0
ICE,D,20220308,000000,13.6,13.85,13.1,13.1,2031,0
ICE,D,20220309,000000,13.4,14.2,13,14.2,2654,0
ICE,D,20220310,000000,14.2,15,14.2,14.8,2484,0
ICE,D,20220311,000000,14.9,15.9,14.75,15.25,3861,0
ICE,D,20220314,000000,15.25,15.4,15.1,15.4,1349,0
ICE,D,20220315,000000,15.4,15.6,14.9,15.6,2696,0
ICE,D,20220316,000000,15.9,16,15.9,16,1701,0
ICE,D,20220317,000000,16.3,16.4,16,16,1201,0
ICE,D,20220318,000000,15.95,16.7,15.9,16.05,965,0
ICE,D,20220321,000000,16.55,16.85,15.95,16.85,1877,0
ICE,D,20220322,000000,17,17.2,16.5,16.5,1141,0
ICE,D,20220323,000000,16.1,17.2,16,16.5,417,0
ICE,D,20220324,000000,16.95,17.3,16.7,17,530,0
ICE,D,20220325,000000,16.9,17,16.25,17,1523,0
ICE,D,20220328,000000,17,17,16.3,16.5,809,0
ICE,D,20220329,000000,16.7,17,16.7,17,629,0
ICE,D,20220330,000000,16.9,16.9,16.15,16.8,410,0
ICE,D,20220331,000000,16.2,16.8,16.1,16.8,307,0
ICE,D,20220401,000000,17,17,16.1,16.8,193,0
ICE,D,20220404,000000,16.8,17,16,16.9,1225,0
ICE,D,20220405,000000,16.1,16.8,16.1,16.75,809,0
ICE,D,20220406,000000,16.25,16.9,15.9,16.8,1713,0
ICE,D,20220407,000000,16,16.4,15.8,16.2,991,0
ICE,D,20220408,000000,15.65,15.65,15.35,15.5,2288,0
ICE,D,20220411,000000,15.7,15.95,15.1,15.95,1392,0
ICE,D,20220412,000000,15.3,15.7,15.3,15.5,3250,0
ICE,D,20220413,000000,15.1,15.1,14.6,15,2209,0
ICE,D,20220414,000000,14.62,14.8,14.56,14.8,1777,0
ICE,D,20220419,000000,15.4,15.46,13.82,14.6,5135,0
ICE,D,20220420,000000,14.5,14.5,13.72,14,1949,0
ICE,D,20220421,000000,13.9,14.6,13.32,14.46,4027,0
ICE,D,20220422,000000,14.48,14.6,14.48,14.6,315,0
ICE,D,20220425,000000,13.86,14.48,13.8,14.48,7761,0
ICE,D,20220426,000000,14.1,14.3,13.64,14,582,0
ICE,D,20220427,000000,13.62,13.9,12.8,13.8,7691,0
ICE,D,20220428,000000,13.8,13.8,12.5,13.26,8842,0
ICE,D,20220429,000000,13.44,13.6,12.8,13.6,10208,0
ICE,D,20220502,000000,13.6,14.46,13.6,14.36,1132,0
ICE,D,20220504,000000,14.46,14.46,14.38,14.44,410,0
ICE,D,20220505,000000,14.2,14.34,13.8,14.18,357,0
ICE,D,20220506,000000,13.74,14.16,13.1,13.92,5868,0
ICE,D,20220509,000000,13.92,13.92,13.36,13.5,982,0
ICE,D,20220510,000000,13.5,13.9,13.5,13.9,795,0
ICE,D,20220511,000000,13.9,14.32,13.22,14.28,3806,0
ICE,D,20220512,000000,14.34,14.34,13.5,13.92,3832,0
ICE,D,20220513,000000,13.92,14.08,13.24,13.9,830,0
ICE,D,20220516,000000,13.94,14.1,13.58,14,1822,0
ICE,D,20220517,000000,13.9,14,13.1,13.88,448,0
ICE,D,20220518,000000,13.8,13.94,13.8,13.94,67,0
ICE,D,20220519,000000,13.14,13.82,13.14,13.82,1263,0
ICE,D,20220520,000000,13.26,13.98,13.26,13.86,1151,0
ICE,D,20220523,000000,13.5,13.8,13.02,13.52,1243,0
ICE,D,20220524,000000,13.3,13.78,13.02,13.58,225,0
ICE,D,20220525,000000,13.1,13.84,12.9,13,1282,0
ICE,D,20220526,000000,13,13.4,12.54,13,501,0
ICE,D,20220527,000000,12.62,13.3,12.6,13,2417,0
ICE,D,20220530,000000,12.56,13.1,12.54,13,1103,0
ICE,D,20220601,000000,12.6,12.92,11.7,12.62,3245,0
ICE,D,20220602,000000,12.56,12.56,11.8,12.56,8379,0
ICE,D,20220603,000000,12.12,12.5,11.96,12.5,2244,0
ICE,D,20220606,000000,13.58,13.58,12.6,12.7,863,0
ICE,D,20220607,000000,12.4,13,12.4,13,5729,0
ICE,D,20220608,000000,13.28,13.3,12.56,12.6,848,0
ICE,D,20220609,000000,12.9,13.48,12.56,12.8,1794,0
ICE,D,20220610,000000,12.78,12.78,12.16,12.3,1698,0
ICE,D,20220613,000000,12.26,13.36,11.92,12.18,2844,0
ICE,D,20220614,000000,12.42,12.42,11.82,12.42,1506,0
ICE,D,20220615,000000,12.4,12.4,11.2,11.9,4146,0
ICE,D,20220617,000000,11.18,11.5,10.84,11.14,8236,0
ICE,D,20220620,000000,11.54,11.54,11.14,11.18,126,0
ICE,D,20220621,000000,11,11.5,10.9,11.48,1581,0
ICE,D,20220622,000000,11.2,11.2,11.2,11.2,238,0
ICE,D,20220623,000000,11,11.2,10.64,11.2,993,0
ICE,D,20220624,000000,10.72,11,10.38,10.7,5236,0
ICE,D,20220627,000000,10.1,10.68,9.71,10.22,9872,0
ICE,D,20220628,000000,10.24,10.98,9.87,10.46,4900,0
ICE,D,20220629,000000,9.86,10.52,9.86,10.48,4362,0
ICE,D,20220630,000000,10.02,10.78,10,10.78,15056,0
ICE,D,20220701,000000,10.2,11.12,10.2,11.12,1969,0
ICE,D,20220704,000000,11.12,11.12,10.62,11.12,537,0
ICE,D,20220705,000000,11.12,11.22,10.6,10.98,1300,0
ICE,D,20220706,000000,11,11.3,10.46,10.46,1186,0
ICE,D,20220707,000000,11,12.4,10.48,12.4,5344,0
ICE,D,20220708,000000,12.3,12.4,11.18,11.18,3153,0
ICE,D,20220711,000000,11.2,12.3,11.02,12.06,1736,0
ICE,D,20220712,000000,12.06,12.06,11.56,12.04,811,0
ICE,D,20220713,000000,12.06,13,12.06,12.88,3575,0
ICE,D,20220714,000000,12.88,13,12,12.82,741,0
ICE,D,20220715,000000,12.28,12.76,12.28,12.72,100,0
ICE,D,20220718,000000,12.72,13.26,12.5,12.94,4324,0
ICE,D,20220719,000000,12.78,13.46,12.5,13.4,529,0
ICE,D,20220720,000000,13.5,13.52,12.5,12.8,4790,0
ICE,D,20220721,000000,13.18,13.18,12.46,12.66,1177,0
ICE,D,20220722,000000,12.42,12.42,12.02,12.32,2260,0
ICE,D,20220725,000000,12.04,12.2,11.6,11.6,3445,0
ICE,D,20220726,000000,11.62,11.62,10.8,11.5,3468,0
ICE,D,20220727,000000,11.02,11.46,10.82,11.08,3998,0
ICE,D,20220728,000000,11.2,12.3,11.2,12.2,874,0
ICE,D,20220729,000000,11.7,12.18,11.4,12.18,3267,0
ICE,D,20220801,000000,12.1,12.1,11.7,12,2545,0
ICE,D,20220802,000000,11.72,12,11.6,12,2224,0
ICE,D,20220803,000000,12,13.14,12,12.98,5172,0
ICE,D,20220804,000000,12.98,12.98,12.3,12.64,1754,0
ICE,D,20220805,000000,12.64,12.7,12,12.44,2070,0
ICE,D,20220808,000000,12.5,13.1,11.9,12,8976,0
ICE,D,20220809,000000,11.9,12.52,11.5,12.48,5442,0
ICE,D,20220810,000000,13,13.98,12.6,13.44,19109,0
ICE,D,20220811,000000,13.38,13.4,12.78,13.12,9032,0
ICE,D,20220812,000000,13.5,13.5,12.8,13.06,7392,0
ICE,D,20220816,000000,13.2,13.38,12.92,12.92,1888,0
ICE,D,20220817,000000,13.18,13.18,12.9,13.16,11946,0
ICE,D,20220818,000000,13.1,13.36,12.3,12.48,4468,0
ICE,D,20220819,000000,12.88,12.88,12.42,12.7,1712,0
ICE,D,20220822,000000,13.36,13.38,12.72,13.1,4257,0
ICE,D,20220823,000000,13.34,14.92,13.3,13.8,14142,0
ICE,D,20220824,000000,14.22,14.88,13.5,14.2,5642,0
ICE,D,20220825,000000,14.28,14.28,13.5,14.08,2361,0
ICE,D,20220826,000000,14,14.6,13.5,14.1,4608,0
ICE,D,20220829,000000,13.52,14.1,13,14.1,956,0
ICE,D,20220830,000000,14.1,14.4,13.5,13.6,2514,0
ICE,D,20220831,000000,13.6,14.26,13.5,14.16,1342,0
ICE,D,20220901,000000,13.8,13.8,12.94,13.5,3602,0
ICE,D,20220902,000000,13.6,13.8,12.92,12.92,2656,0
ICE,D,20220905,000000,13.64,14.14,13.64,13.88,1079,0
ICE,D,20220906,000000,13.88,13.9,13.5,13.88,905,0
ICE,D,20220907,000000,13.88,14,13.54,13.98,1025,0
ICE,D,20220908,000000,13.98,14,13.62,14,2303,0
ICE,D,20220909,000000,14,14,13.62,14,1779,0
ICE,D,20220912,000000,14.1,14.88,13.9,14.64,4581,0
ICE,D,20220913,000000,14.22,14.48,13.6,14.48,4328,0
ICE,D,20220914,000000,14.64,14.64,13.9,14.06,997,0
ICE,D,20220915,000000,14.06,14.06,13.8,14.06,1597,0
ICE,D,20220916,000000,13.86,14.06,13.6,14,3203,0
ICE,D,20220919,000000,14.24,14.24,13.68,14.06,1984,0
ICE,D,20220920,000000,13.7,14.06,13.7,13.7,871,0
ICE,D,20220921,000000,13.7,14.2,13.42,13.92,16370,0
ICE,D,20220922,000000,13.8,14,13.8,13.98,382,0
ICE,D,20220923,000000,13.8,13.96,13.6,13.96,1865,0
ICE,D,20220926,000000,13.96,13.96,13.4,13.4,1765,0
ICE,D,20220927,000000,13.4,13.9,13.4,13.78,408,0
ICE,D,20220928,000000,13.4,13.4,12.52,13,1657,0
ICE,D,20220929,000000,13,13.48,12.7,12.7,525,0
ICE,D,20220930,000000,12.4,12.7,11.9,12.7,2788,0
ICE,D,20221003,000000,12.12,12.7,12.12,12.7,934,0
ICE,D,20221004,000000,12.4,13.26,12.3,13.24,2488,0
ICE,D,20221005,000000,13.3,13.3,12.6,13.3,1720,0
ICE,D,20221006,000000,13.3,13.36,12.9,13.2,1003,0
ICE,D,20221007,000000,13.2,13.38,12.72,13.38,136,0
ICE,D,20221010,000000,13,13.38,13,13,661,0
ICE,D,20221011,000000,13.38,13.78,12.76,13.68,362,0
ICE,D,20221012,000000,12.9,13.7,12.9,13.7,41,0
ICE,D,20221013,000000,13.58,13.58,12.9,13.58,1380,0
ICE,D,20221014,000000,13.66,13.68,13.66,13.68,26,0
ICE,D,20221017,000000,13.64,13.64,12.84,13.5,1249,0
ICE,D,20221018,000000,13.64,14.5,13.22,13.94,3392,0
ICE,D,20221019,000000,14.44,14.44,13.34,14,213,0
ICE,D,20221020,000000,13.54,14.3,13.5,14.3,648,0
ICE,D,20221021,000000,13.5,14.32,13.5,14.3,2247,0
ICE,D,20221024,000000,14.28,14.28,13.5,14.22,854,0
ICE,D,20221025,000000,13.5,13.8,13.5,13.5,393,0
ICE,D,20221026,000000,13.5,14,13.3,13.9,3377,0
ICE,D,20221027,000000,13.48,13.48,13.1,13.48,1935,0
ICE,D,20221028,000000,13.5,13.9,13,13.48,1474,0
ICE,D,20221031,000000,13.6,13.6,13.06,13.6,961,0
ICE,D,20221102,000000,13.22,13.96,13.2,13.9,2736,0
ICE,D,20221103,000000,13.6,13.6,13.5,13.6,726,0
ICE,D,20221104,000000,13.94,13.94,13.5,13.88,449,0
ICE,D,20221107,000000,13.8,13.8,13.28,13.76,576,0
ICE,D,20221108,000000,13.38,13.8,13.2,13.8,913,0
ICE,D,20221109,000000,13.9,14.48,13.8,14.46,2166,0
ICE,D,20221110,000000,14.62,14.88,13.98,13.98,5595,0
ICE,D,20221114,000000,13.76,14.46,13.62,13.98,3580,0
ICE,D,20221115,000000,13.98,13.98,13.5,13.88,1527,0
ICE,D,20221116,000000,13.42,13.8,13.4,13.48,2153,0
ICE,D,20221117,000000,13.44,13.44,12.1,12.6,32554,0
ICE,D,20221118,000000,12.78,12.9,12.22,12.3,1994,0
ICE,D,20221121,000000,12.3,12.56,12.3,12.32,1501,0
ICE,D,20221122,000000,12.54,12.84,12.34,12.34,2144,0
ICE,D,20221123,000000,12.82,12.96,12,12,4457,0
ICE,D,20221124,000000,12,12.9,11.3,12.3,8166,0
ICE,D,20221125,000000,12.22,12.22,11.46,11.82,5525,0
ICE,D,20221128,000000,12,12.2,11.8,11.8,10286,0
ICE,D,20221129,000000,12.48,12.68,11.8,11.82,14431,0
ICE,D,20221130,000000,11.8,12.26,11.8,12.16,1472,0
ICE,D,20221201,000000,12.14,12.84,11.9,12.82,7728,0
ICE,D,20221202,000000,12.2,13.4,12.2,13.4,6845,0
ICE,D,20221205,000000,13.1,13.1,12.8,13.1,5309,0
ICE,D,20221206,000000,13,13.3,12.82,13.1,1207,0
ICE,D,20221207,000000,13,13,12.8,12.9,2618,0
ICE,D,20221208,000000,13.06,13.06,12.84,13,1600,0
ICE,D,20221209,000000,13.02,13.2,13,13.16,360,0
ICE,D,20221212,000000,13.38,13.4,13,13.2,2685,0
ICE,D,20221213,000000,13.22,13.26,12.84,13.26,1367,0
ICE,D,20221214,000000,12.86,13.26,12.86,13.12,4207,0
ICE,D,20221215,000000,13.12,13.28,12.9,12.9,4220,0
ICE,D,20221216,000000,12.9,13,12.2,12.46,9980,0
ICE,D,20221219,000000,12.46,13,12.2,12.7,5105,0
ICE,D,20221220,000000,12.98,13,12.5,12.6,6441,0
ICE,D,20221221,000000,12.88,13,12.6,12.8,1765,0
ICE,D,20221222,000000,12.54,12.54,12.26,12.5,5967,0
ICE,D,20221223,000000,12.44,12.6,12.22,12.4,6308,0
ICE,D,20221227,000000,12.5,12.98,12.1,12.98,5867,0
ICE,D,20221228,000000,12.66,13.7,12.5,13.3,11950,0
ICE,D,20221229,000000,13.18,14.38,13.1,14,7118,0
ICE,D,20221230,000000,14,14.26,13.3,13.94,8187,0
ICE,D,20230102,000000,13.94,14.58,13.9,14.36,6228,0
ICE,D,20230103,000000,14.2,14.48,14.2,14.4,7849,0
ICE,D,20230104,000000,14.22,14.5,14,14.5,7174,0
ICE,D,20230105,000000,14.38,14.38,13.62,14.1,6263,0
ICE,D,20230109,000000,14.12,14.2,13.88,14.2,1211,0
ICE,D,20230110,000000,14.22,14.44,14.02,14.44,10648,0
ICE,D,20230111,000000,14.88,17.5,14.44,16,36568,0
ICE,D,20230112,000000,16.42,17.06,16.2,16.68,12745,0
ICE,D,20230113,000000,16.7,16.98,15.72,16.14,8021,0
ICE,D,20230116,000000,16.16,17,15.84,16.72,10553,0
ICE,D,20230117,000000,16.72,17.72,16.4,17.72,56377,0
ICE,D,20230118,000000,18,20.8,18,19.5,38398,0
ICE,D,20230119,000000,19.5,19.96,17.88,18.4,21405,0
ICE,D,20230120,000000,18.4,19.5,18.4,19.3,4027,0
ICE,D,20230123,000000,19.4,21,19.24,20.8,17171,0
ICE,D,20230124,000000,20.8,21.25,20.4,21.1,19690,0
ICE,D,20230125,000000,20.8,21.25,20,20.5,9307,0
ICE,D,20230126,000000,20.5,20.6,19.2,19.54,5705,0
ICE,D,20230127,000000,19.1,19.2,18.14,18.8,12220,0
ICE,D,20230130,000000,18.8,19.9,18.6,19,11281,0
ICE,D,20230131,000000,19,19.84,19,19.5,18857,0
ICE,D,20230201,000000,19.5,19.78,18.56,18.7,12465,0
ICE,D,20230202,000000,18.9,20,18.18,18.96,16706,0
ICE,D,20230203,000000,18.9,18.9,18.3,18.4,8607,0
ICE,D,20230206,000000,18.34,18.7,17.5,18,6637,0
ICE,D,20230207,000000,18,18,17.6,17.84,2471,0
ICE,D,20230208,000000,17.88,18.66,17.88,18.66,2096,0
ICE,D,20230209,000000,18.5,18.66,18,18.4,3514,0
ICE,D,20230210,000000,18,18,17.8,18,4339,0
ICE,D,20230213,000000,18,18.2,17.58,18.2,2532,0
ICE,D,20230214,000000,18.2,18.2,17.82,17.96,1534,0
ICE,D,20230215,000000,17.96,17.98,17.74,17.8,2890,0
ICE,D,20230216,000000,17.74,18,17.4,18,3477,0
ICE,D,20230217,000000,18.16,18.16,17.44,18.14,456,0
ICE,D,20230220,000000,17.7,18,17.52,17.7,1811,0
ICE,D,20230221,000000,17.5,18.14,17.5,17.62,7130,0
ICE,D,20230222,000000,17.62,18.34,17.6,18.3,5132,0
ICE,D,20230223,000000,18.38,18.4,18.04,18.04,3769,0
ICE,D,20230224,000000,18.28,18.28,17.7,18,8413,0
ICE,D,20230227,000000,18,18,17.42,17.98,2362,0
ICE,D,20230228,000000,17.48,17.98,17.48,17.9,1565,0
ICE,D,20230301,000000,17.98,18.28,17.5,17.9,5995,0
ICE,D,20230302,000000,17.9,17.9,17.52,17.62,3552,0
ICE,D,20230303,000000,17.64,17.86,17.62,17.7,2793,0
ICE,D,20230306,000000,17.84,18.4,17.84,18.2,21389,0
ICE,D,20230307,000000,18.2,18.2,17.86,18.1,3282,0
ICE,D,20230308,000000,18,18.1,17.9,17.92,8925,0
ICE,D,20230309,000000,18,18.1,17.6,17.8,3261,0
ICE,D,20230310,000000,17.78,17.78,16.5,17,20428,0
ICE,D,20230313,000000,17.04,17.7,16.62,16.66,3988,0
ICE,D,20230314,000000,17.46,17.46,16.52,16.58,5808,0
ICE,D,20230315,000000,16.5,16.7,15.8,16.7,14011,0
ICE,D,20230316,000000,16.7,16.78,16.58,16.6,4732,0
ICE,D,20230317,000000,16.6,16.6,16.1,16.1,5604,0
ICE,D,20230320,000000,16.04,17.36,15.68,15.96,21355,0
ICE,D,20230321,000000,16.58,17.16,16.1,16.2,11757,0
ICE,D,20230322,000000,16.9,16.9,15.84,15.84,4446,0
ICE,D,20230323,000000,16.66,16.66,15.88,16.5,7558,0
ICE,D,20230324,000000,16.5,17,15.88,15.88,9322,0
ICE,D,20230327,000000,15.88,16.8,15.88,15.88,3437,0
ICE,D,20230328,000000,16.68,16.7,15.32,15.5,8617,0
ICE,D,20230329,000000,15.8,16.2,15.1,16.2,30425,0
ICE,D,20230330,000000,16.38,16.4,15.6,16.26,6686,0
ICE,D,20230331,000000,16.2,17.78,15.7,17.4,19360,0
ICE,D,20230403,000000,17.7,18.86,17.5,18,17208,0
ICE,D,20230404,000000,17.9,18,17.06,17.48,5604,0
ICE,D,20230405,000000,17.46,17.46,16.7,17,14097,0
ICE,D,20230406,000000,17.28,17.98,17.04,17.2,8219,0
ICE,D,20230411,000000,17.84,17.84,16.9,17.7,8182,0
ICE,D,20230412,000000,17.3,17.7,17.18,17.22,4304,0
ICE,D,20230413,000000,17.22,17.22,16.94,17.1,5738,0
ICE,D,20230414,000000,17.2,17.42,17,17.4,3034,0
ICE,D,20230417,000000,17.48,17.48,17,17.36,6157,0
ICE,D,20230418,000000,17.18,17.3,17.04,17.18,2207,0
ICE,D,20230419,000000,17.18,17.24,17.04,17.04,3722,0
ICE,D,20230420,000000,17,17.15,15.65,16,47335,0
ICE,D,20230421,000000,15.75,16.2,15.7,16,4846,0
ICE,D,20230424,000000,15.8,16.45,15.5,15.9,10547,0
ICE,D,20230425,000000,15.8,16,15.5,15.8,5383,0
ICE,D,20230426,000000,15.8,15.8,15.15,15.3,5204,0
ICE,D,20230427,000000,15.3,15.65,15.05,15.05,9664,0
ICE,D,20230428,000000,15,15.8,15,15.25,1660,0
ICE,D,20230502,000000,15.3,15.4,15.05,15.4,4582,0
ICE,D,20230504,000000,15,15.5,14.7,15.05,7564,0
ICE,D,20230505,000000,14.9,15.1,14.6,15.1,6035,0
ICE,D,20230508,000000,15.4,15.4,14.55,15.05,3247,0
ICE,D,20230509,000000,15.05,15.05,15,15.05,1359,0
ICE,D,20230510,000000,15.05,15.2,14.8,15.15,797,0
ICE,D,20230511,000000,14.6,15,14.6,15,3712,0
ICE,D,20230512,000000,15,15.05,14.8,15,7324,0
ICE,D,20230515,000000,14.9,15.2,14.65,15,4831,0
ICE,D,20230516,000000,15.2,15.2,14.85,15.15,18410,0
ICE,D,20230517,000000,15.15,15.7,14.9,15.3,6177,0
ICE,D,20230518,000000,15.5,15.5,15,15,1969,0
ICE,D,20230519,000000,15,15.05,14.8,14.9,1453,0
ICE,D,20230522,000000,15,15,14.6,15,6752,0
ICE,D,20230523,000000,14.65,15,14.6,15,2995,0
ICE,D,20230524,000000,14.95,14.95,14.55,14.75,4527,0
ICE,D,20230525,000000,14.6,14.8,14.25,14.35,14086,0
ICE,D,20230526,000000,14.35,14.6,14.2,14.35,4466,0
ICE,D,20230529,000000,14.25,14.6,14.15,14.2,5428,0
ICE,D,20230530,000000,14.2,14.6,14.15,14.45,6855,0
ICE,D,20230531,000000,14.45,14.95,14.2,14.95,10590,0
ICE,D,20230601,000000,14.75,14.85,13.9,14.4,9197,0
ICE,D,20230602,000000,14.05,14.35,13.7,14.35,12866,0
ICE,D,20230605,000000,14.4,14.7,13.85,14.7,2913,0
ICE,D,20230606,000000,14.75,15.45,14.75,15.4,8655,0
ICE,D,20230607,000000,15.5,15.5,15.1,15.35,3064,0
ICE,D,20230609,000000,15.3,15.45,15.05,15.45,8204,0
ICE,D,20230612,000000,15.05,15.7,15.05,15.7,12341,0
ICE,D,20230613,000000,15.95,16.5,15.7,16.3,3013,0
ICE,D,20230614,000000,16.45,16.45,15.4,15.8,4350,0
ICE,D,20230615,000000,15.4,16.25,15.4,16.15,1923,0
ICE,D,20230616,000000,16.15,16.15,15.2,16,2606,0
ICE,D,20230619,000000,16.05,16.1,15.05,15.65,1799,0
ICE,D,20230620,000000,16,16.2,15.95,16,8406,0
ICE,D,20230621,000000,16.3,16.3,15.95,16.25,3766,0
ICE,D,20230622,000000,16.25,16.3,15.85,16.3,3022,0
ICE,D,20230623,000000,16.35,17,16,16.8,4993,0
ICE,D,20230626,000000,16.85,17.9,16.05,17.5,12289,0
ICE,D,20230627,000000,17.5,18.05,17.1,17.5,1576,0
ICE,D,20230628,000000,17.6,17.6,16.55,17,1898,0
ICE,D,20230629,000000,17,17.2,16.55,17.2,2941,0
ICE,D,20230630,000000,17.25,17.3,16.6,16.9,756,0
ICE,D,20230703,000000,16.7,16.85,16.35,16.65,3623,0
ICE,D,20230704,000000,16.25,16.5,16.2,16.4,3478,0
ICE,D,20230705,000000,16.65,16.7,15.7,16,3645,0
ICE,D,20230706,000000,16,16,15.5,16,932,0
ICE,D,20230707,000000,15.95,16.6,15.5,16.2,1195,0
ICE,D,20230710,000000,16.2,16.25,15.3,15.75,2567,0
ICE,D,20230711,000000,16.2,16.2,15.45,16.15,1261,0
ICE,D,20230712,000000,16.35,16.5,15.85,16.15,1624,0
ICE,D,20230713,000000,16.25,16.5,15.75,15.9,3424,0
ICE,D,20230714,000000,16,16,15.55,15.8,1787,0
ICE,D,20230717,000000,15.55,16,15.55,15.95,674,0
ICE,D,20230718,000000,16.2,16.4,15.95,16.1,565,0
ICE,D,20230719,000000,16.35,17,16.3,16.8,5235,0
ICE,D,20230720,000000,16.8,16.8,16.1,16.45,2239,0
ICE,D,20230721,000000,16.25,16.7,15.75,16.7,1507,0
ICE,D,20230724,000000,16.85,16.85,16.5,16.85,1316,0
ICE,D,20230725,000000,16.8,17,16.3,16.9,4778,0
ICE,D,20230726,000000,16.4,17,16.4,16.8,1287,0
ICE,D,20230727,000000,16.8,16.8,16.5,16.7,572,0
ICE,D,20230728,000000,16.7,16.9,16.45,16.9,2171,0
ICE,D,20230731,000000,16.9,16.9,16.2,16.2,1986,0
ICE,D,20230801,000000,16.2,16.5,15.85,16.4,3174,0
ICE,D,20230802,000000,16.4,16.4,15.9,16,1582,0
ICE,D,20230803,000000,16,16.45,16,16.45,2127,0
ICE,D,20230804,000000,16,16.4,16,16.2,704,0
ICE,D,20230807,000000,16.05,16.2,15.8,15.95,138,0
ICE,D,20230808,000000,16.2,16.4,15.95,16.4,1202,0
ICE,D,20230809,000000,16.4,16.45,16,16.2,1442,0
ICE,D,20230810,000000,16.1,16.2,15.8,16.2,866,0
ICE,D,20230811,000000,15.9,16.2,15.8,16.1,1294,0
ICE,D,20230814,000000,16.2,16.45,16.1,16.2,2784,0
ICE,D,20230816,000000,16.25,16.25,15.8,16,2543,0
ICE,D,20230817,000000,15.75,16.05,15.5,16,5642,0
ICE,D,20230818,000000,15.9,15.9,15.55,15.8,370,0
ICE,D,20230821,000000,15.8,15.9,15.5,15.8,4221,0
ICE,D,20230822,000000,15.8,16,15.45,16,4441,0
ICE,D,20230823,000000,16.35,16.75,16,16.75,4671,0
ICE,D,20230824,000000,16.85,16.85,15.8,16.65,5523,0
ICE,D,20230825,000000,16.25,17,15.9,17,6286,0
ICE,D,20230828,000000,17,17,16.15,16.2,7488,0
ICE,D,20230829,000000,16.5,16.5,15.55,16.4,5440,0
ICE,D,20230830,000000,16.75,17,16.05,16.4,3845,0
ICE,D,20230831,000000,16.2,16.7,15.75,16.7,3083,0
ICE,D,20230901,000000,16.15,16.3,15.8,16.3,1357,0
ICE,D,20230904,000000,16.4,16.45,15.8,16.15,1214,0
ICE,D,20230905,000000,15.85,16.35,15.6,16.25,1545,0
ICE,D,20230906,000000,15.95,16.25,15.55,15.55,5766,0
ICE,D,20230907,000000,15.55,16.25,14.55,15,6255,0
ICE,D,20230908,000000,15,15.45,14.4,14.7,20413,0
ICE,D,20230911,000000,14.5,14.7,13.95,14.25,9935,0
ICE,D,20230912,000000,14.3,14.9,14,14.1,5706,0
ICE,D,20230913,000000,14.25,14.3,14,14,4200,0
ICE,D,20230914,000000,14,14.3,12.6,14,9696,0
ICE,D,20230915,000000,14.25,14.25,13.3,13.7,6034,0
ICE,D,20230918,000000,13.5,13.85,12.8,13.3,12223,0
ICE,D,20230919,000000,13.45,13.45,13,13,9478,0
ICE,D,20230920,000000,13.35,13.35,12.8,13.05,4775,0
ICE,D,20230921,000000,13.1,13.25,12.8,13.05,6275,0
ICE,D,20230922,000000,13,13.05,12.45,12.65,15054,0
ICE,D,20230925,000000,12.45,12.6,11.8,12.05,16536,0
ICE,D,20230926,000000,12.05,12.2,11.7,11.85,8362,0
ICE,D,20230927,000000,11.7,12.5,11.7,12,3641,0
ICE,D,20230928,000000,11.85,12.5,11.55,12.25,13308,0
ICE,D,20230929,000000,12,12.25,11.65,11.7,22027,0
ICE,D,20231002,000000,11.75,11.95,11.4,11.4,23292,0
ICE,D,20231003,000000,11.75,12.25,11.35,11.45,35021,0
ICE,D,20231004,000000,11.45,12.2,11.45,11.5,8428,0
ICE,D,20231005,000000,11.6,12,11.4,11.5,19223,0
ICE,D,20231006,000000,11.6,11.6,11.25,11.25,6467,0
ICE,D,20231009,000000,11.25,11.35,11.2,11.35,5956,0
ICE,D,20231010,000000,11.45,11.45,10.5,11,14670,0
ICE,D,20231011,000000,11,11,10.6,10.85,6895,0
ICE,D,20231012,000000,10.75,10.9,9.9,10.15,40754,0
ICE,D,20231013,000000,10.3,10.35,10.2,10.35,6205,0
ICE,D,20231016,000000,10.4,10.4,9.36,9.78,17286,0
ICE,D,20231017,000000,9.76,10,9.7,9.98,9491,0
ICE,D,20231018,000000,9.98,12.95,9.98,12.8,227071,0
ICE,D,20231019,000000,13.1,13.35,11.8,12.7,132012,0
ICE,D,20231020,000000,12.8,12.8,11.8,11.9,25905,0
ICE,D,20231023,000000,11.9,12.05,10.2,10.6,46654,0
ICE,D,20231024,000000,10.6,11.35,10.6,11.15,19309,0
ICE,D,20231025,000000,11.1,11.3,10.5,10.5,19300,0
ICE,D,20231026,000000,10.6,11.3,10.6,10.95,17449,0
ICE,D,20231027,000000,11.1,11.1,10.6,10.8,6046,0
ICE,D,20231030,000000,10.75,11.2,10.5,10.65,21854,0
ICE,D,20231031,000000,10.7,10.8,10.3,10.3,13724,0
ICE,D,20231102,000000,10.3,10.3,9.9,10.05,38547,0
ICE,D,20231103,000000,10.05,10.2,9.9,9.96,20818,0
ICE,D,20231106,000000,9.96,10.3,9.74,9.74,14477,0
ICE,D,20231107,000000,9.88,10.25,9.72,9.72,17178,0
ICE,D,20231108,000000,9.94,10.2,9.7,9.84,16684,0
ICE,D,20231109,000000,10,10.2,9.84,9.98,9364,0
ICE,D,20231110,000000,9.84,10,9.76,9.82,5264,0
ICE,D,20231113,000000,9.94,9.94,9.78,9.9,9450,0
ICE,D,20231114,000000,9.9,9.9,9.8,9.9,17406,0
ICE,D,20231115,000000,9.94,10,9.7,9.7,13595,0
ICE,D,20231116,000000,9.8,9.84,9.44,9.48,15136,0
ICE,D,20231117,000000,9.66,9.66,9.46,9.46,4406,0
ICE,D,20231120,000000,9.44,9.82,9.42,9.56,2611,0
ICE,D,20231121,000000,9.78,9.82,9.52,9.52,3452,0
ICE,D,20231122,000000,9.54,9.8,9.5,9.52,10898,0
ICE,D,20231123,000000,9.06,9.26,8.5,9,39519,0
ICE,D,20231124,000000,9,9,8.74,8.88,3450,0
ICE,D,20231127,000000,8.7,8.8,8.52,8.6,9289,0
ICE,D,20231128,000000,8.54,9.26,8.54,9.04,8932,0
ICE,D,20231129,000000,9.16,9.2,8.88,9.08,5893,0
ICE,D,20231130,000000,9.02,9.2,8.98,9.18,1581,0
ICE,D,20231201,000000,9.18,9.44,8.92,9.44,5255,0
ICE,D,20231204,000000,9.66,10.3,9.46,9.94,19862,0
ICE,D,20231205,000000,10.2,11.2,10.2,10.9,32644,0
ICE,D,20231206,000000,10.9,11.1,9.94,10.4,43218,0
ICE,D,20231207,000000,10.3,10.3,9.56,10.1,10761,0
ICE,D,20231208,000000,10,10.2,9.92,10.2,13263,0
ICE,D,20231211,000000,10.2,10.3,10,10,6838,0
ICE,D,20231212,000000,10.25,10.25,9.74,9.86,5988,0
ICE,D,20231213,000000,10,10.2,9.4,10,22748,0
ICE,D,20231214,000000,9.8,10,9.5,9.9,5884,0
ICE,D,20231215,000000,9.9,10.05,9.6,9.9,7998,0
ICE,D,20231218,000000,9.88,9.88,9.42,9.8,9961,0
ICE,D,20231219,000000,9.7,9.8,9.62,9.76,5252,0
ICE,D,20231220,000000,9.7,9.7,9.2,9.32,25035,0
ICE,D,20231221,000000,9.22,9.28,9,9.1,37527,0
ICE,D,20231222,000000,9.06,9.1,8.9,8.9,21437,0
ICE,D,20231227,000000,8.92,9.3,8.92,9.18,25319,0
ICE,D,20231228,000000,9.4,9.5,9.1,9.5,8992,0
ICE,D,20231229,000000,9.4,9.9,9.4,9.8,8363,0
ICE,D,20240102,000000,9.8,11.45,9.8,11.4,59600,0
ICE,D,20240103,000000,11.4,11.55,10.4,10.75,22973,0
ICE,D,20240104,000000,10.75,10.75,10.15,10.65,14398,0
ICE,D,20240105,000000,10.75,10.8,10.3,10.5,2940,0
ICE,D,20240108,000000,10.5,10.6,10.15,10.55,13851,0
ICE,D,20240109,000000,10.7,10.7,10.35,10.55,8520,0
ICE,D,20240110,000000,10.55,10.6,10.3,10.55,8848,0
ICE,D,20240111,000000,10.55,10.55,10.15,10.4,6556,0
ICE,D,20240112,000000,10.4,10.5,9.94,10.1,9836,0
ICE,D,20240115,000000,10,10.3,9.8,10.2,4166,0
ICE,D,20240116,000000,10,10.1,9.52,9.76,9436,0
ICE,D,20240117,000000,9.52,9.68,9.4,9.62,3951,0
ICE,D,20240118,000000,9.6,10,9.42,9.9,6830,0
ICE,D,20240119,000000,9.62,10,9.62,9.96,1832,0
ICE,D,20240122,000000,9.98,10.15,9.76,9.8,2507,0
ICE,D,20240123,000000,9.8,9.86,9.5,9.6,5677,0
ICE,D,20240124,000000,9.6,9.98,9.46,9.56,6046,0
ICE,D,20240125,000000,9.58,9.92,9.58,9.84,1873,0
ICE,D,20240126,000000,9.84,10.05,9.6,10,3610,0
ICE,D,20240129,000000,10.15,10.45,9.56,9.9,6359,0
ICE,D,20240130,000000,9.9,9.9,9.7,9.9,4567,0
ICE,D,20240131,000000,9.82,10.1,9.8,9.98,2203,0
ICE,D,20240201,000000,9.98,10.1,9.8,10,6863,0
ICE,D,20240202,000000,9.8,10.15,9.8,10,3526,0
ICE,D,20240205,000000,9.98,10.05,9.92,10,5873,0
ICE,D,20240206,000000,9.98,10.05,9.88,9.94,2492,0
ICE,D,20240207,000000,9.98,10,9.76,10,2958,0
ICE,D,20240208,000000,10,10,9.66,10,2460,0
ICE,D,20240209,000000,9.98,10.15,9.66,10,2187,0
ICE,D,20240212,000000,9.9,10,9.5,9.9,5745,0
ICE,D,20240213,000000,9.62,9.9,9.54,9.68,6978,0
ICE,D,20240214,000000,9.9,10.15,9.56,10.1,8685,0
ICE,D,20240215,000000,10.15,10.15,9.8,10.15,1068,0
ICE,D,20240216,000000,9.9,10.15,9.8,10.15,5155,0
ICE,D,20240219,000000,10.1,12.2,9.9,12,37761,0
ICE,D,20240220,000000,12.15,12.2,10.95,11.3,59214,0
ICE,D,20240221,000000,11.1,11.1,10.5,10.75,11369,0
ICE,D,20240222,000000,10.7,10.85,10.3,10.7,8314,0
ICE,D,20240223,000000,10.55,10.95,10.3,10.65,10961,0
ICE,D,20240226,000000,10.75,11.4,10.5,10.85,16931,0
ICE,D,20240227,000000,10.85,11.6,10.55,11.35,22610,0
ICE,D,20240228,000000,11.45,11.45,11,11.1,9152,0
ICE,D,20240229,000000,11.2,11.3,10.7,11,5498,0
ICE,D,20240301,000000,11.05,11.5,11,11.2,11781,0
ICE,D,20240304,000000,11.4,11.4,11,11.1,4698,0
ICE,D,20240305,000000,11.1,11.3,10.8,11,3453,0
ICE,D,20240306,000000,11,11,10.6,10.9,3357,0
ICE,D,20240307,000000,10.8,10.95,10.55,10.9,7817,0
ICE,D,20240308,000000,10.7,10.9,10.4,10.7,6543,0
ICE,D,20240311,000000,10.7,10.7,10.2,10.5,9444,0
ICE,D,20240312,000000,10.45,10.5,10.05,10.3,9080,0
ICE,D,20240313,000000,10.3,10.3,9.9,10,8853,0
ICE,D,20240314,000000,10,10.25,9.78,10.25,8264,0
ICE,D,20240315,000000,9.94,10.2,9.76,9.9,5663,0
ICE,D,20240318,000000,9.78,10,9.74,9.98,3281,0
ICE,D,20240319,000000,9.98,10,9.72,9.78,2377,0
ICE,D,20240320,000000,9.74,10,9.68,9.88,2913,0
ICE,D,20240321,000000,9.88,10,9.8,10,2274,0
ICE,D,20240322,000000,9.8,10,9.72,9.76,2453,0
ICE,D,20240325,000000,9.76,9.86,9.56,9.62,8291,0
ICE,D,20240326,000000,9.62,9.82,9.58,9.76,1509,0
ICE,D,20240327,000000,9.78,9.8,9.66,9.7,2658,0
ICE,D,20240328,000000,9.7,9.94,9.7,9.7,5143,0
ICE,D,20240402,000000,9.52,10,9.5,9.89,3197,0
ICE,D,20240403,000000,9.7,9.88,9.7,9.87,5276,0
ICE,D,20240404,000000,9.87,9.87,9.54,9.84,1576,0
ICE,D,20240405,000000,9.63,9.84,9.63,9.7,4851,0
ICE,D,20240408,000000,9.71,9.85,9.5,9.8,4661,0
ICE,D,20240409,000000,9.7,9.85,9.7,9.78,3786,0
ICE,D,20240410,000000,9.73,9.74,9.52,9.6,3115,0
ICE,D,20240411,000000,9.74,9.8,9.52,9.62,4226,0
ICE,D,20240412,000000,9.5,9.73,9.5,9.6,5937,0
ICE,D,20240415,000000,9.44,9.7,8.55,9.15,96800,0
ICE,D,20240416,000000,9.2,9.48,8.88,9.4,6995,0
ICE,D,20240417,000000,9.48,9.49,9.15,9.25,10863,0
ICE,D,20240418,000000,9.16,9.38,9.16,9.18,7708,0
ICE,D,20240419,000000,9.17,9.17,8.9,9.1,5572,0
ICE,D,20240422,000000,8.8,9.1,8.59,8.72,20766,0
ICE,D,20240423,000000,8.6,8.6,8.15,8.15,59095,0
ICE,D,20240424,000000,8,8.25,7.82,8.1,34898,0
ICE,D,20240425,000000,8.1,8.22,7.89,7.98,40425,0
ICE,D,20240426,000000,7.98,8,7.59,7.8,48739,0
ICE,D,20240429,000000,7.8,7.9,7.6,7.7,20160,0
ICE,D,20240430,000000,7.9,7.99,7.48,7.88,13325,0
ICE,D,20240502,000000,7.99,7.99,7.7,7.85,10246,0
ICE,D,20240506,000000,7.78,7.8,7.6,7.62,14305,0
ICE,D,20240507,000000,7.73,7.79,7.6,7.65,5432,0
ICE,D,20240508,000000,7.65,7.67,7.46,7.52,6230,0
ICE,D,20240509,000000,7.52,7.58,7.48,7.48,11909,0
ICE,D,20240510,000000,7.5,8.25,7.49,7.74,36712,0
ICE,D,20240513,000000,7.75,7.92,7.53,7.88,6552,0
ICE,D,20240514,000000,7.9,7.99,7.78,7.81,9547,0
ICE,D,20240515,000000,7.81,7.94,7.71,7.94,7371,0
ICE,D,20240516,000000,7.94,7.94,7.71,7.72,3374,0
ICE,D,20240517,000000,7.7,7.89,7.7,7.78,2879,0
ICE,D,20240520,000000,7.78,7.95,7.69,7.93,7423,0
ICE,D,20240521,000000,7.92,7.93,7.72,7.85,1579,0
ICE,D,20240522,000000,7.85,7.9,7.6,7.7,11346,0
ICE,D,20240523,000000,7.7,7.77,7.53,7.74,3832,0
ICE,D,20240524,000000,7.6,7.8,7.5,7.75,67200,0
ICE,D,20240527,000000,7.75,7.9,7.64,7.9,3768,0
ICE,D,20240528,000000,7.82,7.9,7.67,7.67,2975,0
ICE,D,20240529,000000,7.67,7.79,7.4,7.79,10264,0
ICE,D,20240531,000000,7.78,7.82,7.42,7.68,3854,0
ICE,D,20240603,000000,7.68,7.72,7.45,7.72,3336,0
ICE,D,20240604,000000,7.48,7.9,7.48,7.89,4601,0
ICE,D,20240605,000000,7.89,7.9,7.54,7.89,3665,0
ICE,D,20240606,000000,7.89,7.89,7.61,7.89,3188,0
ICE,D,20240607,000000,7.88,7.95,7.62,7.81,4869,0
ICE,D,20240610,000000,7.77,7.78,7.77,7.77,595,0
ICE,D,20240611,000000,7.8,7.8,7.54,7.6,4744,0
ICE,D,20240612,000000,7.7,7.77,7.5,7.77,6494,0
ICE,D,20240613,000000,7.8,7.8,7.6,7.79,3203,0
ICE,D,20240614,000000,7.79,7.79,7.6,7.74,2344,0
ICE,D,20240617,000000,7.7,7.79,7.62,7.7,3547,0
ICE,D,20240618,000000,7.69,7.7,7.47,7.65,2561,0
ICE,D,20240619,000000,7.53,7.73,7.53,7.73,1202,0
ICE,D,20240620,000000,7.56,7.68,7.47,7.68,4343,0
ICE,D,20240621,000000,7.67,7.69,7.43,7.65,4448,0
ICE,D,20240624,000000,7.52,7.67,7.5,7.65,2019,0
ICE,D,20240625,000000,7.52,7.6,7.5,7.6,1691,0
ICE,D,20240626,000000,7.6,7.79,7.5,7.7,5898,0
ICE,D,20240627,000000,7.7,8,7.6,7.8,7279,0
ICE,D,20240628,000000,7.91,7.98,7.81,7.97,1653,0
ICE,D,20240701,000000,7.9,7.95,7.82,7.91,1253,0
ICE,D,20240702,000000,7.91,7.91,7.24,7.5,10425,0
ICE,D,20240703,000000,7.5,7.51,7,7.3,15861,0
ICE,D,20240704,000000,7.48,7.9,7.34,7.86,10600,0
ICE,D,20240705,000000,7.88,8.36,7.62,7.98,14076,0
ICE,D,20240708,000000,7.98,8.44,7.86,8.44,10370,0
ICE,D,20240709,000000,8.44,8.44,8,8.2,7536,0
ICE,D,20240710,000000,8.1,8.16,7.93,8.08,4031,0
ICE,D,20240711,000000,7.94,8.14,7.9,8.12,3571,0
ICE,D,20240712,000000,8.14,8.38,8,8.38,5769,0
ICE,D,20240715,000000,8.5,8.88,7.65,7.83,69829,0
ICE,D,20240716,000000,7.99,8.35,7.99,8.25,16056,0
ICE,D,20240717,000000,8.29,9.11,8.11,8.4,74581,0
ICE,D,20240718,000000,8.32,8.76,8.3,8.4,11236,0
ICE,D,20240719,000000,8.4,8.43,8.31,8.4,19597,0
ICE,D,20240722,000000,8.44,9.18,8.31,9.18,72951,0
ICE,D,20240723,000000,9.2,11.7,9.2,10.94,264120,0
ICE,D,20240724,000000,11,11.5,10.4,11.16,117671,0
ICE,D,20240725,000000,11.32,12.44,11.08,12.4,387125,0
ICE,D,20240726,000000,12.5,13.5,11.9,12.12,307179,0
ICE,D,20240729,000000,12.28,12.9,11.9,12.3,96696,0
ICE,D,20240730,000000,12.3,12.4,11.6,11.98,64508,0
ICE,D,20240731,000000,11.82,12.1,11.6,11.72,51088,0
ICE,D,20240801,000000,11.82,12.48,10.9,11.8,44195,0
ICE,D,20240802,000000,11.8,11.8,11,11.32,32833,0
ICE,D,20240805,000000,10.88,11.36,10.3,10.7,62839,0
ICE,D,20240806,000000,10.72,11.46,10.72,11.32,24378,0
ICE,D,20240807,000000,11.36,12.5,11.26,11.8,53498,0
ICE,D,20240808,000000,11.74,12,11.4,11.68,18104,0
ICE,D,20240809,000000,11.88,12.2,11.5,11.68,12868,0
ICE,D,20240812,000000,11.68,11.68,11.1,11.36,19677,0
ICE,D,20240813,000000,11.48,11.54,11.3,11.52,6244,0
ICE,D,20240814,000000,11.52,12.18,11.52,11.9,18103,0
ICE,D,20240816,000000,11.96,11.96,11.22,11.7,5744,0
ICE,D,20240819,000000,11.72,11.74,10.6,11.5,30211,0
ICE,D,20240820,000000,11.22,11.4,11.1,11.1,8101,0
ICE,D,20240821,000000,11.4,11.4,10.62,11.16,16433,0
ICE,D,20240822,000000,11.2,11.7,10.62,11.4,25054,0
ICE,D,20240823,000000,11.46,11.46,10.82,11.36,2753,0
ICE,D,20240826,000000,11.12,11.12,10.84,10.84,8788,0
ICE,D,20240827,000000,11,11,10.72,10.8,4629,0
ICE,D,20240828,000000,10.8,10.8,10.4,10.4,11258,0
ICE,D,20240829,000000,10.3,10.94,10.18,10.74,8364,0
ICE,D,20240830,000000,10.7,10.94,10.4,10.9,16031,0
ICE,D,20240902,000000,10.98,11.34,10.56,10.74,8421,0
ICE,D,20240903,000000,10.74,11.1,10.36,10.52,4973,0
ICE,D,20240904,000000,10.44,10.88,10.2,10.5,10059,0
ICE,D,20240905,000000,10.5,10.5,10.1,10.26,11520,0
ICE,D,20240906,000000,10.14,10.46,10,10,7743,0
ICE,D,20240909,000000,10,10.5,10,10.28,7590,0
ICE,D,20240910,000000,10.12,10.3,10.12,10.3,10494,0
ICE,D,20240911,000000,10.48,10.48,10.06,10.34,6453,0
ICE,D,20240912,000000,10.48,10.48,10.1,10.34,6565,0
ICE,D,20240913,000000,10.54,10.54,10.2,10.4,8966,0
ICE,D,20240916,000000,10.42,10.46,10,10.44,31164,0
ICE,D,20240917,000000,10.6,11,10.48,10.66,11517,0
ICE,D,20240918,000000,10.6,10.6,10.26,10.3,7240,0
ICE,D,20240919,000000,10.3,10.3,10.2,10.3,8878,0
ICE,D,20240920,000000,10.3,10.56,10.3,10.3,8869,0
ICE,D,20240923,000000,10.5,10.5,9.67,10.08,7568,0
ICE,D,20240924,000000,10.08,10.5,9.99,10.2,3744,0
ICE,D,20240925,000000,10.16,10.36,10.02,10.36,579,0
ICE,D,20240926,000000,10.08,11.8,10.06,11.5,40771,0
ICE,D,20240927,000000,11.4,11.5,10.94,11.2,21289,0
ICE,D,20240930,000000,10.22,10.7,9.96,10.1,23617,0
ICE,D,20241001,000000,10.1,10.44,10.04,10.24,1958,0
ICE,D,20241002,000000,10.4,10.46,10.1,10.46,4033,0
ICE,D,20241003,000000,10.46,10.78,10.4,10.7,2460,0
ICE,D,20241004,000000,10.36,10.66,10.24,10.4,7000,0
ICE,D,20241007,000000,10.06,10.24,9.8,9.97,12583,0
ICE,D,20241008,000000,9.82,9.9,9.5,9.75,15769,0
ICE,D,20241009,000000,9.54,9.83,9.1,9.23,12017,0
ICE,D,20241010,000000,9.15,9.45,9.02,9.18,8087,0
ICE,D,20241011,000000,9.18,9.44,9.02,9.4,115027,0
ICE,D,20241014,000000,9.4,9.45,9.3,9.37,2819,0
ICE,D,20241015,000000,9.37,9.43,9.2,9.2,5305,0
ICE,D,20241016,000000,9.01,9.01,8.46,8.84,107137,0
ICE,D,20241017,000000,9.3,9.75,8.8,9.04,211575,0
ICE,D,20241018,000000,9.05,9.05,8.66,8.85,25338,0
ICE,D,20241021,000000,8.85,8.99,8.56,8.78,51485,0
ICE,D,20241022,000000,8.64,8.66,8.53,8.57,8779,0
ICE,D,20241023,000000,8.77,9,8.38,8.74,33312,0
ICE,D,20241024,000000,8.74,8.74,8.48,8.7,41403,0
ICE,D,20241025,000000,8.69,8.7,8.54,8.7,15307,0
ICE,D,20241028,000000,8.75,8.96,8.64,8.7,30726,0
ICE,D,20241029,000000,8.72,8.9,8.7,8.9,34384,0
ICE,D,20241030,000000,8.74,8.88,8.7,8.8,15619,0
ICE,D,20241031,000000,8.79,8.8,8.64,8.8,10551,0
ICE,D,20241104,000000,8.8,8.88,8.64,8.69,5191,0
ICE,D,20241105,000000,8.6,8.96,8.6,8.86,9070,0
ICE,D,20241106,000000,8.86,9.2,8.8,9.14,8375,0
ICE,D,20241107,000000,9.14,9.58,8.84,9.5,10296,0
ICE,D,20241108,000000,9.41,9.8,9.05,9.75,33132,0
ICE,D,20241112,000000,9.84,9.92,9.51,9.64,13859,0
ICE,D,20241113,000000,9.68,9.68,9.11,9.44,9650,0
ICE,D,20241114,000000,9.49,9.5,9,9.3,11890,0
ICE,D,20241115,000000,9.25,9.5,8.7,8.8,14593,0
ICE,D,20241118,000000,8.75,8.79,8.44,8.6,29180,0
ICE,D,20241119,000000,8.6,9.18,7.8,8,67289,0
ICE,D,20241120,000000,8.02,8.3,7.9,7.92,19187,0
ICE,D,20241121,000000,7.92,8.25,7.85,7.91,13365,0
ICE,D,20241122,000000,7.91,8.19,7.91,8.01,15195,0
ICE,D,20241125,000000,8.18,8.18,7.88,8,27404,0
ICE,D,20241126,000000,8,8,7.99,8,8288,0
ICE,D,20241127,000000,7.97,8.04,7.9,8,10908,0
ICE,D,20241128,000000,7.99,8.11,7.98,8.1,5877,0
ICE,D,20241129,000000,8.1,8.16,7.91,8.08,8735,0
ICE,D,20241202,000000,8.09,8.12,8,8.08,8811,0
ICE,D,20241203,000000,7.89,8.07,7.89,8.02,19901,0
ICE,D,20241204,000000,8,8.02,7.8,7.98,16632,0
ICE,D,20241205,000000,7.98,7.98,7.65,7.85,30662,0
ICE,D,20241206,000000,7.85,7.85,7.8,7.84,14842,0
ICE,D,20241209,000000,7.84,7.97,7.42,7.86,67023,0
ICE,D,20241210,000000,7.85,7.9,7.53,7.8,17225,0
ICE,D,20241211,000000,7.8,7.8,7.63,7.78,14960,0
ICE,D,20241212,000000,7.87,7.87,7.52,7.52,15197,0
ICE,D,20241213,000000,7.5,7.78,7.36,7.65,20014,0
ICE,D,20241216,000000,7.6,7.79,7.3,7.49,25876,0
ICE,D,20241217,000000,7.47,7.64,7.45,7.5,34540,0
ICE,D,20241218,000000,7.6,7.61,7.45,7.45,24015,0
ICE,D,20241219,000000,7.35,7.84,7.2,7.82,59506,0
ICE,D,20241220,000000,7.8,7.9,7.32,7.7,17758,0
ICE,D,20241223,000000,7.59,7.7,7.44,7.49,16989,0
ICE,D,20241227,000000,7.49,7.63,7.35,7.62,9230,0
ICE,D,20241230,000000,7.75,7.96,7.6,7.8,8656,0
ICE,D,20250102,000000,8,8.49,7.82,8.1,8441,0
ICE,D,20250103,000000,8.18,8.3,7.87,8.06,5942,0
ICE,D,20250107,000000,8,8.04,7.7,7.94,13498,0
ICE,D,20250108,000000,7.76,7.94,7.57,7.84,7152,0
ICE,D,20250109,000000,7.6,7.8,7.59,7.8,4167,0
ICE,D,20250110,000000,7.8,7.8,7.6,7.8,5055,0
ICE,D,20250113,000000,7.56,7.78,7.5,7.75,9063,0
ICE,D,20250114,000000,7.68,7.68,7.36,7.68,17049,0
ICE,D,20250115,000000,7.75,7.97,7.6,7.95,2980,0
ICE,D,20250116,000000,7.93,7.93,7.57,7.89,1742,0
ICE,D,20250117,000000,7.87,7.87,7.65,7.85,3110,0
ICE,D,20250120,000000,7.88,7.88,7.55,7.69,13239,0
ICE,D,20250121,000000,7.56,7.68,7.55,7.68,1471,0
ICE,D,20250122,000000,7.68,7.85,7.54,7.54,3957,0
ICE,D,20250123,000000,7.54,7.66,7.4,7.59,4055,0
ICE,D,20250124,000000,7.57,7.57,7.3,7.5,5029,0
ICE,D,20250127,000000,7.38,7.73,7.23,7.7,2794,0
ICE,D,20250128,000000,7.68,7.68,7.36,7.65,1126,0
ICE,D,20250129,000000,7.64,7.8,7.47,7.7,3655,0
ICE,D,20250130,000000,7.7,7.7,7.55,7.63,1924,0
ICE,D,20250131,000000,7.68,7.68,7.37,7.42,8092,0
ICE,D,20250203,000000,7.28,7.6,7.28,7.38,2284,0
ICE,D,20250204,000000,7.4,7.58,7.36,7.55,3468,0
ICE,D,20250205,000000,7.36,7.63,7.3,7.58,2136,0
ICE,D,20250206,000000,7.58,7.62,7.3,7.59,61649,0
ICE,D,20250207,000000,7.42,7.58,7.28,7.56,4587,0
ICE,D,20250210,000000,7.3,7.69,7.3,7.69,4424,0
ICE,D,20250211,000000,7.5,7.75,7.45,7.65,8566,0
ICE,D,20250212,000000,7.67,7.67,7.41,7.6,5828,0
ICE,D,20250213,000000,7.65,7.65,7.43,7.5,2683,0
ICE,D,20250214,000000,7.43,7.9,7.43,7.9,11680,0
ICE,D,20250217,000000,8,8.4,7.98,8.24,24443,0
ICE,D,20250218,000000,8.25,8.25,7.68,7.84,8705,0
ICE,D,20250219,000000,7.84,7.9,7.47,7.86,25602,0
ICE,D,20250220,000000,7.86,7.9,7.56,7.78,3400,0
ICE,D,20250221,000000,7.58,7.7,7.52,7.66,7148,0
ICE,D,20250224,000000,7.66,7.96,7.5,7.9,5470,0
ICE,D,20250225,000000,8,8.19,7.72,7.77,10076,0
ICE,D,20250226,000000,7.8,7.8,7.51,7.79,3483,0
ICE,D,20250227,000000,7.8,7.8,7.61,7.79,1438,0
ICE,D,20250228,000000,7.8,7.8,7.58,7.75,2018,0
ICE,D,20250303,000000,7.75,7.75,7.51,7.6,3747,0
ICE,D,20250304,000000,7.59,7.59,7.48,7.48,8131,0
ICE,D,20250305,000000,7.48,7.55,7.44,7.55,5067,0
ICE,D,20250306,000000,7.46,7.57,7.45,7.5,1499,0
ICE,D,20250307,000000,7.5,8.05,7.45,7.74,27071,0
ICE,D,20250310,000000,7.89,8.18,7.88,8.18,33080,0
ICE,D,20250311,000000,8.3,9.35,8.23,8.27,63827,0
ICE,D,20250312,000000,8.4,8.57,8.3,8.31,15002,0
ICE,D,20250313,000000,8.39,8.39,8,8.16,15226,0
ICE,D,20250314,000000,8.29,8.3,8.03,8.13,18648,0
ICE,D,20250317,000000,8.15,8.29,8.07,8.2,13061,0
ICE,D,20250318,000000,8.2,8.36,8.08,8.29,11201,0
ICE,D,20250319,000000,8.28,8.34,8.09,8.24,3632,0
ICE,D,20250320,000000,8.11,8.29,8.1,8.25,5535,0
ICE,D,20250321,000000,8.25,8.36,8.14,8.14,9607,0
ICE,D,20250324,000000,8.29,8.33,8.14,8.14,5740,0
ICE,D,20250325,000000,8.21,8.3,8.12,8.28,12892,0
ICE,D,20250326,000000,8.28,8.38,8.13,8.37,28687,0
ICE,D,20250327,000000,8.39,8.54,8.25,8.54,25480,0
ICE,D,20250328,000000,8.54,8.54,8.35,8.42,9252,0
ICE,D,20250331,000000,8.45,8.45,8.05,8.22,29567,0
ICE,D,20250401,000000,8.06,8.22,7.97,8.08,26023,0
ICE,D,20250402,000000,8.08,8.13,7.98,8.07,11541,0
ICE,D,20250403,000000,8.14,8.48,7.9,7.9,55014,0
ICE,D,20250404,000000,7.9,8.4,7.45,7.94,28333,0
ICE,D,20250407,000000,7.82,7.89,7.34,7.89,14920,0
ICE,D,20250408,000000,7.9,8.18,7.75,8.16,7267,0
ICE,D,20250409,000000,7.99,8.28,7.74,7.9,10681,0
ICE,D,20250410,000000,8.23,8.23,7.96,8.15,3995,0
ICE,D,20250411,000000,8.02,8.15,8,8,1738,0
ICE,D,20250414,000000,8.14,8.14,7.7,7.92,30217,0
ICE,D,20250415,000000,7.9,8,7.71,8,7467,0
ICE,D,20250416,000000,7.99,8,7.98,8,3511,0
ICE,D,20250417,000000,7.84,8.08,7.76,8.05,12136,0
ICE,D,20250422,000000,8,8.04,7.84,7.94,5972,0
ICE,D,20250423,000000,7.74,7.86,7.74,7.76,14311,0
ICE,D,20250424,000000,7.97,7.98,7.61,7.85,26703,0
ICE,D,20250425,000000,7.85,7.98,7.73,7.89,3436,0
ICE,D,20250428,000000,7.98,7.99,7.75,7.85,8024,0
ICE,D,20250429,000000,7.9,8.05,7.9,8.03,3442,0
ICE,D,20250430,000000,8.03,8.03,7.9,8.03,9678,0
ICE,D,20250502,000000,7.9,8.05,7.9,8.05,1703,0
ICE,D,20250505,000000,8.04,8.04,7.44,7.52,33807,0
ICE,D,20250506,000000,7.59,7.69,7.37,7.62,15723,0
ICE,D,20250507,000000,7.59,7.92,7.51,7.91,5246,0
ICE,D,20250508,000000,7.8,7.99,7.55,7.77,10012,0
ICE,D,20250509,000000,7.75,8.17,7.51,7.72,35912,0
ICE,D,20250512,000000,7.72,7.78,7.5,7.7,13312,0
ICE,D,20250513,000000,7.7,7.78,7.6,7.65,15342,0
ICE,D,20250514,000000,7.63,7.79,7.52,7.55,8990,0
ICE,D,20250515,000000,7.72,7.79,7.5,7.64,4800,0
ICE,D,20250516,000000,7.65,7.65,7.42,7.55,7598,0
ICE,D,20250519,000000,7.5,7.93,7.42,7.7,13026,0
ICE,D,20250520,000000,7.75,7.75,7.41,7.46,18608,0
ICE,D,20250521,000000,7.46,7.5,7.37,7.45,17922,0
ICE,D,20250522,000000,7.41,7.48,7.26,7.36,11074,0
ICE,D,20250523,000000,7.42,7.42,7.32,7.33,2370,0
ICE,D,20250526,000000,7.4,7.47,7.25,7.35,15939,0
ICE,D,20250527,000000,7.26,7.32,7.1,7.32,13664,0
ICE,D,20250528,000000,7.31,7.46,7.17,7.19,7405,0
ICE,D,20250529,000000,7.2,7.3,6.86,7.06,33995,0
ICE,D,20250530,000000,7.08,7.08,6.86,6.97,17218,0
ICE,D,20250602,000000,6.89,7.09,6.74,6.9,22118,0
ICE,D,20250603,000000,6.9,7.08,6.9,7.08,5168,0
ICE,D,20250604,000000,7.08,7.1,6.96,7.1,2758,0
ICE,D,20250605,000000,7.2,7.2,6.96,7.19,7581,0
ICE,D,20250606,000000,7.1,7.8,7.06,7.6,14296,0
ICE,D,20250609,000000,7.6,7.6,7.31,7.49,2050,0
ICE,D,20250610,000000,7.49,7.5,7.14,7.48,4851,0
ICE,D,20250611,000000,7.2,7.56,7,7.56,11129,0
ICE,D,20250612,000000,7.54,7.55,7.26,7.5,507,0
ICE,D,20250613,000000,7.31,7.76,7.31,7.76,5289,0
ICE,D,20250616,000000,7.6,7.77,7.55,7.7,3882,0
ICE,D,20250617,000000,7.67,7.7,7.5,7.7,2718,0
ICE,D,20250618,000000,7.68,7.69,7.6,7.67,988,0
ICE,D,20250620,000000,7.62,7.75,7.55,7.71,7086,0
ICE,D,20250623,000000,7.71,7.72,7.51,7.6,1704,0
ICE,D,20250624,000000,7.66,8.1,7.66,8,33841,0
ICE,D,20250625,000000,8,8.1,7.9,8.08,16260,0
ICE,D,20250626,000000,8.05,8.16,7.92,8,5692,0
ICE,D,20250627,000000,8.11,8.16,7.6,7.85,20356,0
ICE,D,20250630,000000,7.98,7.98,7.73,7.97,12385,0
ICE,D,20250701,000000,8,8,7.9,7.92,6415,0
ICE,D,20250702,000000,7.95,7.95,7.6,7.79,15192,0
ICE,D,20250703,000000,7.71,7.95,7.53,7.9,4241,0
ICE,D,20250704,000000,7.9,7.95,7.7,7.9,3498,0
ICE,D,20250707,000000,7.93,7.93,7.6,7.8,2691,0
ICE,D,20250708,000000,7.7,7.79,7.66,7.69,4199,0
ICE,D,20250709,000000,7.62,7.92,7.6,7.83,5253,0
ICE,D,20250710,000000,7.89,7.89,7.61,7.88,1279,0
ICE,D,20250711,000000,7.88,7.92,7.61,7.92,8485,0
ICE,D,20250714,000000,7.91,8.02,7.75,7.98,6938,0
ICE,D,20250715,000000,7.91,8,7.8,7.95,2205,0
ICE,D,20250716,000000,7.86,8,7.8,8,2649,0
ICE,D,20250717,000000,8,8,7.75,7.9,9172,0
ICE,D,20250718,000000,7.83,8,7.83,8,3954,0
ICE,D,20250721,000000,8,8,7.85,7.95,897,0
ICE,D,20250722,000000,7.85,7.99,7.84,7.89,2401,0
ICE,D,20250723,000000,7.85,7.93,7.78,7.93,3643,0
ICE,D,20250724,000000,8,8,7.76,7.85,6506,0
ICE,D,20250725,000000,7.8,8,7.76,8,16340,0
ICE,D,20250728,000000,7.88,7.93,7.76,7.93,10848,0
ICE,D,20250729,000000,7.9,7.9,7.8,7.9,7082,0
ICE,D,20250730,000000,7.9,7.9,7.8,7.87,3496,0
ICE,D,20250731,000000,7.89,7.89,7.74,7.8,3178,0
ICE,D,20250801,000000,7.76,8,7.7,7.98,18962,0
ICE,D,20250804,000000,7.84,8.05,7.84,8,38211,0
ICE,D,20250805,000000,7.99,8,7.86,8,12531,0
ICE,D,20250806,000000,8,8.7,7.99,8.55,81052,0
ICE,D,20250807,000000,8.55,8.55,8.3,8.5,5919,0
ICE,D,20250808,000000,8.6,9.46,8.21,9.45,262741,0
ICE,D,20250811,000000,9.5,9.84,9.11,9.35,53722,0
ICE,D,20250812,000000,9.35,9.5,9.1,9.24,26457,0
ICE,D,20250813,000000,9.27,9.28,8.62,9,27173,0
ICE,D,20250814,000000,9.19,9.2,8.45,8.84,15106,0
ICE,D,20250818,000000,8.82,9.05,8.56,9.05,17138,0
ICE,D,20250819,000000,9,9.8,8.76,9.75,83168,0
ICE,D,20250820,000000,9.75,10.44,9.7,9.98,74214,0
ICE,D,20250821,000000,10,10.12,9.86,9.89,22345,0
ICE,D,20250822,000000,9.9,10.1,9.61,10.08,32745,0
ICE,D,20250825,000000,10.2,10.4,9.5,10.38,48380,0
ICE,D,20250826,000000,10.38,10.38,10,10.18,22750,0
ICE,D,20250827,000000,10.18,10.3,9.85,10.2,31399,0
ICE,D,20250828,000000,10.28,10.66,10.02,10.4,54323,0
ICE,D,20250829,000000,10.54,10.94,10.4,10.94,46591,0
ICE,D,20250901,000000,11.1,12,11.1,11.4,99308,0
ICE,D,20250902,000000,11.5,11.7,11,11.64,52072,0
ICE,D,20250903,000000,11.68,12.84,11.68,12.74,126567,0
ICE,D,20250904,000000,12.78,13.48,12.4,12.6,192255,0
ICE,D,20250905,000000,12.4,13.46,11.58,11.68,141955,0
ICE,D,20250908,000000,11.8,11.94,10.66,11.2,82040,0
ICE,D,20250909,000000,11.04,12,10.72,11.4,77462,0
ICE,D,20250910,000000,11.2,11.78,11,11.4,39479,0
ICE,D,20250911,000000,11.4,11.84,11.12,11.46,29102,0
ICE,D,20250912,000000,11.46,13.1,11.46,12.66,100058,0
ICE,D,20250915,000000,13.3,13.62,13.04,13.52,107840,0
ICE,D,20250916,000000,13.52,13.66,13.16,13.48,36197,0
ICE,D,20250917,000000,13.52,13.58,13.16,13.2,33022,0
ICE,D,20250918,000000,12.98,13.8,12.62,12.74,83512,0
ICE,D,20250919,000000,12.8,13.28,12.4,12.84,18448,0
ICE,D,20250922,000000,12.84,12.9,12.48,12.9,22417,0
ICE,D,20250923,000000,12.92,12.92,12.26,12.58,24192,0
ICE,D,20250924,000000,12.66,12.88,12.22,12.3,23663,0
ICE,D,20250925,000000,12.44,12.44,12,12.14,18871,0
ICE,D,20250926,000000,12.04,13.76,12.04,12.8,56443,0
ICE,D,20250929,000000,12.8,13.04,11.74,12,52812,0
ICE,D,20250930,000000,12.26,12.26,11.5,11.64,47466,0
ICE,D,20251001,000000,11.78,11.8,11.38,11.4,29154,0
ICE,D,20251002,000000,11.42,11.78,11.12,11.44,43791,0
ICE,D,20251003,000000,11.3,11.66,11.06,11.48,28576,0
ICE,D,20251006,000000,11.5,12.4,11.5,12.16,59377,0
ICE,D,20251007,000000,12.32,12.6,12,12.16,32346,0
ICE,D,20251008,000000,12.16,12.94,11.8,12.1,44001,0
ICE,D,20251009,000000,12.2,12.58,11.9,11.94,33205,0
ICE,D,20251010,000000,11.6,12.4,11.6,12.04,74879,0
ICE,D,20251013,000000,11.88,11.88,11.3,11.76,27216,0
ICE,D,20251014,000000,11.52,11.74,10.72,11.5,36690,0
ICE,D,20251015,000000,11.5,11.74,11.36,11.36,7836,0
ICE,D,20251016,000000,11.7,11.88,11.28,11.46,17682,0
ICE,D,20251017,000000,11.28,11.76,11.24,11.76,8892,0
ICE,D,20251020,000000,11.76,12.7,11.48,12.62,23156,0
ICE,D,20251021,000000,12.74,13.08,12.1,12.94,46247,0
ICE,D,20251022,000000,12.96,13,12.54,12.78,21591,0
ICE,D,20251023,000000,12.78,13,12.5,12.7,14559,0
ICE,D,20251024,000000,12.84,13.16,12.4,12.4,32480,0
ICE,D,20251027,000000,12.4,12.96,12.4,12.7,41917,0
ICE,D,20251028,000000,12.7,12.94,12.24,12.38,26259,0
ICE,D,20251029,000000,12.48,12.66,11.94,12.5,43629,0
ICE,D,20251030,000000,12.66,12.66,12.14,12.28,12498,0
ICE,D,20251031,000000,12.48,13,12.14,12.5,20729,0
ICE,D,20251103,000000,12.66,12.68,11.72,12.1,31664,0
ICE,D,20251104,000000,12,12.1,11.5,11.6,22767,0
ICE,D,20251105,000000,11.96,12.2,11.42,12.2,24884,0
ICE,D,20251106,000000,12.2,12.4,11.2,11.46,55395,0
ICE,D,20251107,000000,11.24,11.88,11.18,11.5,22902,0
ICE,D,20251110,000000,11.5,12.1,11.38,11.6,26132,0
ICE,D,20251112,000000,11.9,11.98,11.3,11.48,29946,0
ICE,D,20251113,000000,11.66,11.78,11.28,11.3,10024,0
ICE,D,20251114,000000,11.4,11.8,11.22,11.5,26027,0
ICE,D,20251117,000000,11.4,11.44,11.24,11.44,2152,0
ICE,D,20251118,000000,11.42,11.42,10.94,11.18,14162,0
ICE,D,20251119,000000,10.98,11.38,10.98,11.28,18199,0
ICE,D,20251120,000000,11.4,11.6,10.98,11.2,11029,0
ICE,D,20251121,000000,10.96,11.2,10.4,11,26353,0
ICE,D,20251124,000000,11.12,11.46,10.7,11.08,15877,0
ICE,D,20251125,000000,11.06,11.38,10.96,11.18,25433,0
ICE,D,20251126,000000,11.28,11.28,10.94,11.2,7140,0
ICE,D,20251127,000000,11.2,11.2,10.9,10.9,4467,0
ICE,D,20251128,000000,10.9,11.14,10.88,11.14,6041,0
ICE,D,20251201,000000,10.94,11.12,10.54,10.66,23752,0
ICE,D,20251202,000000,10.7,10.7,10.14,10.4,32460,0
ICE,D,20251203,000000,10.5,12.9,10.3,12.46,165389,0
ICE,D,20251204,000000,12.44,12.84,12,12.3,49283,0
ICE,D,20251205,000000,12.4,13.2,12.4,12.78,132875,0
ICE,D,20251208,000000,12.8,13.12,12.8,13,43374,0
ICE,D,20251209,000000,13.1,13.2,12.9,13.14,41609,0
ICE,D,20251210,000000,12.94,13.1,12.82,13.1,7604,0
ICE,D,20251211,000000,12.9,13.24,12.62,13.18,49003,0
ICE,D,20251212,000000,13.26,14.24,13.1,13.98,48863,0
ICE,D,20251215,000000,14.1,16.36,14.04,16.08,147720,0
ICE,D,20251216,000000,16.2,16.28,15.18,15.42,56223,0
ICE,D,20251217,000000,15.48,16.1,15.24,15.98,26596,0
ICE,D,20251218,000000,16,16.1,15.74,15.98,27335,0
ICE,D,20251219,000000,16,16.6,15.86,16.6,64630,0
ICE,D,20251222,000000,16.68,17.04,16.4,16.84,60743,0
ICE,D,20251223,000000,16.84,17.22,16.66,16.96,48880,0
ICE,D,20251229,000000,17,17.26,16.52,16.62,21939,0
ICE,D,20251230,000000,16.88,17.16,16.66,17,13102,0
ICE,D,20260102,000000,16.88,17.18,16.22,16.8,42601,0
ICE,D,20260105,000000,16.8,17.48,16.66,17,26544,0
ICE,D,20260107,000000,17,17.2,16.64,16.8,29669,0
ICE,D,20260108,000000,16.68,17.18,16.6,16.72,12594,0
ICE,D,20260109,000000,16.64,16.98,16.2,16.9,26626,0
ICE,D,20260112,000000,16.9,17.36,16.28,16.8,28231,0
ICE,D,20260113,000000,16.7,17,16.24,16.5,19258,0
ICE,D,20260114,000000,16.38,16.5,15.36,15.36,36174,0
ICE,D,20260115,000000,15.4,15.66,14.88,15.64,25527,0
ICE,D,20260116,000000,15.64,15.64,14.9,15.46,23440,0
ICE,D,20260119,000000,17.22,18.94,17.1,18.88,227403,0
ICE,D,20260120,000000,19.38,23.7,19.22,23.7,319604,0
ICE,D,20260121,000000,24.75,28.55,23.7,25,451269,0
ICE,D,20260122,000000,25.3,27.1,23.2,26.6,265508,0
ICE,D,20260123,000000,35.8,36.95,32.25,35.15,383090,0
ICE,D,20260126,000000,35.5,37.45,31.6,31.6,274075,0
ICE,D,20260127,000000,31,35,28.7,34,218348,0
ICE,D,20260128,000000,35,39.4,34.25,37.95,297934,0
ICE,D,20260129,000000,38,39.5,36.15,38,176426,0
ICE,D,20260130,000000,38.5,39.4,37.65,39.3,74807,0
ICE,D,20260202,000000,38.6,45.2,37.15,45.05,214244,0
ICE,D,20260203,000000,45.05,48.4,43.6,44.7,202086,0
ICE,D,20260204,000000,44.7,44.7,41.45,43,86933,0
ICE,D,20260205,000000,42.5,43.15,36.15,40.4,252160,0
ICE,D,20260206,000000,40.35,42.05,38.45,40.8,56055,0
ICE,D,20260209,000000,41.7,43,40.6,41.45,84942,0
ICE,D,20260210,000000,41.5,42,40.2,41.35,30763,0
ICE,D,20260211,000000,41.4,41.4,39.8,40.1,61344,0
ICE,D,20260212,000000,40,40.15,38.7,39.2,45797,0
ICE,D,20260213,000000,39.5,42,39.2,40,77772,0
ICE,D,20260216,000000,49.8,50,43.55,46,341685,0
ICE,D,20260217,000000,45.9,45.9,42.8,43,107958,0
ICE,D,20260218,000000,43.4,44,40.5,40.6,156881,0
ICE,D,20260219,000000,41,42.8,40.6,42.3,77843,0
ICE,D,20260220,000000,40.05,41.95,39.4,41.3,85428,0
ICE,D,20260223,000000,41.4,42.35,40.4,41.2,49292,0
ICE,D,20260224,000000,41.1,41.85,40.25,40.75,19700,0
ICE,D,20260225,000000,40.4,41.2,39,39.4,40439,0
ICE,D,20260226,000000,39.1,39.45,36.45,36.7,119709,0
ICE,D,20260227,000000,37.1,39.8,36.35,37.8,89200,0
ICE,D,20260302,000000,36.1,39.05,35.35,37.2,119592,0
ICE,D,20260303,000000,37.5,37.5,34,34.65,79889,0
ICE,D,20260304,000000,34.5,37.95,34.5,37.4,47647,0
ICE,D,20260305,000000,37.2,39.45,36.2,38.5,54112,0
ICE,D,20260306,000000,39.4,39.45,38,38,34992,0
ICE,D,20260309,000000,39.1,40.4,37.4,39.35,48789,0
ICE,D,20260310,000000,39.5,44.4,39.5,42.7,108203,0
ICE,D,20260311,000000,42.8,43.4,41.7,42.7,33621,0
ICE,D,20260312,000000,42.7,46,41.55,43.7,139199,0
ICE,D,20260313,000000,43.9,43.95,40.05,40.5,88284,0
ICE,D,20260316,000000,40,43.9,40,42,57897,0
ICE,D,20260317,000000,42.75,43.7,41.9,43.25,53430,0
ICE,D,20260318,000000,43.3,45.35,43.3,44.9,62309,0
ICE,D,20260319,000000,44.8,44.8,41.3,41.85,69692,0
ICE,D,20260320,000000,42.5,45.45,41.6,45.45,76059,0
ICE,D,20260323,000000,43.15,45.9,41.9,45.9,102879,0
ICE,D,20260324,000000,45.8,54.4,45.35,53.9,263615,0
ICE,D,20260325,000000,54,63.2,54,61.5,191719,0
ICE,D,20260326,000000,61.8,63.1,58.5,61.5,116639,0
ICE,D,20260327,000000,61.5,65.3,61.1,64,111957,0
ICE,D,20260330,000000,63,63.9,57,57,117401,0
ICE,D,20260331,000000,55.2,57.9,54.4,56.5,65971,0
ICE,D,20260401,000000,57.9,61,56.6,58,41723,0
ICE,D,20260402,000000,58,58,54.6,57,43162,0
ICE,D,20260407,000000,55.6,57.4,53,53,84905,0
ICE,D,20260408,000000,56,56,52.8,53.4,46453,0
ICE,D,20260409,000000,54.9,54.9,52,52.7,18056,0
ICE,D,20260410,000000,52.8,56.5,52.7,56.2,26157,0
ICE,D,20260413,000000,56,58,53.1,54,47546,0
ICE,D,20260414,000000,54.8,55.5,53.9,55,18611,0
ICE,D,20260415,000000,55.1,55.1,52.7,54.1,33631,0
ICE,D,20260416,000000,54,54,51.2,51.6,27891,0
ICE,D,20260417,000000,53,61.8,53,60.8,166215,0
ICE,D,20260420,000000,62,63.4,57.4,62.5,93762,0
ICE,D,20260421,000000,63.6,67.5,61.6,65.5,90974,0
ICE,D,20260422,000000,70,77,68.1,74.1,265481,0
ICE,D,20260423,000000,76.3,81.5,74.2,77,217312,0
ICE,D,20260424,000000,76.9,77.5,71.4,72.9,81135,0
ICE,D,20260427,000000,73,75.6,70.6,73.4,43842,0
ICE,D,20260428,000000,75.7,75.7,68.2,68.4,69118,0
ICE,D,20260429,000000,69.6,74.7,68.5,74.4,45315,0
ICE,D,20260430,000000,74.2,74.5,69.5,70,39368,0
ICE,D,20260504,000000,70,70.9,67.2,67.8,31538,0
ICE,D,20260505,000000,66.5,69.1,66.3,68,20645,0
ICE,D,20260506,000000,68.9,71.2,67.4,70.3,30823,0
ICE,D,20260507,000000,70,72.8,68.8,69.9,29518,0
ICE,D,20260508,000000,70.7,70.7,67.8,70.2,15170,0
ICE,D,20260511,000000,71.5,74,70.4,73.5,30742,0
ICE,D,20260512,000000,74,75,71.5,71.5,40592,0
ICE,D,20260513,000000,72.6,73.5,71,72.5,14955,0
ICE,D,20260514,000000,73,73.6,71.5,73,14483,0
ICE,D,20260515,000000,72.4,73.4,70.7,71.5,32190,0
ICE,D,20260518,000000,73,73,69,70,29601,0
ICE,D,20260519,000000,69.9,71.4,69.4,70,14138,0
ICE,D,20260520,000000,70.6,77.4,69.5,76.8,80169,0
ICE,D,20260521,000000,76.9,77,71.8,72.9,44794,0
ICE,D,20260522,000000,73.1,74.1,71.4,71.6,25297,0
ICE,D,20260525,000000,73.8,76,72,74,52857,0
ICE,D,20260526,000000,75.5,78,74,76.7,47141,0
ICE,D,20260527,000000,77,77,74.3,76.1,30736,0
ICE,D,20260528,000000,75.9,75.9,72.4,72.6,23735,0
ICE,D,20260529,000000,72.3,73.5,71.2,72.1,23008,0
ICE,D,20260601,000000,73.2,76.9,71.3,76.8,43924,0
ICE,D,20260602,000000,76,79.5,74.4,78.5,53720,0
ICE,D,20260603,000000,77.9,88,77.9,88,131684,0
ICE,D,20260605,000000,87.2,92.4,85.6,90.2,50483,0
ICE,D,20260608,000000,88.8,92,85,85.1,43619,0
ICE,D,20260609,000000,84.8,95.1,84.2,87.9,64006,0
ICE,D,20260610,000000,87.9,87.9,83.2,85,35091,0
ICE,D,20260611,000000,85.9,87,82.7,85.3,29774,0
ICE,D,20260612,000000,85.3,86,82.2,84,30910,0
ICE,D,20260615,000000,85.4,86.8,80.2,81.2,36797,0
ICE,D,20260616,000000,82,83.2,80.6,80.9,27923,0
ICE,D,20260617,000000,82,85.2,80.4,84.8,38654,0
ICE,D,20260618,000000,85.1,85.1,81.5,83.1,22800,0
ICE,D,20260619,000000,83.2,83.2,74.9,77.2,104259,0
ICE,D,20260622,000000,78.4,78.4,70.7,74.1,76940,0
ICE,D,20260623,000000,72.8,74,71.3,72,39410,0
ICE,D,20260624,000000,73.8,78.8,70,71.6,64162,0
ICE,D,20260625,000000,72.5,72.5,66.9,69,53867,0
ICE,D,20260626,000000,68.8,75,67.9,75,58822,0
ICE,D,20260629,000000,75.5,76,69.7,71.6,40462,0
ICE,D,20260630,000000,73.6,74.8,70.6,73.7,19251,0
ICE,D,20260701,000000,74.8,78.8,73.5,76.1,28717,0
ICE,D,20260702,000000,76.5,78.6,74.3,76,18465,0
ICE,D,20260703,000000,78.8,81.9,78.2,79.7,44151,0
ICE,D,20260706,000000,79.7,81.5,77.3,78.8,21700,0
ICE,D,20260707,000000,78.8,80,77.1,77.4,12064,0
ICE,D,20260708,000000,76.5,79.9,75,79.9,13680,0
ICE,D,20260709,000000,79.9,81.4,77.9,79.4,21993,0
ICE,D,20260710,000000,79.8,80,78,79.4,11123,0
ICE,D,20260713,000000,78.2,79.4,75.5,78.3,22890,0
ICE,D,20260714,000000,78.3,78.3,76,77.7,9787,0
ICE,D,20260715,000000,77.7,77.9,74.2,75.1,17772,0
ICE,D,20260716,000000,75.1,75.1,72,72.8,20160,0
ICE,D,20260717,000000,72,72,70.2,71.6,25537,0
ICE,D,20260720,000000,73,78.7,73,77.5,38731,0
ICE,D,20260721,000000,77.4,77.4,73,74.9,17816,0
ICE,D,20260722,000000,74.1,74.9,73.2,73.9,5496,0
ICE,D,20260723,000000,73.9,75.9,72.5,73.2,11941,0
ICE,D,20260724,000000,73.2,74.8,72.2,73.4,6118,0
ICE,D,20260727,000000,74.5,77,72.2,76,12321,0
ICE,D,20260728,000000,76.4,77.5,74.1,76.7,7510,0
ICE,D,20260729,000000,76.7,77.3,75.2,77.2,9288,0
ICE,D,20260730,000000,77.2,79.2,74.6,78.5,11411,0
ICE,D,20260731,000000,79.5,81,77.3,79.6,22247,0
ICE,D,20260803,000000,79.5,79.9,77.4,79.8,11319,0
ICE,D,20260804,000000,79.9,82,77.1,82,26191,0
ICE,D,20260805,000000,82,83,79.6,80.5,17830,0
ICE,D,20260806,000000,80.5,81.1,79,80.4,6616,0
ICE,D,20260807,000000,80.8,82.5,79.6,80.8,16997,0
ICE,D,20260810,000000,80.8,81.4,78.1,79.5,15203,0
ICE,D,20260811,000000,78.7,78.7,74.5,77.2,25763,0
ICE,D,20260812,000000,77,77.2,74.5,76,12788,0
ICE,D,20260813,000000,76.5,76.5,73.2,73.8,19457,0
ICE,D,20260814,000000,74,75,70.3,70.3,47380,0
ICE,D,20260817,000000,70.1,72.5,68.1,71.5,30465,0
ICE,D,20260818,000000,72,72,69.4,70.7,11705,0
