<TICKER>,<PER>,<DATE>,<TIME>,<OPEN>,<HIGH>,<LOW>,<CLOSE>,<VOL>,<OPENINT>
NCL,D,20220412,000000,32.99,40,31.21,38.49,113330,0
NCL,D,20220413,000000,39.8,41.99,36.6,41.39,20205,0
NCL,D,20220414,000000,41.39,49,41.39,48.75,31897,0
NCL,D,20220419,000000,51.42,70,51.42,64,46714,0
NCL,D,20220420,000000,65.99,65.99,55.46,56.1,24317,0
NCL,D,20220421,000000,55,55,48.2,50.3,23846,0
NCL,D,20220422,000000,50,53.99,48.2,52.8,8990,0
NCL,D,20220425,000000,52.95,52.95,46.5,48.615,9700,0
NCL,D,20220426,000000,51.8,57,44,52.8,21294,0
NCL,D,20220427,000000,53.3,53.3,46.35,47,10051,0
NCL,D,20220428,000000,48,49,45.31,47.76,3133,0
NCL,D,20220429,000000,47.78,49,45.2,45.55,4380,0
NCL,D,20220502,000000,45.34,46.9,43.8,46.8,1917,0
NCL,D,20220504,000000,47.8,53.8,45.71,51.22,3499,0
NCL,D,20220505,000000,52.78,54.15,49,49,2941,0
NCL,D,20220506,000000,47.5,49.4,45.1,49.11,6109,0
NCL,D,20220509,000000,49,51,46.6,50.23,2844,0
NCL,D,20220510,000000,50.23,51.49,48.1,50.68,1419,0
NCL,D,20220511,000000,49.2,50.5,47.5,48.78,2271,0
NCL,D,20220512,000000,48,48,45,46.2,6215,0
NCL,D,20220513,000000,47,47.76,45.27,47.18,1119,0
NCL,D,20220516,000000,46.9,47.25,45,47.25,995,0
NCL,D,20220517,000000,46.2,47.99,46,47.5,983,0
NCL,D,20220518,000000,46.11,48.5,46.11,47.1,378,0
NCL,D,20220519,000000,45.91,48,45.16,47.995,732,0
NCL,D,20220520,000000,45.515,47.85,45.515,47.38,189,0
NCL,D,20220523,000000,47,47.8,45.65,47,1311,0
NCL,D,20220524,000000,47,47,44.6,46.6,2419,0
NCL,D,20220525,000000,45.95,46.49,45,46,1790,0
NCL,D,20220526,000000,46,46,44.4,45,1623,0
NCL,D,20220527,000000,46.2,46.2,44,45,1177,0
NCL,D,20220530,000000,45,45,40.6,42.3,4214,0
NCL,D,20220531,000000,45.9,45.9,40,42.5,3535,0
NCL,D,20220601,000000,42,44,40,41.1,4015,0
NCL,D,20220602,000000,41.05,43,40.25,42.9,967,0
NCL,D,20220603,000000,43,43.3,41.15,42.5,773,0
NCL,D,20220606,000000,42.5,42.5,40,40.5,3067,0
NCL,D,20220607,000000,40,41.8,40,41,513,0
NCL,D,20220608,000000,42,42,39,39.15,477,0
NCL,D,20220609,000000,39.2,39.3,35.15,37.85,4678,0
NCL,D,20220610,000000,35.65,38.4,35.65,38,692,0
NCL,D,20220613,000000,37.95,38,35.3,35.7,3251,0
NCL,D,20220614,000000,37.5,38,36.5,38,427,0
NCL,D,20220615,000000,38,41.5,38,41.4,937,0
NCL,D,20220617,000000,41.3,41.3,38.5,38.6,841,0
NCL,D,20220620,000000,38,40,36,37.9,1290,0
NCL,D,20220621,000000,38.4,38.4,38,38,228,0
NCL,D,20220622,000000,37,39.3,36,37.45,281,0
NCL,D,20220623,000000,36,37.35,35.9,37.35,569,0
NCL,D,20220624,000000,37.7,38.8,36.1,38.7,955,0
NCL,D,20220627,000000,38.8,38.8,38,38.15,805,0
NCL,D,20220628,000000,38.15,38.15,35.85,37.5,733,0
NCL,D,20220629,000000,35.8,38.15,35.25,38.15,2089,0
NCL,D,20220630,000000,38.55,41.5,38.55,41.15,1039,0
NCL,D,20220701,000000,41.15,41.5,40.5,41.5,1299,0
NCL,D,20220704,000000,41.2,41.25,40.7,41.25,1686,0
NCL,D,20220705,000000,41.25,42.4,41.25,42.3,1474,0
NCL,D,20220706,000000,42.4,47,42.4,47,3754,0
NCL,D,20220707,000000,46.8,51.5,43.5,51.2,3683,0
NCL,D,20220708,000000,51.2,51.2,46,49,981,0
NCL,D,20220711,000000,47.6,49.3,46.55,49.3,260,0
NCL,D,20220712,000000,49.75,49.75,48,48.8,1758,0
NCL,D,20220713,000000,48,48,45.1,47.5,870,0
NCL,D,20220714,000000,48.7,48.75,48,48.75,186,0
NCL,D,20220715,000000,48.8,48.8,47.5,48.8,984,0
NCL,D,20220718,000000,49.8,49.9,48.25,49.2,240,0
NCL,D,20220719,000000,45.6,49.7,45.6,49.7,172,0
NCL,D,20220720,000000,49.8,49.8,49.6,49.6,228,0
NCL,D,20220721,000000,49.7,49.7,47,47,937,0
NCL,D,20220722,000000,45.9,48.7,45,47.6,1472,0
NCL,D,20220725,000000,47,49.6,46.7,47,1180,0
NCL,D,20220726,000000,47,47,45.8,47,1000,0
NCL,D,20220727,000000,46,48.4,46,48.4,3498,0
NCL,D,20220728,000000,48.4,48.5,47.5,47.95,1276,0
NCL,D,20220729,000000,47.95,48.45,47,48,565,0
NCL,D,20220801,000000,48,48.9,47.9,48.7,1118,0
NCL,D,20220802,000000,48,48.9,48,48,767,0
NCL,D,20220803,000000,48,49,47.5,48.7,728,0
NCL,D,20220804,000000,48,53,48,50.4,2762,0
NCL,D,20220805,000000,51.8,52.4,48.1,51.7,850,0
NCL,D,20220808,000000,51.3,54.9,51.3,54,1806,0
NCL,D,20220809,000000,54.8,54.9,53.8,54.3,704,0
NCL,D,20220810,000000,54.5,57.4,53.9,55.5,1511,0
NCL,D,20220811,000000,54,55.3,53.9,55,560,0
NCL,D,20220812,000000,55,58,55,56.8,2052,0
NCL,D,20220816,000000,57,63,57,62,4365,0
NCL,D,20220817,000000,62,73.7,60.2,67.5,10420,0
NCL,D,20220818,000000,70.1,82.5,68,80.1,12637,0
NCL,D,20220819,000000,80,83,77,78.5,7935,0
NCL,D,20220822,000000,78.6,89.8,78.6,87,7751,0
NCL,D,20220823,000000,88,96.9,88,94,12039,0
NCL,D,20220824,000000,94,96.5,91.1,94,3234,0
NCL,D,20220825,000000,94,128.2,93,113,22814,0
NCL,D,20220826,000000,115,130,108,121,11891,0
NCL,D,20220829,000000,120,120,108,116,3732,0
NCL,D,20220830,000000,110,115,101,101.8,5889,0
NCL,D,20220831,000000,97,114,92,100,10134,0
NCL,D,20220901,000000,100,107,95,103.4,1701,0
NCL,D,20220902,000000,103.4,124.8,103.4,118,9653,0
NCL,D,20220905,000000,119,120,114,118,2343,0
NCL,D,20220906,000000,118,124.8,116.6,119.2,9108,0
NCL,D,20220907,000000,119.6,119.8,112,117.6,1960,0
NCL,D,20220908,000000,115,117,106.6,117,2125,0
NCL,D,20220909,000000,116,118,110.2,115.8,2550,0
NCL,D,20220912,000000,115.8,115.8,107,108.2,2314,0
NCL,D,20220913,000000,108.2,108.2,102,104.6,2767,0
NCL,D,20220914,000000,104.6,125.4,104.6,115.6,26180,0
NCL,D,20220915,000000,114,114,105,110.8,5372,0
NCL,D,20220916,000000,106.4,109,102.4,108.2,1978,0
NCL,D,20220919,000000,109,110.6,100,102,4550,0
NCL,D,20220920,000000,105.6,105.6,95.1,98.6,2613,0
NCL,D,20220921,000000,95.1,103.6,93,99,2627,0
NCL,D,20220922,000000,100.6,102.8,94.1,101.6,1379,0
NCL,D,20220923,000000,102.6,103.2,98,102.6,1434,0
NCL,D,20220926,000000,102.8,102.8,98,100.8,637,0
NCL,D,20220927,000000,98.1,104,98.1,104,1432,0
NCL,D,20220928,000000,103,106,100,103.8,1773,0
NCL,D,20220929,000000,100,103,96.6,101,1205,0
NCL,D,20220930,000000,97.4,102,96.1,100,1161,0
NCL,D,20221003,000000,99.7,99.8,95,97.3,676,0
NCL,D,20221004,000000,97,98.9,94.8,98.5,443,0
NCL,D,20221005,000000,96.5,98,95.9,98,722,0
NCL,D,20221006,000000,98,103.8,95.6,102,921,0
NCL,D,20221007,000000,100,100.6,98.1,98.4,465,0
NCL,D,20221010,000000,99.6,99.6,91.5,92.5,1576,0
NCL,D,20221011,000000,92.6,97.5,92.6,95.4,556,0
NCL,D,20221012,000000,96,97.8,91,94,599,0
NCL,D,20221013,000000,94,97,93,97,675,0
NCL,D,20221014,000000,98.6,101.6,98,100,1079,0
NCL,D,20221017,000000,100,102,92.1,99,1658,0
NCL,D,20221018,000000,101.6,108.8,101,104.6,4159,0
NCL,D,20221019,000000,104.6,104.6,99,102.6,1350,0
NCL,D,20221020,000000,96.9,103.8,96.9,100.8,557,0
NCL,D,20221021,000000,100.8,100.8,97.5,99.8,377,0
NCL,D,20221024,000000,99.8,108.8,93.1,97.5,16003,0
NCL,D,20221025,000000,97.5,99.5,94.6,99.4,2430,0
NCL,D,20221026,000000,99,99,97.9,98.4,471,0
NCL,D,20221027,000000,99.2,99.2,95.6,98.5,599,0
NCL,D,20221028,000000,98,98.9,96,97.5,344,0
NCL,D,20221031,000000,96,99.3,95.1,97.8,598,0
NCL,D,20221102,000000,96.8,97,93.8,94.9,1247,0
NCL,D,20221103,000000,93.6,94.9,86.5,90.8,3260,0
NCL,D,20221104,000000,89,93.5,85,93,3562,0
NCL,D,20221107,000000,95,98.9,94.8,98.9,1509,0
NCL,D,20221108,000000,99,103.8,98,100,3958,0
NCL,D,20221109,000000,100.6,100.6,95,97,2883,0
NCL,D,20221110,000000,97.2,98.9,95.5,98.9,1078,0
NCL,D,20221114,000000,100,100,96.5,98,2857,0
NCL,D,20221115,000000,99,99,96,96,1077,0
NCL,D,20221116,000000,95.8,98,92.8,95,1184,0
NCL,D,20221117,000000,94,97,92.5,96.4,371,0
NCL,D,20221118,000000,93.6,97,93.5,95.7,521,0
NCL,D,20221121,000000,96,97,94,97,1031,0
NCL,D,20221122,000000,96,98,94,96,597,0
NCL,D,20221123,000000,95.9,97,95,96.9,175,0
NCL,D,20221124,000000,96.9,99,95.5,98,645,0
NCL,D,20221125,000000,98.8,101,97,99,1226,0
NCL,D,20221128,000000,99,100,97.6,97.6,486,0
NCL,D,20221129,000000,97.5,99.7,96.4,98,355,0
NCL,D,20221130,000000,98.9,98.9,97.5,97.5,597,0
NCL,D,20221201,000000,98.9,98.9,96.7,97.8,1440,0
NCL,D,20221202,000000,97,99,97,98.9,609,0
NCL,D,20221205,000000,99,99,94,97.8,2173,0
NCL,D,20221206,000000,95.4,98.5,95.3,98,379,0
NCL,D,20221207,000000,97.5,101,97.5,100,483,0
NCL,D,20221208,000000,100,100,97.4,99.9,1912,0
NCL,D,20221209,000000,99,99.4,97.1,99,364,0
NCL,D,20221212,000000,97.7,98.8,97.3,98.8,331,0
NCL,D,20221213,000000,98.5,99.4,97.6,99.2,806,0
NCL,D,20221214,000000,98.7,99.4,97.4,97.7,505,0
NCL,D,20221215,000000,98,99.4,98,98.2,1381,0
NCL,D,20221216,000000,98.5,98.5,97.4,97.7,624,0
NCL,D,20221219,000000,98.5,98.5,95.5,97.3,819,0
NCL,D,20221220,000000,97.2,97.2,94.2,96.2,1556,0
NCL,D,20221221,000000,96.4,96.4,95,96,600,0
NCL,D,20221222,000000,96,96.5,94.1,96,1599,0
NCL,D,20221223,000000,97.9,97.9,94.2,96.4,324,0
NCL,D,20221227,000000,96.9,98,94,95,1778,0
NCL,D,20221228,000000,94,95,93.7,94.9,2169,0
NCL,D,20221229,000000,94.8,95.3,92.3,95,1381,0
NCL,D,20221230,000000,94.5,96.8,94.3,95.2,627,0
NCL,D,20230102,000000,95.2,100.8,95.2,96.8,1248,0
NCL,D,20230103,000000,96,98.9,95.4,98.9,1631,0
NCL,D,20230104,000000,99,100.8,97.9,99.3,1605,0
NCL,D,20230105,000000,99,108.6,99,106,4071,0
NCL,D,20230109,000000,108,116.2,108,116.2,5486,0
NCL,D,20230110,000000,115.6,115.6,110.2,114.8,3089,0
NCL,D,20230111,000000,112.8,123.6,111,121.8,8719,0
NCL,D,20230112,000000,121.6,121.6,118,119.8,1814,0
NCL,D,20230113,000000,121.8,123,118.2,121.8,2104,0
NCL,D,20230116,000000,123,123,118.6,121.8,2102,0
NCL,D,20230117,000000,120.2,120.2,116,117.8,1911,0
NCL,D,20230118,000000,115.4,117.6,112.8,114.6,2005,0
NCL,D,20230119,000000,117.6,117.6,111.2,114.2,475,0
NCL,D,20230120,000000,114.4,119.8,113,118.8,943,0
NCL,D,20230123,000000,118.8,119,117,118,248,0
NCL,D,20230124,000000,117.8,122.4,115.2,120,1255,0
NCL,D,20230125,000000,117,120.8,116.8,119.6,216,0
NCL,D,20230126,000000,120,120,116.8,119.6,654,0
NCL,D,20230127,000000,118,120,116.8,120,390,0
NCL,D,20230130,000000,119,119,117,119,313,0
NCL,D,20230131,000000,119,119.8,116.8,119,336,0
NCL,D,20230201,000000,118.2,118.6,116.8,118.6,413,0
NCL,D,20230202,000000,118.6,118.6,116.8,116.8,1018,0
NCL,D,20230203,000000,116.8,118.6,115,117.8,327,0
NCL,D,20230206,000000,117.8,118.4,116,117.4,606,0
NCL,D,20230207,000000,116,118,115.4,117.8,490,0
NCL,D,20230208,000000,117,117.4,115.4,116,656,0
NCL,D,20230209,000000,115.2,120,113,119,1275,0
NCL,D,20230210,000000,117.2,117.2,113,116.6,1125,0
NCL,D,20230213,000000,116,116,112.8,112.8,824,0
NCL,D,20230214,000000,112,115,106.2,108.4,1465,0
NCL,D,20230215,000000,108.4,112,108.4,111.8,291,0
NCL,D,20230216,000000,111.6,111.6,107.6,110,477,0
NCL,D,20230217,000000,108.4,110,106.8,109,512,0
NCL,D,20230220,000000,108,108.8,106.4,108.8,692,0
NCL,D,20230221,000000,108,112.2,108,112.2,631,0
NCL,D,20230222,000000,110.4,113.8,110,111.8,683,0
NCL,D,20230223,000000,109.2,111.8,106.6,110.6,1289,0
NCL,D,20230224,000000,108.2,111.6,108,111.6,307,0
NCL,D,20230227,000000,111.6,112,108.8,110.8,334,0
NCL,D,20230228,000000,110.8,110.8,108.6,109.8,144,0
NCL,D,20230301,000000,108.8,117,108.6,117,1645,0
NCL,D,20230302,000000,118,121.8,118,120.6,1785,0
NCL,D,20230303,000000,120.6,124,118.6,121.8,3702,0
NCL,D,20230306,000000,121.4,122.8,120,122,2036,0
NCL,D,20230307,000000,120.4,123,120.4,121.2,992,0
NCL,D,20230308,000000,120,123,120,120,1186,0
NCL,D,20230309,000000,120,120.8,115,117.2,1462,0
NCL,D,20230310,000000,115.6,117.2,110,114.2,3756,0
NCL,D,20230313,000000,111.4,118.4,108.8,112.2,2181,0
NCL,D,20230314,000000,113,113,108,110,2202,0
NCL,D,20230315,000000,111,114.8,110,111.6,1204,0
NCL,D,20230316,000000,111.6,113.8,109.2,112.8,298,0
NCL,D,20230317,000000,120,120.2,110.2,112,3859,0
NCL,D,20230320,000000,112,112,108.6,111.4,1319,0
NCL,D,20230321,000000,111.4,113.8,110,113.4,484,0
NCL,D,20230322,000000,111.4,113.6,109.2,109.2,1396,0
NCL,D,20230323,000000,109,111.6,109,111.6,1021,0
NCL,D,20230324,000000,111.6,111.6,109.6,110.6,1425,0
NCL,D,20230327,000000,110,113,110,113,4158,0
NCL,D,20230328,000000,113,114.8,110.2,112,1803,0
NCL,D,20230329,000000,110.4,113,110.4,112.6,2612,0
NCL,D,20230330,000000,112.6,115.2,111.2,115,2910,0
NCL,D,20230331,000000,115.2,119,114,118.8,2695,0
NCL,D,20230403,000000,119.4,120,117,118.8,1448,0
NCL,D,20230404,000000,118.8,120.6,118,119,1734,0
NCL,D,20230405,000000,119,120,117,120,517,0
NCL,D,20230406,000000,119.6,120.6,119.6,119.6,452,0
NCL,D,20230411,000000,119.6,121,119.6,120,1560,0
NCL,D,20230412,000000,120,120,118,120,662,0
NCL,D,20230413,000000,119.6,119.6,116.4,118,528,0
NCL,D,20230414,000000,117,118,111,114.6,1717,0
NCL,D,20230417,000000,113.2,117.8,112.4,116.6,922,0
NCL,D,20230418,000000,116.6,133.4,116.6,117.8,22145,0
NCL,D,20230419,000000,117.8,119.6,116.2,117,903,0
NCL,D,20230420,000000,119,119,116.2,118.4,789,0
NCL,D,20230421,000000,118.4,119,116.6,118,851,0
NCL,D,20230424,000000,118.2,120.2,117,118.2,3676,0
NCL,D,20230425,000000,117.8,119.2,116.8,116.8,3048,0
NCL,D,20230426,000000,117.8,118,116,117.8,1782,0
NCL,D,20230427,000000,118,118.4,116,118.2,2083,0
NCL,D,20230428,000000,118,118.6,116,118.2,1754,0
NCL,D,20230502,000000,118.2,127,118.2,127,5299,0
NCL,D,20230504,000000,128.6,138.8,127.8,136,13323,0
NCL,D,20230505,000000,136.6,146.2,136.6,140,10742,0
NCL,D,20230508,000000,145,150,142.4,144.8,6061,0
NCL,D,20230509,000000,143.6,145.2,139,144.8,1595,0
NCL,D,20230510,000000,144,144.8,141.8,143,1771,0
NCL,D,20230511,000000,141,145.4,141,145.4,2554,0
NCL,D,20230512,000000,145.6,145.8,140.2,145,1040,0
NCL,D,20230515,000000,144,145,142.2,144.8,1633,0
NCL,D,20230516,000000,145,145.6,143.4,145,821,0
NCL,D,20230517,000000,144,147.8,141.2,146.8,2377,0
NCL,D,20230518,000000,146,146.8,144,144.2,1474,0
NCL,D,20230519,000000,144,144.8,138.2,143.6,1950,0
NCL,D,20230522,000000,145.6,147.8,140,146,4036,0
NCL,D,20230523,000000,146.2,147.8,142,146.4,2331,0
NCL,D,20230524,000000,146.4,147.4,144.4,147.2,422,0
NCL,D,20230525,000000,147.6,150,145.4,150,2321,0
NCL,D,20230526,000000,150.2,156,149,156,2914,0
NCL,D,20230529,000000,158.2,159.8,151,152,2708,0
NCL,D,20230530,000000,151,153.8,149,149,785,0
NCL,D,20230531,000000,148,148,143,143,2489,0
NCL,D,20230601,000000,142.6,146.4,138.2,145,1296,0
NCL,D,20230602,000000,144,144.2,142,144.2,1584,0
NCL,D,20230605,000000,145.4,145.4,142.2,144.8,1025,0
NCL,D,20230606,000000,145,146.6,139.8,145,1623,0
NCL,D,20230607,000000,145.8,146.4,143.6,146.4,404,0
NCL,D,20230609,000000,143.8,149,143.8,146.8,397,0
NCL,D,20230612,000000,147.2,149,143.8,148.4,433,0
NCL,D,20230613,000000,148,148,146.2,147.8,295,0
NCL,D,20230614,000000,143.8,148.2,143.6,148,699,0
NCL,D,20230615,000000,147.8,148.2,143,145.2,600,0
NCL,D,20230616,000000,146.8,146.8,135.6,139.4,5053,0
NCL,D,20230619,000000,138,140,136,140,2391,0
NCL,D,20230620,000000,139.6,140,136,139.4,1554,0
NCL,D,20230621,000000,137.4,140.6,137.4,140,493,0
NCL,D,20230622,000000,140.2,147.6,140,146,1831,0
NCL,D,20230623,000000,144.6,144.6,123,123,17460,0
NCL,D,20230626,000000,125,132,119.6,125,9765,0
NCL,D,20230627,000000,128.2,129,125,126.6,1145,0
NCL,D,20230628,000000,127,127,124,126.4,1597,0
NCL,D,20230629,000000,124.4,126.4,120,124,2634,0
NCL,D,20230630,000000,122.2,131,121.4,130,1162,0
NCL,D,20230703,000000,130,130,127,128,735,0
NCL,D,20230704,000000,127.6,127.6,123.6,125,779,0
NCL,D,20230705,000000,122,125,120.4,124,1439,0
NCL,D,20230706,000000,123,127.6,122,126.4,519,0
NCL,D,20230707,000000,126,126,122,124.8,444,0
NCL,D,20230710,000000,125,126,124,124,346,0
NCL,D,20230711,000000,124,125,123.2,124.8,583,0
NCL,D,20230712,000000,124.8,124.8,122.4,122.4,1171,0
NCL,D,20230713,000000,122.6,131.6,122.4,127.4,1980,0
NCL,D,20230714,000000,126,128.2,123.6,128.2,1182,0
NCL,D,20230717,000000,127.8,130,127,130,1094,0
NCL,D,20230718,000000,129.8,130,126.2,129.6,895,0
NCL,D,20230719,000000,129.6,131.4,127.8,131,776,0
NCL,D,20230720,000000,130.6,154.2,129.6,148.6,23156,0
NCL,D,20230721,000000,149,153.4,148.2,148.2,5254,0
NCL,D,20230724,000000,150.2,150.6,142,142.6,3278,0
NCL,D,20230725,000000,142.2,142.4,136.4,139.6,3380,0
NCL,D,20230726,000000,139,139,115,136.6,5256,0
NCL,D,20230727,000000,134,141.4,129.2,140.4,547,0
NCL,D,20230728,000000,138.6,139,130,136.8,1635,0
NCL,D,20230731,000000,135.4,138.2,134.2,137,551,0
NCL,D,20230801,000000,137.6,139.4,131,133,2346,0
NCL,D,20230802,000000,133,133,126.2,129.6,2102,0
NCL,D,20230803,000000,127,130,126,127.6,1456,0
NCL,D,20230804,000000,126.4,131.8,126,129.8,732,0
NCL,D,20230807,000000,129.8,129.8,126,128.6,361,0
NCL,D,20230808,000000,128,128,125,127,697,0
NCL,D,20230809,000000,124.4,126,124.4,125,670,0
NCL,D,20230810,000000,125.8,127,124.2,126.4,705,0
NCL,D,20230811,000000,127,133,127,132.4,719,0
NCL,D,20230814,000000,131.8,131.8,129,129.8,260,0
NCL,D,20230816,000000,131.2,132.6,125.6,129.8,1939,0
NCL,D,20230817,000000,130,130,124.2,127.6,471,0
NCL,D,20230818,000000,125,125,121.6,123.4,3095,0
NCL,D,20230821,000000,122.8,122.8,120,121,2173,0
NCL,D,20230822,000000,123.8,123.8,120.4,122,607,0
NCL,D,20230823,000000,122,125,122,124.4,319,0
NCL,D,20230824,000000,124.2,126.6,124,125.8,750,0
NCL,D,20230825,000000,123.4,125,122.4,125,176,0
NCL,D,20230828,000000,124.2,124.2,122.4,123,162,0
NCL,D,20230829,000000,123.2,124.2,121.8,122.6,1087,0
NCL,D,20230830,000000,124.8,127,123.2,127,211,0
NCL,D,20230831,000000,127,127,118.2,121.6,4076,0
NCL,D,20230901,000000,121.6,126.6,121,125.8,608,0
NCL,D,20230904,000000,125,125.8,123,125,606,0
NCL,D,20230905,000000,123,125,121.6,123.8,349,0
NCL,D,20230906,000000,121.8,125,120.6,125,523,0
NCL,D,20230907,000000,123.2,125.4,120,123,1431,0
NCL,D,20230908,000000,123,123,119.8,122.8,1913,0
NCL,D,20230911,000000,122.8,123.4,119,123,631,0
NCL,D,20230912,000000,123.2,123.8,122,123.8,309,0
NCL,D,20230913,000000,123,125,120.2,124,770,0
NCL,D,20230914,000000,124.2,124.2,122,123.4,516,0
NCL,D,20230915,000000,123.4,125,122.8,122.8,482,0
NCL,D,20230918,000000,122.8,123.8,121,122,595,0
NCL,D,20230919,000000,121.4,123.2,120,121.6,1437,0
NCL,D,20230920,000000,118.2,120,117.4,120,1666,0
NCL,D,20230921,000000,118,120,112.6,115,2750,0
NCL,D,20230922,000000,116,117.8,112.6,114.6,1680,0
NCL,D,20230925,000000,114.6,114.6,111,114.6,1195,0
NCL,D,20230926,000000,114,117.2,112.2,115.8,442,0
NCL,D,20230927,000000,115.4,116,112,114.8,634,0
NCL,D,20230928,000000,114.8,114.8,108,112.8,1522,0
NCL,D,20230929,000000,112.8,114.4,112.4,114,629,0
NCL,D,20231002,000000,112.6,114.6,112.4,114.6,200,0
NCL,D,20231003,000000,114.6,114.6,112.2,112.4,402,0
NCL,D,20231004,000000,112.2,112.2,104,109.8,3040,0
NCL,D,20231005,000000,109,110,106.8,110,827,0
NCL,D,20231006,000000,107.6,112.8,107,109.8,404,0
NCL,D,20231009,000000,108,109.8,107.4,109.6,218,0
NCL,D,20231010,000000,109.2,109.4,106,109.4,956,0
NCL,D,20231011,000000,109.2,109.2,106.8,109,152,0
NCL,D,20231012,000000,107.8,109,104.6,108.8,1324,0
NCL,D,20231013,000000,108.8,109.2,108,108.6,995,0
NCL,D,20231016,000000,109.6,112.6,108.4,111.6,1045,0
NCL,D,20231017,000000,111.6,111.8,106.2,110.8,1510,0
NCL,D,20231018,000000,109,118.8,107,110,2788,0
NCL,D,20231019,000000,110,112,107,110.8,1210,0
NCL,D,20231020,000000,110.4,113,105,105.6,2181,0
NCL,D,20231023,000000,108,109.4,107,108.6,1001,0
NCL,D,20231024,000000,109.8,109.8,107.4,108,745,0
NCL,D,20231025,000000,108,111.8,105.8,105.8,2033,0
NCL,D,20231026,000000,107,108.6,103.2,105,1000,0
NCL,D,20231027,000000,103.4,104.6,99.7,104.2,1241,0
NCL,D,20231030,000000,104.8,105,99.8,102.6,2883,0
NCL,D,20231031,000000,100,102,99,100,1114,0
NCL,D,20231102,000000,101,102,97,101.8,2637,0
NCL,D,20231103,000000,101.8,102.6,97.6,100,822,0
NCL,D,20231106,000000,98.1,100,96.2,98,481,0
NCL,D,20231107,000000,97.2,98,94,95,2649,0
NCL,D,20231108,000000,95,98.6,93.6,98.6,1234,0
NCL,D,20231109,000000,98.6,98.6,95.8,97.8,769,0
NCL,D,20231110,000000,97,98,94,98,824,0
NCL,D,20231113,000000,97.5,100,97,99,760,0
NCL,D,20231114,000000,99.8,106.6,99.8,106,1756,0
NCL,D,20231115,000000,106,109,103.8,109,2228,0
NCL,D,20231116,000000,109.8,111,109,110.8,694,0
NCL,D,20231117,000000,110,110,103.4,106,1070,0
NCL,D,20231120,000000,104.2,105,100,102,2837,0
NCL,D,20231121,000000,102,103,99.5,100.6,1887,0
NCL,D,20231122,000000,100.6,102.2,100,101,541,0
NCL,D,20231123,000000,102,102.6,97.1,101.2,1269,0
NCL,D,20231124,000000,101.8,102,101,102,194,0
NCL,D,20231127,000000,102,102,99.6,101.6,483,0
NCL,D,20231128,000000,100,101.8,99.8,101,735,0
NCL,D,20231129,000000,100.4,101.2,97.5,99.6,1538,0
NCL,D,20231130,000000,98,100.8,98,100.8,309,0
NCL,D,20231201,000000,100.2,100.6,98,99.9,1329,0
NCL,D,20231204,000000,99.3,100.2,99.3,99.9,1023,0
NCL,D,20231205,000000,99.9,107.8,99.2,106.6,1846,0
NCL,D,20231206,000000,105.8,111.6,105,109.2,1588,0
NCL,D,20231207,000000,109.2,109.6,106.4,109.6,211,0
NCL,D,20231208,000000,109.4,110.8,108,108,514,0
NCL,D,20231211,000000,110.4,110.4,106,106,774,0
NCL,D,20231212,000000,106,106,103,104,967,0
NCL,D,20231213,000000,103.6,105,103,104.8,624,0
NCL,D,20231214,000000,105,107.6,104,105.6,1449,0
NCL,D,20231215,000000,105.6,109.2,104.4,108,1203,0
NCL,D,20231218,000000,106.2,108.6,106,107.6,2329,0
NCL,D,20231219,000000,109,109,106.8,108.2,1606,0
NCL,D,20231220,000000,108.8,116,108.8,113,2523,0
NCL,D,20231221,000000,112.8,115.4,112,113,2956,0
NCL,D,20231222,000000,112,114,111.8,113,1723,0
NCL,D,20231227,000000,113,116,111.4,116,2399,0
NCL,D,20231228,000000,114.4,120.4,113.4,120.4,2367,0
NCL,D,20231229,000000,120.6,120.8,115.8,117,1014,0
NCL,D,20240102,000000,119.2,120.4,117.4,119.6,2078,0
NCL,D,20240103,000000,120,120,117,119.8,690,0
NCL,D,20240104,000000,119.8,120.4,118.2,120,765,0
NCL,D,20240105,000000,119,119.8,117,119.8,762,0
NCL,D,20240108,000000,119.8,124.4,119.2,124.2,2595,0
NCL,D,20240109,000000,124.2,124.8,123.8,124.2,599,0
NCL,D,20240110,000000,123.6,124.2,116,120,1319,0
NCL,D,20240111,000000,119,123,119,122.4,691,0
NCL,D,20240112,000000,122.2,122.4,120,121,829,0
NCL,D,20240115,000000,125,126.4,114.8,114.8,8645,0
NCL,D,20240116,000000,116.6,117.8,112,117.8,1818,0
NCL,D,20240117,000000,117.8,117.8,113.4,115.8,484,0
NCL,D,20240118,000000,114.4,116.8,113.2,116.8,475,0
NCL,D,20240119,000000,116.4,117,114,116.8,458,0
NCL,D,20240122,000000,115,116.8,113.2,116.6,405,0
NCL,D,20240123,000000,116.6,118.6,115.6,117.6,986,0
NCL,D,20240124,000000,117,117.4,114,116,754,0
NCL,D,20240125,000000,113.6,115.4,110,110,2528,0
NCL,D,20240126,000000,110,111,107,107.6,928,0
NCL,D,20240129,000000,107.6,108,103.6,107.8,1338,0
NCL,D,20240130,000000,106.8,107.8,104.6,107.8,611,0
NCL,D,20240131,000000,106,107.8,106,107.8,100,0
NCL,D,20240201,000000,107.8,110,107.6,108,644,0
NCL,D,20240202,000000,108,108.2,106.2,107.4,236,0
NCL,D,20240205,000000,107.4,108.6,107,107.8,776,0
NCL,D,20240206,000000,109.4,109.4,106,107.6,578,0
NCL,D,20240207,000000,106,106.6,105.2,106,149,0
NCL,D,20240208,000000,107,107,103.6,104.6,1170,0
NCL,D,20240209,000000,104,104.8,103,104.8,322,0
NCL,D,20240212,000000,103.8,105.8,103.8,105,366,0
NCL,D,20240213,000000,105,105,103,104.8,273,0
NCL,D,20240214,000000,104,107,103.8,107,158,0
NCL,D,20240215,000000,106.8,106.8,104,106.4,260,0
NCL,D,20240216,000000,106.4,107,104.4,107,436,0
NCL,D,20240219,000000,104.2,107,103.4,107,921,0
NCL,D,20240220,000000,105,107.6,104.6,107,685,0
NCL,D,20240221,000000,107,108,106.8,108,467,0
NCL,D,20240222,000000,108.2,108.2,105.4,106,1160,0
NCL,D,20240223,000000,112,118,110.2,117.8,10394,0
NCL,D,20240226,000000,118.8,126.6,118.8,126,14535,0
NCL,D,20240227,000000,124,128,124,126.8,6855,0
NCL,D,20240228,000000,126.8,127,117.4,118,4125,0
NCL,D,20240229,000000,119,122.8,119,119,1732,0
NCL,D,20240301,000000,119.6,120.6,118,119.2,2132,0
NCL,D,20240304,000000,119.8,122,119.2,121.4,867,0
NCL,D,20240305,000000,121.4,121.4,118,118.8,1029,0
NCL,D,20240306,000000,118.6,119,118,118.8,1143,0
NCL,D,20240307,000000,118,119.4,118,119.4,1867,0
NCL,D,20240308,000000,119.4,119.8,115,119.6,881,0
NCL,D,20240311,000000,119.6,121.8,117,117,1370,0
NCL,D,20240312,000000,116.8,118,115,116.8,430,0
NCL,D,20240313,000000,116.8,116.8,112.6,115.4,1120,0
NCL,D,20240314,000000,113.4,115.8,112.8,114,285,0
NCL,D,20240315,000000,114,114,111,111.4,1042,0
NCL,D,20240318,000000,111.2,114,108.4,113,2371,0
NCL,D,20240319,000000,113.8,114,111.2,113.4,864,0
NCL,D,20240320,000000,112.4,114,111.8,113.4,61,0
NCL,D,20240321,000000,112,113.4,110.2,112.8,299,0
NCL,D,20240322,000000,112,112,107.4,109,1496,0
NCL,D,20240325,000000,106.6,109,105.4,107,2147,0
NCL,D,20240326,000000,107,109.4,106,107.8,958,0
NCL,D,20240327,000000,108,108,106.4,108,340,0
NCL,D,20240328,000000,108,108,106.4,108,214,0
NCL,D,20240402,000000,108,109.4,106.6,109,1065,0
NCL,D,20240403,000000,108,109.2,107.4,108.8,785,0
NCL,D,20240404,000000,109.2,109.8,108.4,109,687,0
NCL,D,20240405,000000,109,109.4,102.6,106.8,2199,0
NCL,D,20240408,000000,106,107.4,104.4,106.4,1082,0
NCL,D,20240409,000000,106.4,109,105,106.6,1216,0
NCL,D,20240410,000000,106.6,109.4,106.4,106.6,1097,0
NCL,D,20240411,000000,106.8,108,106,106,764,0
NCL,D,20240412,000000,105.2,108,103.6,103.6,1080,0
NCL,D,20240415,000000,104,106,104,106,324,0
NCL,D,20240416,000000,107,107,103.6,106,504,0
NCL,D,20240417,000000,107,107,104.8,106.6,416,0
NCL,D,20240418,000000,105,105.4,103.6,104.4,1354,0
NCL,D,20240419,000000,104.8,106.2,104,105.8,217,0
NCL,D,20240422,000000,106,106,104,105,329,0
NCL,D,20240423,000000,104.6,105,103,105,378,0
NCL,D,20240424,000000,105,105.6,102.4,104,457,0
NCL,D,20240425,000000,104.8,104.8,99,102,1799,0
NCL,D,20240426,000000,102.8,105.6,100.4,102.6,547,0
NCL,D,20240429,000000,102,106,102,106,673,0
NCL,D,20240430,000000,106,106,104.2,105.4,360,0
NCL,D,20240502,000000,105,107.6,104,107.6,348,0
NCL,D,20240506,000000,107.6,109,105,109,618,0
NCL,D,20240507,000000,107,108.6,106,108,444,0
NCL,D,20240508,000000,108.4,108.8,105,105.2,555,0
NCL,D,20240509,000000,105,112.8,105,109,555,0
NCL,D,20240510,000000,109,112,106,109.8,863,0
NCL,D,20240513,000000,110,111.4,106.6,109.8,310,0
NCL,D,20240514,000000,109.8,109.8,106,109,23484,0
NCL,D,20240515,000000,106,111.8,106,109,711,0
NCL,D,20240516,000000,110,110,103,108.8,1224,0
NCL,D,20240517,000000,108,108,102.4,105.8,1690,0
NCL,D,20240520,000000,104.6,105,100.4,103,2073,0
NCL,D,20240521,000000,104.4,107.6,104,107,1596,0
NCL,D,20240522,000000,107,109,105.2,106,930,0
NCL,D,20240523,000000,108,109.8,107,107,468,0
NCL,D,20240524,000000,106.2,108,104.4,107,563,0
NCL,D,20240527,000000,106,107.6,106,107.6,708,0
NCL,D,20240528,000000,107,107.8,104,106.2,1018,0
NCL,D,20240529,000000,106.2,106.2,102,104,510,0
NCL,D,20240531,000000,103,106.6,103,105.6,232,0
NCL,D,20240603,000000,105,105.6,103.6,105,230,0
NCL,D,20240604,000000,103.6,105,102,105,329,0
NCL,D,20240605,000000,104.6,104.8,102.2,103.8,570,0
NCL,D,20240606,000000,103.8,104.6,102,103.4,868,0
NCL,D,20240607,000000,102,103.4,100,100.2,1835,0
NCL,D,20240610,000000,100.2,101,95.5,98.4,2042,0
NCL,D,20240611,000000,98.4,98.7,94,94.4,1654,0
NCL,D,20240612,000000,94.4,96.9,94.4,96.9,1085,0
NCL,D,20240613,000000,97,97.6,96,97.6,237,0
NCL,D,20240614,000000,97.6,97.6,93.2,95.8,651,0
NCL,D,20240617,000000,95.8,95.8,87,90.7,2119,0
NCL,D,20240618,000000,90.7,91.8,89.2,90,953,0
NCL,D,20240619,000000,91,92.7,89.4,89.6,337,0
NCL,D,20240620,000000,89.5,94.4,82.2,94,3268,0
NCL,D,20240621,000000,94.4,94.5,90.8,94.5,200,0
NCL,D,20240624,000000,94.5,94.5,91,94,586,0
NCL,D,20240625,000000,93.5,93.5,89.8,92,659,0
NCL,D,20240626,000000,90,90,87,88.8,1098,0
NCL,D,20240627,000000,88.4,88.8,85.2,87,993,0
NCL,D,20240628,000000,87,88.7,86.1,86.1,752,0
NCL,D,20240701,000000,86.5,89.9,86,88.8,1771,0
NCL,D,20240702,000000,88.7,88.7,86.7,88.3,431,0
NCL,D,20240703,000000,88.9,93.6,87,90,826,0
NCL,D,20240704,000000,92,92,89,90,118,0
NCL,D,20240705,000000,90.6,91,86.8,88.2,574,0
NCL,D,20240708,000000,87,89,85,85.5,1209,0
NCL,D,20240709,000000,86,90.7,84.9,89,789,0
NCL,D,20240710,000000,89,89.9,86.1,88.5,511,0
NCL,D,20240711,000000,87.5,87.5,86.5,87.1,498,0
NCL,D,20240712,000000,87.1,87.5,85,85,1007,0
NCL,D,20240715,000000,85.4,85.4,82.7,84,1440,0
NCL,D,20240716,000000,82.8,82.8,77.2,79.4,3624,0
NCL,D,20240717,000000,78,79.8,76.5,79,4149,0
NCL,D,20240718,000000,79,81.4,79,79.5,1908,0
NCL,D,20240719,000000,79.1,79.5,78.4,78.4,1359,0
NCL,D,20240722,000000,78.2,78.2,76.2,78,988,0
NCL,D,20240723,000000,77,88.9,76.8,88.7,3294,0
NCL,D,20240724,000000,90,93.9,88,89.5,2079,0
NCL,D,20240725,000000,90.9,90.9,85.2,88,945,0
NCL,D,20240726,000000,89.5,95.9,88,94.7,4519,0
NCL,D,20240729,000000,94.9,94.9,91.5,91.5,1742,0
NCL,D,20240730,000000,91.5,94.8,91.5,94.4,515,0
NCL,D,20240731,000000,92.6,95,91.7,94.6,653,0
NCL,D,20240801,000000,94.7,95,92.6,94,401,0
NCL,D,20240802,000000,92.5,94.5,92.1,93.6,394,0
NCL,D,20240805,000000,92.6,92.6,85,85.5,3232,0
NCL,D,20240806,000000,85.5,88.5,80,86.6,1795,0
NCL,D,20240807,000000,85.2,87.1,83,87.1,199,0
NCL,D,20240808,000000,87.2,87.2,83,83.9,383,0
NCL,D,20240809,000000,84,88,84,87.7,252,0
NCL,D,20240812,000000,87.7,97,87.5,90.5,2927,0
NCL,D,20240813,000000,90.5,91,88.6,90.4,211,0
NCL,D,20240814,000000,89.5,90.3,86.7,90.3,442,0
NCL,D,20240816,000000,90.4,91,89.7,91,479,0
NCL,D,20240819,000000,89.7,92.6,87.2,92.1,727,0
NCL,D,20240820,000000,88,92,88,91.9,411,0
NCL,D,20240821,000000,91.9,91.9,88.3,91.7,165,0
NCL,D,20240822,000000,88.3,90,87.5,89.6,725,0
NCL,D,20240823,000000,89.2,90,89,90,275,0
NCL,D,20240826,000000,90.1,90.1,87,89.9,487,0
NCL,D,20240827,000000,89.8,90.4,86.7,90.4,124,0
NCL,D,20240828,000000,88,98,86.8,92.6,2038,0
NCL,D,20240829,000000,91.1,94.6,91,94.4,120,0
NCL,D,20240830,000000,92,95,91,94.4,499,0
NCL,D,20240902,000000,94.4,95.7,92.7,92.7,152,0
NCL,D,20240903,000000,94.8,94.8,93,94,458,0
NCL,D,20240904,000000,93.9,93.9,90,91,982,0
NCL,D,20240905,000000,90.4,92.8,90.2,92,246,0
NCL,D,20240906,000000,92.8,92.9,90,90.2,461,0
NCL,D,20240909,000000,92,92,88.6,92,229,0
NCL,D,20240910,000000,92,92,88.7,89,264,0
NCL,D,20240911,000000,89,91,87.3,90.9,424,0
NCL,D,20240912,000000,88.4,90.5,85.6,87.4,609,0
NCL,D,20240913,000000,87,87,84.1,86.7,804,0
NCL,D,20240916,000000,86.7,86.7,84,86.3,809,0
NCL,D,20240917,000000,86.5,88.2,84.6,88,643,0
NCL,D,20240918,000000,88,88.3,85.1,85.8,412,0
NCL,D,20240919,000000,85.7,85.7,83.8,85,1382,0
NCL,D,20240920,000000,85,86.4,83.8,85,37,0
NCL,D,20240923,000000,83.1,84.6,81.6,84,1438,0
NCL,D,20240924,000000,84,84,80.6,83.9,980,0
NCL,D,20240925,000000,83.9,84.5,81.6,84.3,736,0
NCL,D,20240926,000000,82,85.9,82,85.9,613,0
NCL,D,20240927,000000,82.5,88,75.1,87.1,9163,0
NCL,D,20240930,000000,84.7,87.9,83,83.6,801,0
NCL,D,20241001,000000,83.6,83.6,83,83,1183,0
NCL,D,20241002,000000,82,82,82,82,1126,0
NCL,D,20241003,000000,81.7,81.7,81.5,81.5,592,0
NCL,D,20241004,000000,81.1,81.1,81,81,279,0
NCL,D,20241007,000000,81.1,81.3,81.1,81.3,384,0
NCL,D,20241008,000000,81.1,83.5,81.1,83.5,86,0
NCL,D,20241009,000000,83.4,83.4,82.5,82.5,132,0
NCL,D,20241010,000000,81.4,81.4,81.4,81.4,213,0
NCL,D,20241011,000000,81,81.8,81,81.8,255,0
NCL,D,20241014,000000,82,82,81.1,81.1,21,0
NCL,D,20241015,000000,81,81,81,81,198,0
NCL,D,20241016,000000,81,81,80.8,80.8,80,0
NCL,D,20241017,000000,80,80,79.5,79.5,231,0
NCL,D,20241018,000000,79.5,80.1,79.5,80.1,111,0
NCL,D,20241021,000000,80,80,80,80,176,0
NCL,D,20241022,000000,79.5,79.5,79.5,79.5,696,0
NCL,D,20241023,000000,79.5,79.5,79.5,79.5,219,0
NCL,D,20241024,000000,79.5,79.6,79.5,79.6,180,0
NCL,D,20241025,000000,80,80,80,80,330,0
NCL,D,20241028,000000,80,80,80,80,96,0
NCL,D,20241029,000000,79.5,79.5,79.1,79.1,740,0
NCL,D,20241030,000000,78.3,78.4,78.3,78.4,311,0
NCL,D,20241031,000000,78.2,78.6,78.2,78.6,206,0
NCL,D,20241104,000000,78,78.5,78,78.5,401,0
NCL,D,20241105,000000,78,78.2,78,78.2,198,0
NCL,D,20241106,000000,78,78,78,78,85,0
NCL,D,20241107,000000,78.6,80.9,78.6,80.9,95,0
NCL,D,20241108,000000,78,79.9,78,79.9,173,0
NCL,D,20241112,000000,80,80,80,80,515,0
NCL,D,20241113,000000,80,80,80,80,367,0
NCL,D,20241114,000000,83.4,83.4,82,82,732,0
NCL,D,20241115,000000,83,83,83,83,282,0
NCL,D,20241118,000000,83,85,83,85,413,0
NCL,D,20241119,000000,85,85,83.4,83.4,335,0
NCL,D,20241120,000000,83,83,82,82,339,0
NCL,D,20241121,000000,81.4,81.6,81.4,81.6,146,0
NCL,D,20241122,000000,81.6,81.6,81.6,81.6,88,0
NCL,D,20241125,000000,81.6,81.6,80.7,80.7,250,0
NCL,D,20241126,000000,80.8,81.1,80.8,81.1,91,0
NCL,D,20241127,000000,81.8,83,81.8,83,198,0
NCL,D,20241128,000000,82,82.6,82,82.6,258,0
NCL,D,20241129,000000,83,86.8,83,86.8,191,0
NCL,D,20241202,000000,84.2,84.2,83.1,83.1,109,0
NCL,D,20241203,000000,81.9,81.9,81.9,81.9,260,0
NCL,D,20241204,000000,81.5,81.5,80.9,80.9,271,0
NCL,D,20241205,000000,80.9,80.9,80.8,80.8,324,0
NCL,D,20241206,000000,80,80,80,80,1516,0
NCL,D,20241209,000000,79.9,79.9,79.9,79.9,392,0
NCL,D,20241210,000000,82,83,82,83,679,0
NCL,D,20241211,000000,82,82,82,82,398,0
NCL,D,20241212,000000,80.2,80.4,80.2,80.4,200,0
NCL,D,20241213,000000,81,81.8,81,81.8,222,0
NCL,D,20241216,000000,82.5,89.6,82.5,85.9,4144,0
NCL,D,20241217,000000,86.7,87.8,84.1,86.9,2453,0
NCL,D,20241218,000000,87.5,94,86.5,94,8619,0
NCL,D,20241219,000000,94.2,102.4,91.4,96,8396,0
NCL,D,20241220,000000,97.6,97.7,94.5,95.9,2879,0
NCL,D,20241223,000000,97.5,97.9,91,97.9,2984,0
NCL,D,20241227,000000,98,99.2,97,98,1076,0
NCL,D,20241230,000000,98,102,98,100.8,4195,0
NCL,D,20250102,000000,100,104.2,100,101,6549,0
NCL,D,20250103,000000,103.2,103.4,99.5,100,2325,0
NCL,D,20250107,000000,101,103.4,100,101,2328,0
NCL,D,20250108,000000,101.4,102.8,100,100,1120,0
NCL,D,20250109,000000,100,101.6,96.5,98.8,1978,0
NCL,D,20250110,000000,98.8,99.3,96,98.7,1445,0
NCL,D,20250113,000000,97.2,101.4,97.1,101,709,0
NCL,D,20250114,000000,101.4,101.4,99,100,1565,0
NCL,D,20250115,000000,99.9,100.4,98.8,99.8,540,0
NCL,D,20250116,000000,100.2,100.2,96,97.7,799,0
NCL,D,20250117,000000,97.5,97.7,93,96,1326,0
NCL,D,20250120,000000,97.7,101.4,97,98,2873,0
NCL,D,20250121,000000,98.9,98.9,95.1,97.8,1256,0
NCL,D,20250122,000000,97.8,98.9,96,98.8,1136,0
NCL,D,20250123,000000,98.6,98.6,95.8,97.4,804,0
NCL,D,20250124,000000,96,97.8,95,95.6,1259,0
NCL,D,20250127,000000,97.8,98.2,96,98,1679,0
NCL,D,20250128,000000,97.9,97.9,95,97.5,821,0
NCL,D,20250129,000000,97.5,98.2,95.3,98,823,0
NCL,D,20250130,000000,98.2,98.3,95.8,97,1019,0
NCL,D,20250131,000000,97,97.2,94.9,97.2,1674,0
NCL,D,20250203,000000,95.1,95.1,90,95,2222,0
NCL,D,20250204,000000,95,95.4,93.6,94.6,2685,0
NCL,D,20250205,000000,93.9,94,90.7,92.2,994,0
NCL,D,20250206,000000,90.2,93.5,90,93.5,815,0
NCL,D,20250207,000000,93.5,93.5,92,92.2,711,0
NCL,D,20250210,000000,97,97,93.5,96.6,6531,0
NCL,D,20250211,000000,96.6,97.5,94.7,95,3317,0
NCL,D,20250212,000000,96.7,97,94.6,95.9,3346,0
NCL,D,20250213,000000,95.9,96,94.4,95,2291,0
NCL,D,20250214,000000,94,97.6,93,97.2,2888,0
NCL,D,20250217,000000,97.2,99.6,96.8,99.4,4459,0
NCL,D,20250218,000000,99.8,99.8,97.7,98.2,869,0
NCL,D,20250219,000000,98.2,101,97.5,100,1664,0
NCL,D,20250220,000000,100,101,98.1,99.8,1122,0
NCL,D,20250221,000000,99.8,100.8,98.5,99.6,1023,0
NCL,D,20250224,000000,100,100,97.8,98.6,1285,0
NCL,D,20250225,000000,98.5,98.5,96,98,928,0
NCL,D,20250226,000000,98,98.6,96,97.4,605,0
NCL,D,20250227,000000,97.4,97.4,95,96,1100,0
NCL,D,20250228,000000,96,96,93.2,95.9,1110,0
NCL,D,20250303,000000,95.9,100,95.9,99.9,6769,0
NCL,D,20250304,000000,99.9,102.2,97,99,2291,0
NCL,D,20250305,000000,98.3,101.4,97.2,99.7,2787,0
NCL,D,20250306,000000,99.9,103.2,97.4,98.4,6444,0
NCL,D,20250307,000000,99.9,99.9,95.9,95.9,3093,0
NCL,D,20250310,000000,97,97,93.2,94.5,1596,0
NCL,D,20250311,000000,94.7,94.7,93.4,93.4,1276,0
NCL,D,20250312,000000,93.3,94.8,93.3,94,952,0
NCL,D,20250313,000000,94,95,93.3,95,668,0
NCL,D,20250314,000000,94.6,95.5,93.9,95.5,2492,0
NCL,D,20250317,000000,97,105.6,97,103.6,11787,0
NCL,D,20250318,000000,103.6,103.6,100.4,103.6,2583,0
NCL,D,20250319,000000,103.6,104,100,102,5655,0
NCL,D,20250320,000000,102.8,108.6,102.6,106.4,7874,0
NCL,D,20250321,000000,107,109,106,108.6,4920,0
NCL,D,20250324,000000,109.6,113.8,107.6,113.4,10370,0
NCL,D,20250325,000000,113.4,115.2,111,112,6585,0
NCL,D,20250326,000000,112,112,108.4,109.6,4868,0
NCL,D,20250327,000000,109,109,106.8,108,2955,0
NCL,D,20250328,000000,108,109.8,107,108.6,2125,0
NCL,D,20250331,000000,108.6,109.6,101.2,102.6,2961,0
NCL,D,20250401,000000,104,106,102,103.5,1631,0
NCL,D,20250402,000000,100,106,100,106,1936,0
NCL,D,20250403,000000,102.5,106,98.6,102.5,3319,0
NCL,D,20250404,000000,102,102,92.4,94.4,3777,0
NCL,D,20250407,000000,83,93,78,93,4563,0
NCL,D,20250408,000000,93,98.4,92,97.4,1823,0
NCL,D,20250409,000000,95.6,97,92,94.4,2926,0
NCL,D,20250410,000000,97,98,96.4,98,1906,0
NCL,D,20250411,000000,95.2,98.2,95,98.2,1459,0
NCL,D,20250414,000000,98.4,101.5,98.4,99.8,1137,0
NCL,D,20250415,000000,100,103,97.8,100,2385,0
NCL,D,20250416,000000,99.8,100,98.6,100,1226,0
NCL,D,20250417,000000,98.2,101,97.8,100.5,1191,0
NCL,D,20250422,000000,98.6,98.6,94.8,97.4,1585,0
NCL,D,20250423,000000,97.4,97.4,94,96,1850,0
NCL,D,20250424,000000,96.2,98.2,95,95.8,858,0
NCL,D,20250425,000000,95.8,97,94.8,97,571,0
NCL,D,20250428,000000,97,100,96,98.4,3225,0
NCL,D,20250429,000000,98.4,101,98,100,3759,0
NCL,D,20250430,000000,101,101,98.2,99.4,973,0
NCL,D,20250502,000000,100,100,97.2,99.4,577,0
NCL,D,20250505,000000,99,99,95.2,98.4,2520,0
NCL,D,20250506,000000,98.4,99,93.2,93.8,5380,0
NCL,D,20250507,000000,93.8,94,91,93,4614,0
NCL,D,20250508,000000,94,96.6,92.4,96,1699,0
NCL,D,20250509,000000,96.2,96.2,93.2,94.8,4580,0
NCL,D,20250512,000000,94.8,95.8,92.6,94.4,6682,0
NCL,D,20250513,000000,94.4,97,94.4,95.6,1028,0
NCL,D,20250514,000000,97.6,98.2,95,97.8,2137,0
NCL,D,20250515,000000,97.8,98,95.6,98,377,0
NCL,D,20250516,000000,98,99,97,98.8,1336,0
NCL,D,20250519,000000,99,99,97.2,99,1127,0
NCL,D,20250520,000000,97.4,99.2,96.8,97.8,335,0
NCL,D,20250521,000000,98.2,108,96.2,105,11654,0
NCL,D,20250522,000000,106,108,102.5,102.5,5111,0
NCL,D,20250523,000000,100.5,106,97.8,101,2390,0
NCL,D,20250526,000000,101,106,100,104,1342,0
NCL,D,20250527,000000,104.5,104.5,101,104.5,1174,0
NCL,D,20250528,000000,106,111.5,105.5,108,8945,0
NCL,D,20250529,000000,109.5,109.5,102,105,1000,0
NCL,D,20250530,000000,105,105,97,101,2254,0
NCL,D,20250602,000000,100.5,104,98,101,1717,0
NCL,D,20250603,000000,103.5,105,102,105,951,0
NCL,D,20250604,000000,105.5,105.5,101.5,105,1298,0
NCL,D,20250605,000000,104.5,104.5,101,103,812,0
NCL,D,20250606,000000,104.5,107,103,107,3435,0
NCL,D,20250609,000000,110,112.5,107.5,108.5,4688,0
NCL,D,20250610,000000,111.5,112,108,109.5,1737,0
NCL,D,20250611,000000,111.5,112,107,109.5,2082,0
NCL,D,20250612,000000,109.5,110,107,108.5,948,0
NCL,D,20250613,000000,107,107,101.5,103.5,2322,0
NCL,D,20250616,000000,104,106.5,101,103.5,1645,0
NCL,D,20250617,000000,102,103,100,103,1874,0
NCL,D,20250618,000000,103.5,104,99,99,4396,0
NCL,D,20250620,000000,99.4,103.5,98,99.2,1228,0
NCL,D,20250623,000000,99.6,101.5,98,99.8,1356,0
NCL,D,20250624,000000,99.8,102,99.8,101,383,0
NCL,D,20250625,000000,101,101.5,99.2,101.5,726,0
NCL,D,20250626,000000,102,102,100,101.5,399,0
NCL,D,20250627,000000,100.5,101.5,99,100.5,801,0
NCL,D,20250630,000000,100.5,101,98,100,1329,0
NCL,D,20250701,000000,100,100.5,97.4,98.2,966,0
NCL,D,20250702,000000,97.6,100.5,97.6,100.5,487,0
NCL,D,20250703,000000,100.5,100.5,98,100,619,0
NCL,D,20250704,000000,101.5,102.5,100,102.5,1381,0
NCL,D,20250707,000000,102.5,104.5,99,103,3636,0
NCL,D,20250708,000000,103,105,102,104.5,3941,0
NCL,D,20250709,000000,104.5,105.5,103,104,1138,0
NCL,D,20250710,000000,103,109,102.5,106.5,4154,0
NCL,D,20250711,000000,107,107,103,105.5,1669,0
NCL,D,20250714,000000,105,107.5,103,106,1015,0
NCL,D,20250715,000000,105,105,103.5,104.5,328,0
NCL,D,20250716,000000,104.5,106,103,105,30486,0
NCL,D,20250717,000000,103.5,104.5,100,102.5,995,0
NCL,D,20250718,000000,102.5,104.5,101,103,310,0
NCL,D,20250721,000000,101.5,104,100,101.5,2049,0
NCL,D,20250722,000000,101.5,101.5,100,100.5,438,0
NCL,D,20250723,000000,101,102.5,100.5,101.5,716,0
NCL,D,20250724,000000,101,102.5,100,101.5,590,0
NCL,D,20250725,000000,101,102.5,100,102,464,0
NCL,D,20250728,000000,102,102,99.8,101.5,1958,0
NCL,D,20250729,000000,102,105,99.4,101.5,3754,0
NCL,D,20250730,000000,101.5,101.5,99.8,99.8,760,0
NCL,D,20250731,000000,99.8,101,99,101,1224,0
NCL,D,20250801,000000,100.5,101,100,100,1238,0
NCL,D,20250804,000000,101.5,101.5,100,100.5,609,0
NCL,D,20250805,000000,105,106,100.5,102.5,8708,0
NCL,D,20250806,000000,103,106,102.5,105.5,12476,0
NCL,D,20250807,000000,105.5,106.5,103,106.5,11227,0
NCL,D,20250808,000000,106.5,107,102.5,103.5,7893,0
NCL,D,20250811,000000,103.5,105.5,102,103,4865,0
NCL,D,20250812,000000,102.5,103.5,102,103,3071,0
NCL,D,20250813,000000,101.5,104.5,101.5,104,4947,0
NCL,D,20250814,000000,104,104,101.5,103,1346,0
NCL,D,20250818,000000,103,103,101.5,103,1377,0
NCL,D,20250819,000000,103,103,100.5,101.5,2328,0
NCL,D,20250820,000000,101.5,102.5,100,101,9322,0
NCL,D,20250821,000000,101,102,99.8,102,1056,0
NCL,D,20250822,000000,101,101.5,99.6,101.5,1369,0
NCL,D,20250825,000000,101.5,102,99.6,100,4392,0
NCL,D,20250826,000000,100,103.5,99.2,102.5,2481,0
NCL,D,20250827,000000,102.5,102.5,100,101,574,0
NCL,D,20250828,000000,102,102.5,99.8,101,5095,0
NCL,D,20250829,000000,102,102,99.6,101,549,0
NCL,D,20250901,000000,100,101.5,99.8,100.5,1090,0
NCL,D,20250902,000000,101,101,99.8,100,552,0
NCL,D,20250903,000000,100,100.5,99.6,100,1023,0
NCL,D,20250904,000000,99.8,100.5,98.6,99.8,2455,0
NCL,D,20250905,000000,99.8,99.8,98.6,99.6,1633,0
NCL,D,20250908,000000,99.8,100.5,98.4,100,2314,0
NCL,D,20250909,000000,99.4,99.6,98.2,99.4,1042,0
NCL,D,20250910,000000,99,99,93,98,1883,0
NCL,D,20250911,000000,98,98,95,97.8,1441,0
NCL,D,20250912,000000,97.6,97.6,95.8,97.4,823,0
NCL,D,20250915,000000,97.4,102.5,97.4,100.5,2738,0
NCL,D,20250916,000000,100.5,104,100,102.5,4277,0
NCL,D,20250917,000000,102.5,104,100.5,103,1614,0
NCL,D,20250918,000000,103,104,101.5,102.5,1324,0
NCL,D,20250919,000000,103,105,102,102.5,3623,0
NCL,D,20250922,000000,104.5,104.5,100.5,102,2113,0
NCL,D,20250923,000000,102,105,101,104.5,5592,0
NCL,D,20250924,000000,105.5,107.5,103,107,3898,0
NCL,D,20250925,000000,106.5,107.5,104.5,106,2474,0
NCL,D,20250926,000000,107,112,105.5,105.5,13650,0
NCL,D,20250929,000000,106.5,108.5,104.5,104.5,2014,0
NCL,D,20250930,000000,106.5,106.5,101,103,4760,0
NCL,D,20251001,000000,102,104.5,101,104,542,0
NCL,D,20251002,000000,104,104,103,104,966,0
NCL,D,20251003,000000,105,106,103,106,4130,0
NCL,D,20251006,000000,106.5,107,104.5,105,2725,0
NCL,D,20251007,000000,105,105,101,103.5,2647,0
NCL,D,20251008,000000,103.5,103.5,101.5,103,1982,0
NCL,D,20251009,000000,103.5,104.5,101.5,103,1970,0
NCL,D,20251010,000000,103,104,102,104,447,0
NCL,D,20251013,000000,102,104,100.5,102.5,1961,0
NCL,D,20251014,000000,101.5,103.5,100.5,102.5,532,0
NCL,D,20251015,000000,102,102,100,102,3513,0
NCL,D,20251016,000000,102,102,100,101.5,696,0
NCL,D,20251017,000000,102,102,100,102,1069,0
NCL,D,20251020,000000,102,103.5,100,101.5,7232,0
NCL,D,20251021,000000,100.5,101,100,101,1179,0
NCL,D,20251022,000000,100,103,99,102,2083,0
NCL,D,20251023,000000,102,103,99,101,15575,0
NCL,D,20251024,000000,101.5,101.5,98.8,99.6,2589,0
NCL,D,20251027,000000,99.6,100.5,98.6,99.2,3440,0
NCL,D,20251028,000000,99.2,99.2,97,98.4,2645,0
NCL,D,20251029,000000,98.6,98.6,97.4,98.4,2039,0
NCL,D,20251030,000000,98.4,98.8,97,97.6,1528,0
NCL,D,20251031,000000,96,97.4,94,95,2619,0
NCL,D,20251103,000000,95,97.6,95,97.6,2895,0
NCL,D,20251104,000000,97.6,97.6,97,97.6,924,0
NCL,D,20251105,000000,97.6,97.6,94.8,94.8,1194,0
NCL,D,20251106,000000,95.6,95.6,93.6,95,2460,0
NCL,D,20251107,000000,94.8,94.8,93,94,905,0
NCL,D,20251110,000000,99,99,93,96.6,1369,0
NCL,D,20251112,000000,98,98,96.6,96.6,4793,0
NCL,D,20251113,000000,97.6,97.8,96,97.8,722,0
NCL,D,20251114,000000,97.8,97.8,94.2,95.4,1287,0
NCL,D,20251117,000000,96.8,96.8,94,95.6,1266,0
NCL,D,20251118,000000,95,95,91.4,91.6,3797,0
NCL,D,20251119,000000,90.4,92,89,90.6,3497,0
NCL,D,20251120,000000,90.8,92,88,89.8,1276,0
NCL,D,20251121,000000,88.8,89,84.6,86.4,4059,0
NCL,D,20251124,000000,87.6,88.2,84.6,86,1485,0
NCL,D,20251125,000000,85,86,82.2,85,2027,0
NCL,D,20251126,000000,85,93,85,89,4262,0
NCL,D,20251127,000000,89.8,90,88.2,89.8,833,0
NCL,D,20251128,000000,90,93.4,90,93.2,2752,0
NCL,D,20251201,000000,93.2,97.8,93.2,96.6,2715,0
NCL,D,20251202,000000,97.4,98.2,91,95.2,4694,0
NCL,D,20251203,000000,96,96,92.2,93.2,965,0
NCL,D,20251204,000000,95.8,95.8,92.2,94.2,2533,0
NCL,D,20251205,000000,93.8,94.2,93,93.4,1052,0
NCL,D,20251208,000000,93.6,95,89.6,91,2070,0
NCL,D,20251209,000000,90,90.8,86,89,1639,0
NCL,D,20251210,000000,89,89.4,87.8,89,1645,0
NCL,D,20251211,000000,88,89.8,87.2,89.6,2667,0
NCL,D,20251212,000000,91,91,88.8,90.6,1067,0
NCL,D,20251215,000000,92,92,88,89.8,1445,0
NCL,D,20251216,000000,89.6,89.8,88.2,88.8,1905,0
NCL,D,20251217,000000,89.8,92,89.8,91,1212,0
NCL,D,20251218,000000,90.8,90.8,89.4,89.8,1346,0
NCL,D,20251219,000000,90,91,88.8,89.4,2573,0
NCL,D,20251222,000000,89.4,91,88.2,90.4,2805,0
NCL,D,20251223,000000,90.6,90.6,88.4,88.8,5902,0
NCL,D,20251229,000000,89.8,90.2,87.4,90.2,4946,0
NCL,D,20251230,000000,91,91,90,90,3264,0
NCL,D,20260102,000000,99,99,93.4,93.6,2315,0
NCL,D,20260105,000000,94.2,98.6,94.2,97.6,4480,0
NCL,D,20260107,000000,98,98,96,97.6,2922,0
NCL,D,20260108,000000,97.6,97.8,97.2,97.6,2107,0
NCL,D,20260109,000000,97.6,97.6,96.4,97.2,2173,0
NCL,D,20260112,000000,98.4,98.6,96,96.4,1976,0
NCL,D,20260113,000000,96.2,96.4,94,94,3912,0
NCL,D,20260114,000000,96.2,96.4,94,96,1033,0
NCL,D,20260115,000000,95.4,96,94.8,96,712,0
NCL,D,20260116,000000,96.2,96.2,92,92,3308,0
NCL,D,20260119,000000,95,99,94.2,97,7781,0
NCL,D,20260120,000000,98.8,99.6,96,99,5166,0
NCL,D,20260121,000000,99,99,97.4,98,2270,0
NCL,D,20260122,000000,98.8,103,97.8,102,6414,0
NCL,D,20260123,000000,102.5,103.5,100.5,103,4190,0
NCL,D,20260126,000000,103,103,100.5,103,4254,0
NCL,D,20260127,000000,103,103,100.5,101.5,1786,0
NCL,D,20260128,000000,101.5,104,101,102.5,3823,0
NCL,D,20260129,000000,103,111,103,107,19700,0
NCL,D,20260130,000000,108,109.5,105,106,4459,0
NCL,D,20260202,000000,106.5,107.5,97.4,101.5,11939,0
NCL,D,20260203,000000,100.5,101,92,93,37621,0
NCL,D,20260204,000000,93,93.8,90,91.8,17258,0
NCL,D,20260205,000000,92,93,89.6,90.4,9212,0
NCL,D,20260206,000000,90.6,93,89.6,91,6161,0
NCL,D,20260209,000000,92,94.8,91,94.8,10176,0
NCL,D,20260210,000000,95.4,96,92.4,94,8376,0
NCL,D,20260211,000000,95,95,90.2,91.6,5691,0
NCL,D,20260212,000000,92,92,90.8,92,1638,0
NCL,D,20260213,000000,92,92,90.4,91.4,961,0
NCL,D,20260216,000000,92,93.8,91.6,92,3435,0
NCL,D,20260217,000000,91.8,93.2,90.8,92.8,2560,0
NCL,D,20260218,000000,92.8,93.2,91.4,93,1965,0
NCL,D,20260219,000000,94.8,96.6,93.4,94,11921,0
NCL,D,20260220,000000,94.6,94.6,90,91,14791,0
NCL,D,20260223,000000,90.6,92.6,90.4,92,8468,0
NCL,D,20260224,000000,92.2,93.8,91.4,92.4,8932,0
NCL,D,20260225,000000,93,93.6,92,93.4,4287,0
NCL,D,20260226,000000,94,94,92.4,93,3269,0
NCL,D,20260227,000000,93.8,93.8,92.2,93,2048,0
NCL,D,20260302,000000,90,92.6,88,90.8,16174,0
NCL,D,20260303,000000,90.8,91.4,88,88,6623,0
NCL,D,20260304,000000,88.2,92,88.2,90.8,2742,0
NCL,D,20260305,000000,91.6,94.2,89.8,92,3622,0
NCL,D,20260306,000000,92,93,90,91.8,3295,0
NCL,D,20260309,000000,91.8,92,88.4,91,3067,0
NCL,D,20260310,000000,91,92.2,90.4,92,3411,0
NCL,D,20260311,000000,92.4,93,91,92.8,2784,0
NCL,D,20260312,000000,91.6,92,90.4,91.8,2654,0
NCL,D,20260313,000000,90.6,93.4,90,92,2301,0
NCL,D,20260316,000000,92,92.2,89,92,4044,0
NCL,D,20260317,000000,92,93,90.2,91,2149,0
NCL,D,20260318,000000,91,92.4,90.4,92,1016,0
NCL,D,20260319,000000,92,92,89.2,90,3130,0
NCL,D,20260320,000000,89.4,90.8,88.2,89.4,2339,0
NCL,D,20260323,000000,88.2,91,83,91,8208,0
NCL,D,20260324,000000,90,92,89,90.6,2594,0
NCL,D,20260325,000000,91,91.6,89.6,90.4,1698,0
NCL,D,20260326,000000,90.8,91.6,89,91,2872,0
NCL,D,20260327,000000,91,91.2,86.4,89.4,4041,0
NCL,D,20260330,000000,90.8,90.8,86.8,89,2872,0
NCL,D,20260331,000000,89,89,85.6,88.8,1718,0
NCL,D,20260401,000000,87.4,90.2,87.4,90,1215,0
NCL,D,20260402,000000,90,90,87.4,89,1350,0
NCL,D,20260407,000000,88.8,89.1,87.7,87.7,1881,0
NCL,D,20260408,000000,87.8,90,87.8,89.1,1242,0
NCL,D,20260409,000000,89,89,87,88,928,0
NCL,D,20260410,000000,88,88.7,87.9,88.7,570,0
NCL,D,20260413,000000,88,88.9,87.6,88.9,1406,0
NCL,D,20260414,000000,88.9,93.7,88.3,90.8,5594,0
NCL,D,20260415,000000,92.6,94.9,91.8,94.5,4908,0
NCL,D,20260416,000000,94.2,96.4,92.1,94,7567,0
NCL,D,20260417,000000,94,94.9,91.6,94.9,7221,0
NCL,D,20260420,000000,95,95.9,91.1,93.5,7148,0
NCL,D,20260421,000000,93.9,95.5,93.5,95,2113,0
NCL,D,20260422,000000,95,96,93,94,2639,0
NCL,D,20260423,000000,94.9,95.9,94,94.4,3992,0
NCL,D,20260424,000000,94.8,98.6,93.6,95.7,14529,0
NCL,D,20260427,000000,97.2,108.6,95.7,106,23254,0
NCL,D,20260428,000000,106,107.8,98.9,100.8,10045,0
NCL,D,20260429,000000,100.8,105.8,99,101.4,6926,0
NCL,D,20260430,000000,100,101,98.6,99.2,3697,0
NCL,D,20260504,000000,101.6,104.6,99.2,101.6,3327,0
NCL,D,20260505,000000,102.6,102.6,99.4,101,2747,0
NCL,D,20260506,000000,100.6,101.4,99,99.1,2619,0
NCL,D,20260507,000000,99.9,100.6,99,99.8,1460,0
NCL,D,20260508,000000,99.8,103.8,99,100.6,3153,0
NCL,D,20260511,000000,102,103.8,99.9,100.2,2709,0
NCL,D,20260512,000000,100.4,101,99.3,100.8,1968,0
NCL,D,20260513,000000,101,101.6,99.5,100.6,1167,0
NCL,D,20260514,000000,100.6,100.6,99.2,100,857,0
NCL,D,20260515,000000,100,101.6,99.7,99.7,4016,0
NCL,D,20260518,000000,99.7,100.8,96.8,97.6,3239,0
NCL,D,20260519,000000,96.7,97.5,94.1,94.4,2622,0
NCL,D,20260520,000000,95.5,95.5,92,93.9,1976,0
NCL,D,20260521,000000,93.9,95.9,91.8,95.8,1340,0
NCL,D,20260522,000000,95.7,95.9,93,95.3,2060,0
NCL,D,20260525,000000,95.3,101.4,95.3,100,4291,0
NCL,D,20260526,000000,101.2,103.8,100.4,102,5029,0
NCL,D,20260527,000000,102.2,104.6,99.1,100,8109,0
NCL,D,20260528,000000,100,102,98.4,100,2090,0
NCL,D,20260529,000000,100,102,98.2,99.9,1855,0
NCL,D,20260601,000000,100.2,101,99.6,99.8,3847,0
NCL,D,20260602,000000,99.8,101.8,99,101.6,2211,0
NCL,D,20260603,000000,101.4,101.4,98.5,99,2255,0
NCL,D,20260605,000000,99,100,98.3,99.9,1729,0
NCL,D,20260608,000000,99.9,100,95.7,99.9,3808,0
NCL,D,20260609,000000,100,100,97.6,98.2,1101,0
NCL,D,20260610,000000,98.2,100.2,98.2,99.8,2727,0
NCL,D,20260611,000000,99.9,101.6,99,101.2,2734,0
NCL,D,20260612,000000,103,103,99.5,101.4,2731,0
NCL,D,20260615,000000,101.4,101.8,99.1,100,2312,0
NCL,D,20260616,000000,99.6,100.6,98.2,98.7,2682,0
NCL,D,20260617,000000,99,99,98.2,99,1066,0
NCL,D,20260618,000000,98.8,99,98.2,99,503,0
NCL,D,20260619,000000,99,100.4,98.2,100,1262,0
NCL,D,20260622,000000,100,100.6,99.9,100.6,1062,0
NCL,D,20260623,000000,100.6,100.6,98.6,99,1457,0
NCL,D,20260624,000000,99,99,98.4,99,533,0
NCL,D,20260625,000000,99,99.4,98.2,99,1248,0
NCL,D,20260626,000000,99,99.5,98,98.9,1357,0
NCL,D,20260629,000000,98.9,98.9,97.7,97.7,449,0
NCL,D,20260630,000000,98.2,102,97.5,101,5494,0
NCL,D,20260701,000000,101.6,101.6,98.6,101,1292,0
NCL,D,20260702,000000,101,101,99.5,101,949,0
NCL,D,20260703,000000,101,104.4,99.8,102.4,4854,0
NCL,D,20260706,000000,102.4,102.4,100.2,101.8,1272,0
NCL,D,20260707,000000,102,102,100.6,100.6,886,0
NCL,D,20260708,000000,101.2,102.2,98.6,100,2390,0
NCL,D,20260709,000000,100,100.6,98.8,100.4,847,0
NCL,D,20260710,000000,100,101.8,99.1,101.6,2037,0
NCL,D,20260713,000000,101.6,101.6,100.4,101,1194,0
NCL,D,20260714,000000,101,101.6,100.2,101.6,1004,0
NCL,D,20260715,000000,101.4,101.8,98.8,99.9,2328,0
NCL,D,20260716,000000,100,100.8,98.7,98.7,2250,0
NCL,D,20260717,000000,99.7,99.9,96.2,98.6,1509,0
NCL,D,20260720,000000,98.8,99.5,97.1,98,1571,0
NCL,D,20260721,000000,98.2,98.2,96.8,96.8,1811,0
NCL,D,20260722,000000,97,97,94.4,96,3524,0
NCL,D,20260723,000000,96,96,94,94,1944,0
NCL,D,20260724,000000,93.5,95.8,93,95,1667,0
NCL,D,20260727,000000,95.7,95.8,91.6,94.8,5148,0
NCL,D,20260728,000000,95.5,96.7,93.1,94,1475,0
NCL,D,20260729,000000,94,94,91.9,93.7,2815,0
NCL,D,20260730,000000,93.7,95,93,94.7,727,0
NCL,D,20260731,000000,95.8,95.8,92.2,95.4,2424,0
NCL,D,20260803,000000,95.3,95.5,93.5,93.8,1175,0
NCL,D,20260804,000000,93.8,94.8,93.5,94.4,2007,0
NCL,D,20260805,000000,94.1,95.2,94,95.2,1076,0
NCL,D,20260806,000000,95.1,95.2,94,94.5,817,0
NCL,D,20260807,000000,95.5,95.5,92.1,93.8,2511,0
NCL,D,20260810,000000,93.8,98.4,93.8,97.7,3346,0
NCL,D,20260811,000000,97.9,98.7,95.6,96.3,586,0
NCL,D,20260812,000000,96.9,98,95.7,97,1167,0
NCL,D,20260813,000000,96.5,96.5,94.2,95.7,717,0
NCL,D,20260814,000000,95.2,96.6,94.1,96.3,390,0
NCL,D,20260817,000000,96,96,92.8,94.4,1662,0
NCL,D,20260818,000000,94.9,94.9,93,94.6,1077,0
