<TICKER>,<PER>,<DATE>,<TIME>,<OPEN>,<HIGH>,<LOW>,<CLOSE>,<VOL>,<OPENINT>
NTU,D,20180321,000000,27.8821,29.3737,26.5368,29.0326,24415.037594046,0
NTU,D,20180322,000000,29.0326,29.8472,28.5019,28.5019,9547.3684210765,0
NTU,D,20180323,000000,28.5272,28.5272,25.9995,27.5476,1998.4962406065,0
NTU,D,20180326,000000,27.4844,28.7479,27.4844,28.059,2684.2105263225,0
NTU,D,20180327,000000,28.5524,28.5524,28.1794,28.4261,12.030075188,0
NTU,D,20180328,000000,28.4261,28.4261,27.6108,28.1794,434.5864661665,0
NTU,D,20180329,000000,27.7684,27.7684,27.7624,27.7684,396.992481204,0
NTU,D,20180403,000000,27.7371,27.8063,27.7371,27.8063,3282.7067669255,0
NTU,D,20180404,000000,27.8382,28.2678,27.8382,28.2678,8299.2481203215,0
NTU,D,20180405,000000,27.9014,28.3622,27.9014,28.0085,320.3007518805,0
NTU,D,20180406,000000,28.0025,28.3057,27.7371,27.7371,3917.2932330925,0
NTU,D,20180409,000000,27.4844,27.9898,27.2949,27.2949,421.05263157999997,0
NTU,D,20180410,000000,27.3581,28.1667,27.3581,28.1667,466.16541353499997,0
NTU,D,20180411,000000,28.1727,28.2106,28.1727,28.2106,209.0225563915,0
NTU,D,20180412,000000,28.2612,28.2678,28.1162,28.1162,1088.721804514,0
NTU,D,20180413,000000,27.9898,27.9958,27.9898,27.9898,3803.0075188065,0
NTU,D,20180416,000000,28.4261,28.464,28.3057,28.3057,7872.1804511475,0
NTU,D,20180418,000000,28.1667,28.6788,28.1601,28.6788,266.1654135345,0
NTU,D,20180420,000000,28.4321,28.47,28.4321,28.47,1509.774436094,0
NTU,D,20180424,000000,28.4447,28.5079,28.4321,28.4321,2412.030075194,0
NTU,D,20180426,000000,28.0025,28.0404,27.7371,28.0404,15542.857142896,0
NTU,D,20180427,000000,27.8003,27.8003,27.8003,27.8003,1.5037593985,0
NTU,D,20180430,000000,27.4971,28.2233,27.4971,28.2233,96.240601504,0
NTU,D,20180504,000000,28.0716,28.0716,28.0716,28.0716,1108.2706766945,0
NTU,D,20180507,000000,28.0716,28.0716,28.0716,28.0716,1812.0300751925,0
NTU,D,20180508,000000,28.0716,28.0716,27.6108,27.6108,18227.0676692185,0
NTU,D,20180509,000000,28.3689,28.7479,28.1162,28.4321,5738.345864676,0
NTU,D,20180510,000000,28.1162,28.1162,27.8003,27.8003,5257.142857156,0
NTU,D,20180511,000000,28.4321,28.4321,27.8003,27.9327,42759.3984963475,0
NTU,D,20180514,000000,27.9327,28.0337,27.8003,27.8003,12974.436090258,0
NTU,D,20180515,000000,26.9159,28.4321,26.9159,28.4321,35515.789473773,0
NTU,D,20180516,000000,28.059,29.778,28.059,29.6011,29652.631579021498,0
NTU,D,20180517,000000,28.4952,28.4952,28.47,28.47,1590.9774436129999,0
NTU,D,20180518,000000,28.4826,29.3671,28.4826,29.3671,10.5263157895,0
NTU,D,20180521,000000,28.5019,29.1842,28.5019,29.1842,378.947368422,0
NTU,D,20180522,000000,28.5584,29.0452,28.4321,28.47,4756.3909774554995,0
NTU,D,20180523,000000,28.47,28.4766,28.47,28.4766,25.5639097745,0
NTU,D,20180524,000000,28.7479,29.1902,28.7479,29.0638,1708.270676696,0
NTU,D,20180525,000000,29.0638,29.6011,29.0638,29.6011,478.195488723,0
NTU,D,20180528,000000,29.6011,29.8219,29.4116,29.4116,2882.7067669245,0
NTU,D,20180529,000000,29.4116,29.4116,29.0957,29.0957,51.127819549,0
NTU,D,20180530,000000,29.1017,29.1017,29.1017,29.1017,28.5714285715,0
NTU,D,20180601,000000,29.0957,29.0957,28.8743,28.8743,1171.4285714315,0
NTU,D,20180604,000000,28.8809,29.6956,28.7479,29.6956,3306.7669173014997,0
NTU,D,20180605,000000,29.3797,29.3797,28.5903,28.7479,8571.42857145,0
NTU,D,20180606,000000,28.8364,28.8364,28.8364,28.8364,63.157894737,0
NTU,D,20180607,000000,29.0638,29.4116,29.0638,29.4116,443.6090225575,0
NTU,D,20180611,000000,29.0638,29.405,29.0638,29.405,532.330827069,0
NTU,D,20180613,000000,29.127,29.127,29.127,29.127,64.6616541355,0
NTU,D,20180614,000000,29.127,29.127,29.127,29.127,269.17293233149996,0
NTU,D,20180615,000000,29.127,29.405,28.8111,29.405,860.150375942,0
NTU,D,20180619,000000,29.0638,29.0638,28.8809,28.8809,538.3458646629999,0
NTU,D,20180626,000000,29.3737,29.9483,29.3737,29.4429,5400.0000000135,0
NTU,D,20180627,000000,29.4429,30.201,29.4429,30.201,1386.466165417,0
NTU,D,20180628,000000,29.6956,30.201,29.6956,30.201,577.443609024,0
NTU,D,20180629,000000,30.2961,30.3273,30.2961,30.3273,491.7293233095,0
NTU,D,20180702,000000,30.3273,30.8959,30.3273,30.8327,1630.0751879739998,0
NTU,D,20180703,000000,30.8959,32.2232,30.8959,32.2232,3335.338345873,0
NTU,D,20180704,000000,32.7918,32.7918,32.7918,32.7918,297.744360903,0
NTU,D,20180705,000000,32.7918,32.7918,31.5915,31.9074,1087.2180451155,0
NTU,D,20180706,000000,31.781,31.781,31.781,31.781,33.082706767,0
NTU,D,20180709,000000,31.5915,31.5915,31.5915,31.5915,82.70676691749999,0
NTU,D,20180710,000000,31.5915,31.5915,30.574,31.2756,198.496240602,0
NTU,D,20180711,000000,31.2756,31.2756,31.2756,31.2756,36.090225564,0
NTU,D,20180712,000000,31.5283,32.7286,31.5283,32.7286,927.8195488745,0
NTU,D,20180713,000000,32.7918,34.1185,32.7918,33.929,4171.428571439,0
NTU,D,20180716,000000,33.4867,34.7502,33.4867,34.6871,2541.3533834649998,0
NTU,D,20180717,000000,34.7502,35.382,33.8026,34.1185,1118.796992484,0
NTU,D,20180718,000000,35.382,35.382,33.6131,33.8026,748.8721804529999,0
NTU,D,20180719,000000,34.7502,34.7502,34.1251,34.1251,87.218045113,0
NTU,D,20180720,000000,35.382,35.382,35.1293,35.1293,115.7894736845,0
NTU,D,20180723,000000,35.1612,35.3507,35.1612,35.3507,166.9172932335,0
NTU,D,20180724,000000,34.1185,35.382,34.1185,34.7502,508.270676693,0
NTU,D,20180725,000000,33.8026,33.8026,32.855,32.855,1076.6917293259999,0
NTU,D,20180726,000000,33.9921,33.9921,32.4946,32.4946,1541.3533834625,0
NTU,D,20180727,000000,32.855,32.855,32.2864,32.5391,514.285714287,0
NTU,D,20180730,000000,31.5915,33.1709,31.3009,33.1709,1172.93233083,0
NTU,D,20180731,000000,33.1709,33.1709,33.1709,33.1709,30.075187969999998,0
NTU,D,20180801,000000,33.1709,33.1709,33.1709,33.1709,3.007518797,0
NTU,D,20180802,000000,33.1709,33.1709,30.3273,31.5283,2490.225563916,0
NTU,D,20180803,000000,30.7064,31.2756,30.7064,31.2756,416.5413533845,0
NTU,D,20180806,000000,30.9591,31.5915,30.6432,31.5915,861.6541353404999,0
NTU,D,20180807,000000,31.5217,31.5848,30.8394,30.8394,705.2631578964999,0
NTU,D,20180808,000000,31.5848,31.5915,30.9591,31.5848,1260.150375943,0
NTU,D,20180809,000000,31.5915,31.5915,30.9591,31.5915,458.6466165425,0
NTU,D,20180810,000000,31.6041,32.7286,31.5915,31.5915,1240.6015037625,0
NTU,D,20180813,000000,31.0222,31.0222,30.997,30.997,672.1804511294999,0
NTU,D,20180814,000000,31.9074,31.9074,31.9074,31.9074,1.5037593985,0
NTU,D,20180816,000000,31.8754,31.8754,30.4537,31.781,1273.6842105295,0
NTU,D,20180817,000000,31.5915,31.6547,30.6119,31.0854,1524.812030079,0
NTU,D,20180820,000000,31.5915,31.5915,31.5915,31.5915,688.7218045129999,0
NTU,D,20180821,000000,31.5915,31.5915,31.0854,31.0854,4439.097744372,0
NTU,D,20180822,000000,30.4603,30.9591,30.4603,30.9591,1945.864661659,0
NTU,D,20180823,000000,30.9591,30.9591,30.9591,30.9591,270.67669173,0
NTU,D,20180824,000000,30.9591,31.5915,30.713,31.5915,303.759398497,0
NTU,D,20180827,000000,31.5789,31.5789,30.7695,30.7695,40.6015037595,0
NTU,D,20180828,000000,30.8959,30.8959,27.9267,29.1968,10040.601503784499,0
NTU,D,20180829,000000,29.1902,29.1902,28.4321,28.9062,11930.827067699,0
NTU,D,20180830,000000,28.9062,29.6956,28.9062,29.6956,616.541353385,0
NTU,D,20180831,000000,29.0705,29.6324,29.0705,29.1396,221.0526315795,0
NTU,D,20180903,000000,29.1396,29.6956,29.1396,29.6956,410.5263157905,0
NTU,D,20180904,000000,29.6956,30.3273,29.6956,29.6956,1342.8571428605,0
NTU,D,20180906,000000,29.6956,30.3273,29.6956,30.3273,2806.015037601,0
NTU,D,20180907,000000,29.8538,30.4537,29.8538,30.4537,1630.0751879739998,0
NTU,D,20180910,000000,29.8917,31.5915,29.8917,31.5915,418.045112783,0
NTU,D,20180912,000000,31.5596,31.5596,31.5596,31.5596,6.015037594,0
NTU,D,20180913,000000,30.9657,31.1932,30.9591,31.1932,824.060150378,0
NTU,D,20180914,000000,31.1865,31.1865,31.1865,31.1865,219.548872181,0
NTU,D,20180917,000000,31.5536,31.5536,31.2184,31.2184,132.330827068,0
NTU,D,20180918,000000,31.2816,31.2816,31.1865,31.1865,1293.23308271,0
NTU,D,20180920,000000,31.1486,31.1486,31.1486,31.1486,222.556390978,0
NTU,D,20180925,000000,29.8665,29.8851,29.1396,29.8219,3455.639097753,0
NTU,D,20180926,000000,29.8851,29.9483,29.6956,29.9483,684.2105263175,0
NTU,D,20180927,000000,29.8851,29.8851,29.8851,29.8851,18.045112782,0
NTU,D,20181001,000000,29.8851,29.8851,29.4622,29.4622,389.4736842115,0
NTU,D,20181003,000000,29.5127,29.5127,29.5127,29.5127,21.052631579,0
NTU,D,20181004,000000,29.5127,29.5127,29.506,29.506,33.082706767,0
NTU,D,20181008,000000,30.5168,30.5168,29.0638,29.0638,1129.3233082735,0
NTU,D,20181009,000000,29.0006,29.0006,28.7479,28.7479,34.5864661655,0
NTU,D,20181010,000000,28.4321,28.4321,28.0716,28.3689,920.300751882,0
NTU,D,20181011,000000,27.93,27.93,27.265,27.265,7224.060150394,0
NTU,D,20181012,000000,27.265,29.26,27.265,27.8967,70.67669172949999,0
NTU,D,20181015,000000,29.26,29.26,29.26,29.26,1.5037593985,0
NTU,D,20181018,000000,29.26,29.26,29.26,29.26,12.030075188,0
NTU,D,20181022,000000,29.26,29.26,28.329,28.329,67.6691729325,0
NTU,D,20181024,000000,28.2824,28.2824,28.2824,28.2824,39.097744361,0
NTU,D,20181025,000000,28.2159,28.2159,27.3448,27.3448,451.12781954999997,0
NTU,D,20181029,000000,27.4645,27.4645,27.4645,27.4645,33.082706767,0
NTU,D,20181102,000000,27.3448,27.3448,27.3448,27.3448,24.060150376,0
NTU,D,20181105,000000,27.3315,27.3315,27.3315,27.3315,24.060150376,0
NTU,D,20181107,000000,27.398,27.398,25.2766,25.4695,13630.075188003999,0
NTU,D,20181108,000000,25.5027,25.5027,25.27,25.27,621.0526315805,0
NTU,D,20181109,000000,24.9375,24.9375,24.605,24.605,4639.0977443725,0
NTU,D,20181114,000000,24.7047,24.7047,24.7047,24.7047,162.406015038,0
NTU,D,20181116,000000,24.605,24.7047,24.605,24.605,547.368421054,0
NTU,D,20181119,000000,24.605,24.605,23.9533,23.9599,7009.022556408499,0
NTU,D,20181120,000000,23.94,23.94,23.94,23.94,3025.563909782,0
NTU,D,20181121,000000,23.94,23.94,23.94,23.94,9.022556391,0
NTU,D,20181122,000000,23.4479,23.4479,23.275,23.275,1481.2030075225,0
NTU,D,20181128,000000,22.61,23.275,22.61,23.275,16.5413533835,0
NTU,D,20181129,000000,22.4903,22.4903,21.5393,21.812,16527.8195489135,0
NTU,D,20181203,000000,22.61,22.9425,22.61,22.9425,16.5413533835,0
NTU,D,20181204,000000,21.945,22.9425,21.8585,22.9425,920.300751882,0
NTU,D,20181206,000000,22.2775,22.2775,22.2775,22.2775,30.075187969999998,0
NTU,D,20181217,000000,22.9425,24.0198,22.876,22.876,669.1729323325,0
NTU,D,20181219,000000,22.078,22.078,22.078,22.078,9.022556391,0
NTU,D,20181220,000000,22.078,22.078,22.078,22.078,159.398496241,0
NTU,D,20181221,000000,22.078,22.078,22.078,22.078,88.7218045115,0
NTU,D,20181227,000000,22.078,22.078,22.078,22.078,3.007518797,0
NTU,D,20190104,000000,23.009,23.009,23.009,23.009,63.157894737,0
NTU,D,20190108,000000,23.142,23.142,23.142,23.142,13.5338345865,0
NTU,D,20190111,000000,23.142,23.142,23.142,23.142,16.5413533835,0
NTU,D,20190115,000000,23.142,23.1486,22.7097,22.7097,8751.879699269999,0
NTU,D,20190116,000000,22.0447,23.142,22.0447,23.142,64.6616541355,0
NTU,D,20190117,000000,23.142,23.142,22.6166,22.6166,1201.5037594015,0
NTU,D,20190118,000000,23.3415,23.3415,22.6233,22.6233,10312.781954913,0
NTU,D,20190121,000000,23.3548,23.3548,23.3548,23.3548,16.5413533835,0
NTU,D,20190123,000000,23.408,23.408,23.408,23.408,13.5338345865,0
NTU,D,20190129,000000,23.4412,23.4412,23.4412,23.4412,67.6691729325,0
NTU,D,20190130,000000,23.4412,23.4412,23.4412,23.4412,37.5939849625,0
NTU,D,20190131,000000,23.6075,23.6075,23.6075,23.6075,52.631578947499996,0
NTU,D,20190201,000000,23.6075,23.6075,23.275,23.275,135.338345865,0
NTU,D,20190207,000000,23.6075,23.6075,23.6075,23.6075,1.5037593985,0
NTU,D,20190212,000000,22.8427,22.8427,22.8427,22.8427,1657.1428571469999,0
NTU,D,20190213,000000,22.876,22.876,22.876,22.876,290.2255639105,0
NTU,D,20190219,000000,22.8826,22.8826,22.8826,22.8826,356.3909774445,0
NTU,D,20190221,000000,22.61,22.61,22.61,22.61,506.7669172945,0
NTU,D,20190228,000000,23.6075,23.6075,23.6075,23.6075,15.037593984999999,0
NTU,D,20190301,000000,23.6075,23.6075,23.6075,23.6075,31.5789473685,0
NTU,D,20190311,000000,22.743,22.743,22.743,22.743,195.48872180499998,0
NTU,D,20190314,000000,22.6765,22.743,22.6765,22.743,4529.323308282,0
NTU,D,20190319,000000,23.6075,23.6075,23.6075,23.6075,27.067669173,0
NTU,D,20190320,000000,23.6075,23.6075,23.6075,23.6075,242.10526315849998,0
NTU,D,20190322,000000,23.807,23.807,23.807,23.807,30.075187969999998,0
NTU,D,20190325,000000,23.807,24.6116,23.807,24.6116,82.70676691749999,0
NTU,D,20190328,000000,24.6116,25.5892,24.6116,25.5892,320.3007518805,0
NTU,D,20190329,000000,24.3722,25.137,24.3722,25.137,108.270676692,0
NTU,D,20190401,000000,25.137,26.334,25.137,26.334,870.6766917315,0
NTU,D,20190402,000000,26.6,26.6,26.6,26.6,15.037593984999999,0
NTU,D,20190403,000000,26.068,26.068,26.068,26.068,248.1203007525,0
NTU,D,20190408,000000,25.137,25.935,25.137,25.935,70.67669172949999,0
NTU,D,20190411,000000,24.738,24.738,24.738,24.738,300.7518797,0
NTU,D,20190412,000000,24.871,24.871,24.871,24.871,15.037593984999999,0
NTU,D,20190415,000000,23.275,23.94,23.275,23.94,203.00751879749998,0
NTU,D,20190502,000000,22.743,23.275,22.743,23.275,115.7894736845,0
NTU,D,20190517,000000,22.743,23.275,22.743,23.275,19.5488721805,0
NTU,D,20190520,000000,22.61,22.61,22.61,22.61,27.067669173,0
NTU,D,20190521,000000,22.61,22.61,22.211,22.211,255.639097745,0
NTU,D,20190522,000000,22.078,22.211,22.078,22.078,4661.65413535,0
NTU,D,20190524,000000,22.211,22.211,22.211,22.211,338.3458646625,0
NTU,D,20190529,000000,23.009,23.009,23.009,23.009,15.037593984999999,0
NTU,D,20190530,000000,22.211,22.211,22.211,22.211,75.187969925,0
NTU,D,20190603,000000,21.945,22.078,21.945,22.078,384.962406016,0
NTU,D,20190612,000000,21.147,21.147,21.147,21.147,108.270676692,0
NTU,D,20190627,000000,22.078,22.078,22.078,22.078,19.5488721805,0
NTU,D,20190703,000000,21.147,21.147,21.147,21.147,27.067669173,0
NTU,D,20190704,000000,21.147,21.147,21.014,21.014,178.9473684215,0
NTU,D,20190715,000000,21.014,21.014,21.014,21.014,9.022556391,0
NTU,D,20190722,000000,21.014,21.014,21.014,21.014,187.96992481249998,0
NTU,D,20190726,000000,20.615,20.615,20.615,20.615,45.112781954999996,0
NTU,D,20190730,000000,20.748,20.748,20.748,20.748,1.5037593985,0
NTU,D,20190731,000000,19.019,20.083,19.019,20.083,842.1052631599999,0
NTU,D,20190801,000000,19.285,19.95,19.285,19.95,16.5413533835,0
NTU,D,20190802,000000,19.152,19.152,19.152,19.152,135.338345865,0
NTU,D,20190805,000000,19.152,19.152,19.152,19.152,242.10526315849998,0
NTU,D,20190806,000000,19.285,19.285,19.019,19.019,359.39849624149997,0
NTU,D,20190807,000000,18.62,18.62,18.62,18.62,63.157894737,0
NTU,D,20190821,000000,19.019,19.019,19.019,19.019,39.097744361,0
NTU,D,20190827,000000,19.019,19.019,19.019,19.019,33.082706767,0
NTU,D,20190830,000000,18.62,18.62,18.62,18.62,225.56390977499998,0
NTU,D,20190910,000000,18.088,18.088,18.088,18.088,4.5112781955,0
NTU,D,20190912,000000,18.088,18.088,18.088,18.088,54.135338346,0
NTU,D,20190918,000000,18.221,18.221,18.221,18.221,75.187969925,0
NTU,D,20190925,000000,18.62,18.886,18.62,18.886,1676.6917293274998,0
NTU,D,20190927,000000,18.886,18.886,18.886,18.886,30.075187969999998,0
NTU,D,20191001,000000,18.62,18.62,17.955,17.955,90.22556390999999,0
NTU,D,20191002,000000,18.487,18.487,18.221,18.221,33.082706767,0
NTU,D,20191003,000000,19.019,19.019,18.886,18.886,216.541353384,0
NTU,D,20191009,000000,19.019,19.019,19.019,19.019,395.4887218055,0
NTU,D,20191010,000000,19.019,19.019,18.487,18.487,404.5112781965,0
NTU,D,20191011,000000,18.354,18.487,18.354,18.487,166.9172932335,0
NTU,D,20191014,000000,18.62,18.62,18.62,18.62,571.42857143,0
NTU,D,20191015,000000,18.753,18.753,18.753,18.753,255.639097745,0
NTU,D,20191017,000000,18.753,18.753,18.753,18.753,195.48872180499998,0
NTU,D,20191021,000000,18.753,18.753,18.753,18.753,400.000000001,0
NTU,D,20191105,000000,18.354,18.354,17.955,17.955,221.0526315795,0
NTU,D,20191108,000000,18.088,18.088,18.088,18.088,9.022556391,0
NTU,D,20191114,000000,18.088,18.088,18.088,18.088,9.022556391,0
NTU,D,20191115,000000,18.088,18.088,18.088,18.088,12.030075188,0
NTU,D,20191120,000000,18.088,18.088,18.088,18.088,15.037593984999999,0
NTU,D,20191121,000000,18.088,18.088,15.295,16.093,10296.2406015295,0
NTU,D,20191122,000000,15.295,15.295,13.832,13.832,52369.924812161,0
NTU,D,20191125,000000,13.699,13.699,11.704,11.704,55100.751879837,0
NTU,D,20191126,000000,11.704,12.635,11.438,12.635,425.5639097755,0
NTU,D,20191127,000000,12.635,13.832,12.635,13.832,1031.578947371,0
NTU,D,20191128,000000,14.497,14.497,13.1005,13.1005,270.67669173,0
NTU,D,20191202,000000,13.3,13.3,12.9675,12.9675,300.7518797,0
NTU,D,20191204,000000,13.965,13.965,13.3,13.3,97.74436090249999,0
NTU,D,20191205,000000,13.965,14.63,13.965,14.63,187.96992481249998,0
NTU,D,20191209,000000,14.63,14.63,14.63,14.63,72.180451128,0
NTU,D,20191210,000000,14.63,14.63,13.3,13.3,1657.1428571469999,0
NTU,D,20191211,000000,12.8345,12.8345,12.8345,12.8345,117.29323308299999,0
NTU,D,20191212,000000,13.3,13.3,13.3,13.3,150.37593985,0
NTU,D,20191213,000000,13.034,13.034,12.635,12.635,1052.63157895,0
NTU,D,20191216,000000,12.635,12.635,12.635,12.635,4401.5037594095,0
NTU,D,20191223,000000,11.9035,11.9035,11.9035,11.9035,4.5112781955,0
NTU,D,20191227,000000,11.305,11.9035,11.305,11.9035,766.917293235,0
NTU,D,20191230,000000,11.6375,11.6375,11.6375,11.6375,812.0300751899999,0
NTU,D,20200102,000000,11.438,11.5045,11.438,11.5045,18.045112782,0
NTU,D,20200115,000000,12.103,12.103,12.103,12.103,72.180451128,0
NTU,D,20200122,000000,12.635,12.635,12.635,12.635,30.075187969999998,0
NTU,D,20200124,000000,13.2335,13.3,13.2335,13.3,75.187969925,0
NTU,D,20200206,000000,12.103,12.103,12.103,12.103,78.195488722,0
NTU,D,20200212,000000,13.3,13.965,12.768,12.768,720.3007518815,0
NTU,D,20200214,000000,12.768,12.768,12.768,12.768,390.97744360999997,0
NTU,D,20200217,000000,12.103,12.103,12.103,12.103,150.37593985,0
NTU,D,20200219,000000,12.103,12.103,11.97,11.97,156.390977444,0
NTU,D,20200224,000000,11.97,11.97,11.9035,11.9035,150.37593985,0
NTU,D,20200303,000000,9.3765,9.975,9.3765,9.975,96.240601504,0
NTU,D,20200304,000000,9.975,10.0415,9.975,9.975,180.45112781999998,0
NTU,D,20200306,000000,9.975,9.975,9.975,9.975,75.187969925,0
NTU,D,20200309,000000,8.4455,8.645,8.4455,8.4455,189.473684211,0
NTU,D,20200310,000000,8.645,8.645,7.98,7.98,150.37593985,0
NTU,D,20200409,000000,5.32,5.985,5.32,5.985,390.97744360999997,0
NTU,D,20200414,000000,6.0515,6.9825,5.985,6.9825,3615.037593994,0
NTU,D,20200415,000000,6.9825,7.315,6.9825,7.315,276.691729324,0
NTU,D,20200417,000000,7.182,7.182,7.182,7.182,69.172932331,0
NTU,D,20200421,000000,7.1155,7.1155,7.1155,7.1155,1503.7593984999999,0
NTU,D,20200424,000000,7.1155,7.1155,7.1155,7.1155,75.187969925,0
NTU,D,20200427,000000,7.2485,7.2485,7.182,7.2485,714.2857142875,0
NTU,D,20200430,000000,7.98,7.98,7.049,7.448,2078.195488727,0
NTU,D,20200504,000000,7.98,8.7115,7.98,8.4455,2790.977443616,0
NTU,D,20200505,000000,8.246,8.246,8.1795,8.1795,46.6165413535,0
NTU,D,20200507,000000,6.1845,6.1845,6.1845,6.1845,366.917293234,0
NTU,D,20200508,000000,6.3175,6.3175,6.118,6.118,526.315789475,0
NTU,D,20200513,000000,6.65,6.65,6.65,6.65,449.6240601515,0
NTU,D,20200514,000000,6.35075,6.35075,6.35075,6.35075,36.090225564,0
NTU,D,20200520,000000,6.9825,6.9825,6.9825,6.9825,37.5939849625,0
NTU,D,20200521,000000,6.9825,6.9825,6.9825,6.9825,15.037593984999999,0
NTU,D,20200525,000000,6.9825,7.315,6.9825,7.315,248.1203007525,0
NTU,D,20200526,000000,7.581,8.3125,7.581,7.9135,1676.6917293274998,0
NTU,D,20200527,000000,7.315,8.0465,7.315,7.98,1157.894736845,0
NTU,D,20200528,000000,8.4455,8.4455,7.3815,7.6475,1293.23308271,0
NTU,D,20200529,000000,7.315,7.315,7.315,7.315,458.6466165425,0
NTU,D,20200601,000000,8.5785,8.5785,7.315,7.315,1045.1127819575,0
NTU,D,20200602,000000,7.315,7.315,5.95175,6.4505,53347.368421186,0
NTU,D,20200603,000000,6.783,7.182,6.783,7.1155,23526.3157895325,0
NTU,D,20200604,000000,7.182,7.581,7.182,7.448,8978.9473684435,0
NTU,D,20200605,000000,7.182,7.847,7.182,7.581,5031.578947381,0
NTU,D,20200608,000000,7.98,8.3125,7.315,7.9135,10795.4887218315,0
NTU,D,20200609,000000,7.9135,7.9135,7.182,7.581,6299.2481203165,0
NTU,D,20200610,000000,7.5145,7.5145,7.1155,7.448,5141.3533834715,0
NTU,D,20200612,000000,6.9825,7.315,6.8495,6.916,4215.0375939955,0
NTU,D,20200615,000000,7.448,7.448,6.916,6.916,4039.097744371,0
NTU,D,20200616,000000,6.7165,6.7165,6.7165,6.7165,151.8796992485,0
NTU,D,20200617,000000,7.2485,7.2485,6.783,6.783,496.240601505,0
NTU,D,20200618,000000,6.783,7.182,6.783,7.182,443.6090225575,0
NTU,D,20200619,000000,7.1155,7.315,6.9825,6.9825,636.0902255655,0
NTU,D,20200622,000000,7.448,7.448,7.049,7.049,2415.037593991,0
NTU,D,20200623,000000,7.049,7.1155,6.7165,7.1155,1145.864661657,0
NTU,D,20200624,000000,6.9825,6.9825,6.783,6.8495,613.533834588,0
NTU,D,20200625,000000,6.8495,6.8495,6.65,6.65,416.5413533845,0
NTU,D,20200626,000000,6.65,6.65,6.517,6.517,6909.7744361075,0
NTU,D,20200630,000000,6.55025,6.55025,6.55025,6.55025,300.7518797,0
NTU,D,20200701,000000,6.517,6.517,6.517,6.517,4482.7067669285,0
NTU,D,20200702,000000,6.517,6.517,6.517,6.517,18.045112782,0
NTU,D,20200703,000000,6.65,7.2485,6.65,7.182,2906.7669173004997,0
NTU,D,20200708,000000,6.65,6.65,6.41725,6.41725,240.60150375999999,0
NTU,D,20200709,000000,6.48375,6.7165,6.48375,6.7165,252.631578948,0
NTU,D,20200710,000000,6.4505,6.65,6.41725,6.4505,881.203007521,0
NTU,D,20200713,000000,6.7165,6.7165,6.41725,6.41725,178.9473684215,0
NTU,D,20200714,000000,6.48375,6.48375,6.48375,6.48375,571.42857143,0
NTU,D,20200715,000000,6.41725,6.4505,5.985,5.985,3201.5037594064997,0
NTU,D,20200716,000000,6.15125,6.15125,6.118,6.15125,533.8345864675,0
NTU,D,20200717,000000,6.15125,6.15125,6.15125,6.15125,15.037593984999999,0
NTU,D,20200720,000000,6.15125,6.15125,6.15125,6.15125,153.383458647,0
NTU,D,20200721,000000,6.0515,6.0515,5.6525,5.719,855.6390977464999,0
NTU,D,20200722,000000,5.985,6.15125,5.6525,5.6525,891.7293233104999,0
NTU,D,20200723,000000,6.15125,6.4505,6.15125,6.384,627.0676691745,0
NTU,D,20200727,000000,6.3175,6.3175,6.3175,6.3175,451.12781954999997,0
NTU,D,20200728,000000,6.3175,6.3175,6.3175,6.3175,751.8796992499999,0
NTU,D,20200730,000000,5.68575,5.68575,5.68575,5.68575,172.93233082749998,0
NTU,D,20200731,000000,5.68575,5.68575,5.68575,5.68575,52.631578947499996,0
NTU,D,20200803,000000,5.68575,5.68575,5.68575,5.68575,219.548872181,0
NTU,D,20200804,000000,5.68575,5.68575,5.32,5.3865,753.3834586485,0
NTU,D,20200807,000000,5.28675,5.5195,5.28675,5.5195,121.8045112785,0
NTU,D,20200811,000000,5.32,5.32,5.28675,5.28675,300.7518797,0
NTU,D,20200813,000000,5.22025,5.22025,5.22025,5.22025,156.390977444,0
NTU,D,20200814,000000,5.2535,5.2535,5.22025,5.22025,239.0977443615,0
NTU,D,20200817,000000,5.22025,5.22025,5.22025,5.22025,61.6541353385,0
NTU,D,20200818,000000,5.187,5.22025,5.187,5.22025,371.4285714295,0
NTU,D,20200819,000000,5.2535,5.2535,5.2535,5.2535,240.60150375999999,0
NTU,D,20200820,000000,5.68575,5.68575,5.68575,5.68575,48.120300752,0
NTU,D,20200821,000000,5.68575,5.68575,5.22025,5.22025,598.4962406029999,0
NTU,D,20200824,000000,5.187,5.187,5.187,5.187,1.5037593985,0
NTU,D,20200826,000000,5.187,5.187,5.187,5.187,333.834586467,0
NTU,D,20200827,000000,5.32,5.81875,5.32,5.81875,1487.2180451165,0
NTU,D,20200828,000000,5.985,5.985,5.985,5.985,33.082706767,0
NTU,D,20200831,000000,5.35325,5.48625,5.35325,5.48625,91.7293233085,0
NTU,D,20200901,000000,5.6525,5.6525,5.6525,5.6525,123.308270677,0
NTU,D,20200902,000000,5.985,5.985,5.985,5.985,121.8045112785,0
NTU,D,20200903,000000,6.3175,6.3175,6.118,6.118,151.8796992485,0
NTU,D,20200904,000000,5.985,5.985,5.985,5.985,150.37593985,0
NTU,D,20200908,000000,5.985,5.985,5.985,5.985,353.3834586475,0
NTU,D,20200914,000000,5.985,5.985,5.985,5.985,12.030075188,0
NTU,D,20200915,000000,5.985,5.985,5.985,5.985,16.5413533835,0
NTU,D,20200916,000000,5.48625,5.48625,5.48625,5.48625,40.6015037595,0
NTU,D,20200918,000000,5.985,5.985,5.985,5.985,1.5037593985,0
NTU,D,20200924,000000,5.1205,5.61925,5.1205,5.61925,227.06766917349998,0
NTU,D,20200928,000000,5.1205,5.1205,5.1205,5.1205,789.4736842125,0
NTU,D,20200929,000000,5.054,5.187,5.054,5.054,380.4511278205,0
NTU,D,20200930,000000,5.187,5.6525,5.187,5.6525,87.218045113,0
NTU,D,20201001,000000,5.6525,5.6525,5.6525,5.6525,30.075187969999998,0
NTU,D,20201005,000000,6.1845,6.1845,6.118,6.1845,150.37593985,0
NTU,D,20201006,000000,5.6525,5.6525,5.1205,5.6525,699.2481203025,0
NTU,D,20201007,000000,5.2535,5.719,5.1205,5.719,93.233082707,0
NTU,D,20201013,000000,5.1205,5.1205,5.08725,5.08725,729.3233082725,0
NTU,D,20201014,000000,5.32,5.32,5.32,5.32,43.6090225565,0
NTU,D,20201015,000000,5.32,5.6525,5.32,5.6525,1193.984962409,0
NTU,D,20201016,000000,5.6525,5.6525,5.6525,5.6525,1968.4210526365,0
NTU,D,20201021,000000,5.08725,5.08725,5.08725,5.08725,3.007518797,0
NTU,D,20201022,000000,5.08725,5.08725,5.08725,5.08725,413.5338345875,0
NTU,D,20201023,000000,5.08725,5.08725,5.08725,5.08725,545.8646616555,0
NTU,D,20201029,000000,5.054,5.054,4.921,4.921,469.17293233199996,0
NTU,D,20201030,000000,4.655,4.788,4.655,4.788,3824.0601503855,0
NTU,D,20201104,000000,5.15375,5.6525,5.15375,5.6525,78.195488722,0
NTU,D,20201109,000000,5.586,5.985,5.586,5.81875,2390.977443615,0
NTU,D,20201110,000000,6.118,6.8495,5.985,6.55025,3233.0827067749997,0
NTU,D,20201112,000000,6.55025,6.55025,6.0515,6.3175,1615.037593989,0
NTU,D,20201113,000000,6.517,6.517,6.118,6.517,1536.8421052669999,0
NTU,D,20201117,000000,6.55025,6.5835,6.517,6.5835,1290.2255639129999,0
NTU,D,20201118,000000,6.783,6.783,6.384,6.783,1213.5338345895,0
NTU,D,20201119,000000,6.783,7.315,6.65,7.2485,3914.2857142955,0
NTU,D,20201123,000000,7.1155,7.1155,7.1155,7.1155,13.5338345865,0
NTU,D,20201124,000000,7.1155,7.1155,6.4505,6.4505,439.097744362,0
NTU,D,20201125,000000,6.916,6.916,6.517,6.517,1460.1503759435,0
NTU,D,20201126,000000,7.1155,7.1155,6.65,7.049,646.616541355,0
NTU,D,20201127,000000,7.049,7.049,6.9825,7.049,3144.3609022635,0
NTU,D,20201130,000000,7.182,7.3815,7.049,7.2485,661.6541353399999,0
NTU,D,20201202,000000,6.65,7.182,6.65,7.182,255.639097745,0
NTU,D,20201203,000000,7.182,7.448,7.1155,7.448,2511.278195495,0
NTU,D,20201204,000000,7.448,8.113,7.448,8.113,3360.9022556474997,0
NTU,D,20201207,000000,7.98,9.1105,7.98,9.1105,3365.413533843,0
NTU,D,20201208,000000,9.1105,9.9085,9.044,9.9085,2248.1203007575,0
NTU,D,20201209,000000,9.9085,9.975,8.5785,9.1105,8073.684210546499,0
NTU,D,20201210,000000,8.246,9.576,8.113,9.576,266.1654135345,0
NTU,D,20201211,000000,9.576,9.576,8.1795,8.246,1867.669172937,0
NTU,D,20201214,000000,8.246,8.246,7.847,8.246,595.488721806,0
NTU,D,20201215,000000,8.9775,8.9775,8.3125,8.3125,151.8796992485,0
NTU,D,20201216,000000,8.246,8.246,8.246,8.246,1.5037593985,0
NTU,D,20201217,000000,7.448,8.1795,7.448,8.1795,542.8571428585,0
NTU,D,20201218,000000,8.5785,8.5785,7.6475,8.512,2920.300751887,0
NTU,D,20201221,000000,7.847,7.847,7.847,7.847,300.7518797,0
NTU,D,20201222,000000,8.5785,8.5785,8.5785,8.5785,451.12781954999997,0
NTU,D,20201228,000000,8.5785,8.5785,8.5785,8.5785,117.29323308299999,0
NTU,D,20201230,000000,8.246,8.246,8.246,8.246,200.0000000005,0
NTU,D,20210104,000000,8.246,8.246,8.246,8.246,451.12781954999997,0
NTU,D,20210105,000000,8.3125,8.512,7.98,7.98,1096.2406015065,0
NTU,D,20210108,000000,7.98,8.246,7.98,7.98,1796.9924812074998,0
NTU,D,20210112,000000,7.847,7.847,7.847,7.847,151.8796992485,0
NTU,D,20210118,000000,7.98,7.98,7.98,7.98,15.037593984999999,0
NTU,D,20210119,000000,8.645,9.2435,8.645,9.2435,557.8947368435,0
NTU,D,20210120,000000,9.2435,9.2435,9.2435,9.2435,22.556390977499998,0
NTU,D,20210121,000000,9.31,9.31,8.645,8.645,473.6842105275,0
NTU,D,20210122,000000,8.778,9.5095,8.778,8.9775,245.1127819555,0
NTU,D,20210125,000000,8.9775,8.9775,8.778,8.778,603.0075187985,0
NTU,D,20210126,000000,8.778,9.443,8.778,8.778,43.6090225565,0
NTU,D,20210201,000000,8.645,8.645,8.645,8.645,511.27819549,0
NTU,D,20210202,000000,8.645,8.9775,8.645,8.9775,249.62406015099998,0
NTU,D,20210204,000000,8.3125,8.911,8.3125,8.911,424.060150377,0
NTU,D,20210205,000000,8.645,8.645,8.645,8.645,37.5939849625,0
NTU,D,20210208,000000,7.98,8.379,7.98,8.379,150.37593985,0
NTU,D,20210209,000000,8.379,8.911,8.379,8.8445,485.7142857155,0
NTU,D,20210210,000000,8.8445,8.8445,8.645,8.645,200.0000000005,0
NTU,D,20210211,000000,8.512,8.5785,8.512,8.5785,688.7218045129999,0
NTU,D,20210212,000000,8.7115,8.7115,8.7115,8.7115,151.8796992485,0
NTU,D,20210215,000000,8.7115,8.7115,8.7115,8.7115,117.29323308299999,0
NTU,D,20210216,000000,8.7115,9.31,8.7115,9.31,5076.691729336,0
NTU,D,20210217,000000,9.31,9.975,9.31,9.842,5022.55639099,0
NTU,D,20210218,000000,8.8445,9.709,8.8445,9.709,66.165413534,0
NTU,D,20210224,000000,9.6425,9.6425,8.7115,8.9775,995.4887218069999,0
NTU,D,20210225,000000,8.778,9.6425,8.778,9.6425,112.78195488749999,0
NTU,D,20210302,000000,9.576,9.576,9.576,9.576,27.067669173,0
NTU,D,20210305,000000,9.975,9.975,9.6425,9.975,655.639097746,0
NTU,D,20210308,000000,9.709,9.842,9.709,9.842,75.187969925,0
NTU,D,20210309,000000,9.842,9.842,9.842,9.842,159.398496241,0
NTU,D,20210310,000000,10.507,10.507,9.975,10.0415,1651.1278195529999,0
NTU,D,20210311,000000,9.975,9.975,9.709,9.975,1177.4436090254999,0
NTU,D,20210312,000000,9.975,10.4405,9.975,10.4405,2115.7894736895,0
NTU,D,20210315,000000,10.507,10.773,10.507,10.7065,796.992481205,0
NTU,D,20210316,000000,11.2385,11.305,10.7065,11.2385,1681.203007523,0
NTU,D,20210317,000000,11.039,11.305,10.773,10.773,3975.939849634,0
NTU,D,20210318,000000,10.4405,10.9725,10.4405,10.9725,1318.7969924845,0
NTU,D,20210322,000000,10.9725,10.9725,10.9725,10.9725,150.37593985,0
NTU,D,20210323,000000,10.0415,10.0415,10.0415,10.0415,13.5338345865,0
NTU,D,20210324,000000,10.1745,10.9725,10.1745,10.9725,16.5413533835,0
NTU,D,20210325,000000,10.1745,10.8395,10.1745,10.8395,121.8045112785,0
NTU,D,20210401,000000,10.773,11.438,10.773,11.438,1049.624060153,0
NTU,D,20210406,000000,11.5045,11.97,10.64,11.97,4643.609022568,0
NTU,D,20210407,000000,12.5685,12.5685,11.3715,12.502,1639.097744365,0
NTU,D,20210408,000000,12.635,13.3,12.4355,13.3,3926.3157894835,0
NTU,D,20210409,000000,13.3,14.497,12.635,14.231,3807.5187970019997,0
NTU,D,20210412,000000,14.231,15.162,13.034,13.965,2010.5263157944999,0
NTU,D,20210413,000000,15.162,15.162,14.497,14.497,393.984962407,0
NTU,D,20210414,000000,13.034,13.1005,13.034,13.1005,195.48872180499998,0
NTU,D,20210415,000000,13.3,13.3,12.9675,12.9675,463.157894738,0
NTU,D,20210420,000000,14.231,14.231,14.231,14.231,261.654135339,0
NTU,D,20210422,000000,14.098,14.098,14.098,14.098,69.172932331,0
NTU,D,20210427,000000,14.098,14.098,14.098,14.098,7.5187969924999996,0
NTU,D,20210429,000000,14.098,14.098,13.965,13.965,218.04511278249998,0
NTU,D,20210430,000000,14.098,14.098,14.098,14.098,18.045112782,0
NTU,D,20210504,000000,14.098,14.098,14.098,14.098,91.7293233085,0
NTU,D,20210505,000000,14.098,14.231,13.3,14.231,1284.2105263189999,0
NTU,D,20210507,000000,14.231,14.231,14.231,14.231,6.015037594,0
NTU,D,20210512,000000,12.8345,12.8345,12.7015,12.7015,108.270676692,0
NTU,D,20210513,000000,12.7015,13.2335,12.7015,13.2335,204.511278196,0
NTU,D,20210514,000000,13.433,13.433,13.433,13.433,451.12781954999997,0
NTU,D,20210517,000000,12.369,13.699,12.369,13.699,1960.902255644,0
NTU,D,20210518,000000,13.3,13.965,13.3,13.699,413.5338345875,0
NTU,D,20210519,000000,12.635,12.635,12.635,12.635,21.052631579,0
NTU,D,20210520,000000,13.832,13.832,13.832,13.832,16.5413533835,0
NTU,D,20210521,000000,14.231,14.231,14.098,14.098,1840.601503764,0
NTU,D,20210524,000000,14.231,14.231,14.231,14.231,108.270676692,0
NTU,D,20210526,000000,14.231,14.231,14.231,14.231,46.6165413535,0
NTU,D,20210527,000000,14.231,14.231,14.231,14.231,1.5037593985,0
NTU,D,20210528,000000,13.566,14.231,13.566,14.231,911.278195491,0
NTU,D,20210531,000000,13.566,14.63,13.566,14.63,1088.721804514,0
NTU,D,20210601,000000,14.63,15.162,14.63,15.162,120.30075187999999,0
NTU,D,20210602,000000,13.965,13.965,13.965,13.965,54.135338346,0
NTU,D,20210604,000000,14.896,15.029,14.896,15.029,112.78195488749999,0
NTU,D,20210607,000000,15.162,15.295,15.162,15.295,138.345864662,0
NTU,D,20210608,000000,15.029,15.029,15.029,15.029,151.8796992485,0
NTU,D,20210609,000000,16.492,16.492,15.96,15.96,977.443609025,0
NTU,D,20210610,000000,16.226,16.226,15.295,15.295,314.28571428649997,0
NTU,D,20210611,000000,16.226,16.226,16.226,16.226,1.5037593985,0
NTU,D,20210614,000000,16.492,16.625,16.359,16.625,64.6616541355,0
NTU,D,20210615,000000,16.625,16.625,16.625,16.625,13.5338345865,0
NTU,D,20210616,000000,14.231,15.561,14.098,14.098,902.2556390999999,0
NTU,D,20210617,000000,14.364,16.492,14.231,16.492,404.5112781965,0
NTU,D,20210618,000000,16.492,16.492,16.492,16.492,22.556390977499998,0
NTU,D,20210621,000000,15.561,15.561,15.561,15.561,1.5037593985,0
NTU,D,20210622,000000,15.162,15.162,15.162,15.162,75.187969925,0
NTU,D,20210623,000000,14.63,15.561,14.098,15.561,321.804511279,0
NTU,D,20210628,000000,15.162,15.162,15.162,15.162,6.015037594,0
NTU,D,20210629,000000,15.162,15.162,13.965,13.965,466.16541353499997,0
NTU,D,20210630,000000,13.965,13.965,13.433,13.433,263.1578947375,0
NTU,D,20210701,000000,13.433,13.433,13.433,13.433,15.037593984999999,0
NTU,D,20210702,000000,12.635,12.768,12.635,12.768,410.5263157905,0
NTU,D,20210705,000000,12.635,12.9675,12.635,12.635,1359.398496244,0
NTU,D,20210712,000000,11.704,12.5685,11.704,12.5685,1386.466165417,0
NTU,D,20210713,000000,12.635,12.635,11.571,11.9035,781.9548872199999,0
NTU,D,20210714,000000,11.6375,11.97,11.6375,11.6375,1392.481203011,0
NTU,D,20210721,000000,10.507,11.305,10.507,11.305,403.007518798,0
NTU,D,20210722,000000,11.438,11.438,11.438,11.438,82.70676691749999,0
NTU,D,20210726,000000,10.5735,10.5735,10.5735,10.5735,219.548872181,0
NTU,D,20210727,000000,10.507,10.507,10.4405,10.4405,637.593984964,0
NTU,D,20210728,000000,10.4405,10.507,10.4405,10.4405,240.60150375999999,0
NTU,D,20210729,000000,10.507,11.172,10.507,11.172,288.721804512,0
NTU,D,20210802,000000,10.507,10.507,10.507,10.507,69.172932331,0
NTU,D,20210803,000000,10.507,10.507,10.507,10.507,90.22556390999999,0
NTU,D,20210810,000000,12.4355,12.4355,12.4355,12.4355,351.879699249,0
NTU,D,20210816,000000,12.369,12.5685,12.369,12.5685,240.60150375999999,0
NTU,D,20210819,000000,12.502,12.502,12.502,12.502,78.195488722,0
NTU,D,20210823,000000,10.9725,11.305,10.9725,11.305,3.007518797,0
NTU,D,20210824,000000,12.369,12.369,12.369,12.369,76.6917293235,0
NTU,D,20210831,000000,11.305,11.97,11.2385,11.2385,348.872180452,0
NTU,D,20210901,000000,10.9725,11.6375,10.9725,11.6375,129.323308271,0
NTU,D,20210902,000000,11.039,11.039,11.039,11.039,300.7518797,0
NTU,D,20210903,000000,11.97,11.97,11.6375,11.6375,61.6541353385,0
NTU,D,20210909,000000,11.039,11.97,11.039,11.97,210.52631578999998,0
NTU,D,20210910,000000,11.039,12.369,11.039,12.369,117.29323308299999,0
NTU,D,20210915,000000,12.1695,12.1695,11.305,11.3715,300.7518797,0
NTU,D,20210916,000000,12.1695,12.1695,11.837,11.837,218.04511278249998,0
NTU,D,20210917,000000,11.3715,11.97,11.3715,11.97,218.04511278249998,0
NTU,D,20210921,000000,11.9035,11.97,11.9035,11.97,291.729323309,0
NTU,D,20210928,000000,11.3715,11.3715,11.3715,11.3715,79.6992481205,0
NTU,D,20211005,000000,10.906,10.906,9.7755,9.7755,100.7518796995,0
NTU,D,20211007,000000,9.842,9.842,9.842,9.842,1.5037593985,0
NTU,D,20211008,000000,9.842,9.842,9.842,9.842,88.7218045115,0
NTU,D,20211011,000000,10.64,10.64,10.64,10.64,1.5037593985,0
NTU,D,20211012,000000,10.5735,11.3715,10.5735,11.3715,625.563909776,0
NTU,D,20211013,000000,10.8395,12.502,10.8395,12.1695,195.48872180499998,0
NTU,D,20211014,000000,12.5685,12.5685,12.5685,12.5685,1.5037593985,0
NTU,D,20211018,000000,11.97,11.97,11.97,11.97,15.037593984999999,0
NTU,D,20211021,000000,12.369,12.369,12.369,12.369,1.5037593985,0
NTU,D,20211027,000000,12.369,12.502,12.369,12.502,200.0000000005,0
NTU,D,20211104,000000,11.2385,11.2385,11.2385,11.2385,43.6090225565,0
NTU,D,20211105,000000,11.2385,11.2385,10.1745,10.507,1368.421052635,0
NTU,D,20211108,000000,11.2385,11.2385,11.2385,11.2385,87.218045113,0
NTU,D,20211116,000000,10.4405,10.4405,10.4405,10.4405,6.015037594,0
NTU,D,20211117,000000,10.773,11.571,10.773,11.571,413.5338345875,0
NTU,D,20211118,000000,12.7015,12.7015,12.7015,12.7015,1.5037593985,0
NTU,D,20211119,000000,13.1005,13.1005,13.1005,13.1005,1.5037593985,0
NTU,D,20211122,000000,12.0365,12.9675,12.0365,12.9675,58.646616541499995,0
NTU,D,20211124,000000,12.8345,12.8345,11.97,11.97,409.022556392,0
NTU,D,20211126,000000,12.0365,12.0365,11.97,11.97,685.714285716,0
NTU,D,20211129,000000,11.5045,11.5045,11.5045,11.5045,13.5338345865,0
NTU,D,20211130,000000,12.635,12.635,12.635,12.635,1.5037593985,0
NTU,D,20211228,000000,10.3075,10.3075,10.3075,10.3075,49.6240601505,0
NTU,D,20211230,000000,12.103,12.103,12.103,12.103,1.5037593985,0
NTU,D,20220103,000000,12.103,12.103,12.103,12.103,6.015037594,0
NTU,D,20220104,000000,12.103,12.103,12.103,12.103,63.157894737,0
NTU,D,20220114,000000,12.103,12.1695,12.103,12.1695,586.466165415,0
NTU,D,20220117,000000,12.369,12.369,12.369,12.369,25.5639097745,0
NTU,D,20220124,000000,12.103,12.3025,12.103,12.3025,150.37593985,0
NTU,D,20220201,000000,12.1695,12.3025,10.4405,10.4405,145.8646616545,0
NTU,D,20220202,000000,12.3025,12.3025,12.3025,12.3025,64.6616541355,0
NTU,D,20220208,000000,12.103,12.103,12.103,12.103,16.5413533835,0
NTU,D,20220214,000000,10.5735,11.305,10.241,11.305,1266.165413537,0
NTU,D,20220221,000000,10.374,10.374,10.374,10.374,556.390977445,0
NTU,D,20220224,000000,10.241,10.241,9.9085,9.9085,1126.3157894765,0
NTU,D,20220301,000000,10.773,10.773,10.773,10.773,1.5037593985,0
NTU,D,20220303,000000,9.842,9.842,9.842,9.842,1174.4360902285,0
NTU,D,20220304,000000,8.8445,8.911,8.8445,8.911,551.8796992494999,0
NTU,D,20220307,000000,8.778,8.8445,8.778,8.8445,165.41353383499998,0
NTU,D,20220308,000000,8.8445,8.8445,8.778,8.778,454.13533834699996,0
NTU,D,20220309,000000,8.778,9.6425,7.98,9.6425,151.8796992485,0
NTU,D,20220317,000000,9.576,9.6425,9.576,9.6425,105.26315789499999,0
NTU,D,20220318,000000,9.6425,9.7755,9.6425,9.7755,607.518796994,0
NTU,D,20220321,000000,10.7065,11.1055,10.7065,11.1055,3.007518797,0
NTU,D,20220322,000000,10.9725,11.571,10.9725,11.571,2276.691729329,0
NTU,D,20220330,000000,11.571,12.369,11.571,12.369,1318.7969924845,0
NTU,D,20220401,000000,11.97,12.502,11.97,12.502,2228.571428577,0
NTU,D,20220428,000000,9.31,9.31,9.31,9.31,16.5413533835,0
NTU,D,20220429,000000,10.241,11.2651,10.241,11.2651,3.007518797,0
NTU,D,20220502,000000,11.2651,11.2651,11.2651,11.2651,3.007518797,0
NTU,D,20220505,000000,9.443,10.374,9.443,10.374,3009.0225563985,0
NTU,D,20220510,000000,9.44433,10.374,9.44433,10.374,452.63157894849996,0
NTU,D,20220511,000000,10.374,10.9645,10.374,10.9645,10.5263157895,0
NTU,D,20220513,000000,11.3037,11.97,11.3037,11.571,2154.8872180505,0
NTU,D,20220523,000000,11.97,11.97,11.97,11.97,1.5037593985,0
NTU,D,20220601,000000,13.1657,13.1657,13.1657,13.1657,1.5037593985,0
NTU,D,20220602,000000,12.5672,12.5672,12.5672,12.5672,1.5037593985,0
NTU,D,20220617,000000,11.962,11.962,11.962,11.962,1.5037593985,0
NTU,D,20220629,000000,9.975,9.975,9.975,9.975,114.285714286,0
NTU,D,20220630,000000,9.9085,9.9085,9.9085,9.9085,1.5037593985,0
NTU,D,20220704,000000,9.14375,9.14375,8.9775,8.9775,103.7593984965,0
NTU,D,20220705,000000,8.645,8.645,8.645,8.645,300.7518797,0
NTU,D,20220713,000000,7.98,7.98,7.98,7.98,25.5639097745,0
NTU,D,20220715,000000,8.11433,8.11433,8.11433,8.11433,3.007518797,0
NTU,D,20220722,000000,8.911,8.911,8.911,8.911,1.5037593985,0
NTU,D,20220727,000000,9.8021,9.9085,9.8021,9.9085,3.007518797,0
NTU,D,20220803,000000,8.11832,8.11832,8.11832,8.11832,165.41353383499998,0
NTU,D,20220804,000000,8.9243,8.9243,8.9243,8.9243,1.5037593985,0
NTU,D,20220824,000000,9.77417,9.77417,9.77417,9.77417,1.5037593985,0
NTU,D,20221006,000000,9.4297,9.4297,9.4297,9.4297,1.5037593985,0
NTU,D,20221103,000000,8.512,9.30867,8.512,9.30867,139.8496240605,0
NTU,D,20221107,000000,9.75156,9.75156,9.75156,9.75156,1.5037593985,0
NTU,D,20221109,000000,9.75023,9.75023,9.75023,9.75023,70.67669172949999,0
NTU,D,20221116,000000,8.778,9.7489,8.778,9.7489,230.0751879705,0
NTU,D,20221125,000000,8.78465,8.78465,8.78465,8.78465,3.007518797,0
NTU,D,20221129,000000,8.78598,8.78598,8.778,8.778,1001.503759401,0
NTU,D,20221206,000000,9.6558,9.6558,9.6558,9.6558,1.5037593985,0
NTU,D,20221219,000000,9.42837,9.42837,9.42837,9.42837,105.26315789499999,0
NTU,D,20221228,000000,7.9135,8.70485,7.9135,7.9135,395.4887218055,0
NTU,D,20221229,000000,8.645,9.22754,8.645,9.22754,3.007518797,0
NTU,D,20221230,000000,9.177,9.177,9.177,9.177,13.5338345865,0
NTU,D,20230102,000000,9.30734,9.30734,9.30734,9.30734,82.70676691749999,0
NTU,D,20230103,000000,9.66112,9.66112,9.66112,9.66112,115.7894736845,0
NTU,D,20230104,000000,9.66245,9.66245,9.66245,9.66245,3.007518797,0
NTU,D,20230116,000000,9.66245,9.66245,9.66245,9.66245,144.360902256,0
NTU,D,20230120,000000,9.66245,9.66245,9.66245,9.66245,1.5037593985,0
NTU,D,20230123,000000,10.628,10.628,10.628,10.628,1.5037593985,0
NTU,D,20230124,000000,10.6333,11.438,10.6333,11.438,156.390977444,0
NTU,D,20230125,000000,11.97,11.97,11.97,11.97,24.060150376,0
NTU,D,20230126,000000,11.97,11.97,11.97,11.97,1.5037593985,0
NTU,D,20230206,000000,9.2435,11.97,9.2435,11.97,160.9022556395,0
NTU,D,20230208,000000,10.7717,11.8476,10.7717,11.8476,139.8496240605,0
NTU,D,20230214,000000,11.305,12.0365,11.305,12.0365,1806.0150375985,0
NTU,D,20230215,000000,12.0365,12.1695,12.0365,12.0365,470.6766917305,0
NTU,D,20230223,000000,10.9725,12.1682,10.9725,12.1682,108.270676692,0
NTU,D,20230307,000000,12.1628,12.1628,12.1628,12.1628,121.8045112785,0
NTU,D,20230313,000000,9.97633,12.0365,9.97633,12.0365,285.714285715,0
NTU,D,20230403,000000,11.4912,11.4912,11.4912,11.4912,4.5112781955,0
NTU,D,20230411,000000,10.0654,11.0669,10.0654,10.9645,374.43609022649997,0
NTU,D,20230412,000000,10.0654,10.0654,10.0654,10.0654,177.443609023,0
NTU,D,20230413,000000,10.6333,10.6333,10.6333,10.6333,7.5187969924999996,0
NTU,D,20230418,000000,10.0654,10.6333,10.0229,10.0229,389.4736842115,0
NTU,D,20230419,000000,10.507,10.507,10.507,10.507,1.5037593985,0
NTU,D,20230505,000000,10.507,10.507,10.507,10.507,15.037593984999999,0
NTU,D,20230515,000000,10.4737,10.4737,10.4737,10.4737,31.5789473685,0
NTU,D,20230517,000000,9.80875,10.507,9.80875,10.4405,163.9097744365,0
NTU,D,20230522,000000,10.4405,10.4405,10.374,10.374,601.5037594,0
NTU,D,20230530,000000,10.507,11.2717,10.2742,11.2717,509.7744360915,0
NTU,D,20230605,000000,11.3715,12.635,11.3715,12.635,1425.563909778,0
NTU,D,20230609,000000,12.635,13.6325,12.635,13.6325,807.5187969945,0
NTU,D,20230612,000000,13.8985,13.965,13.8985,13.965,825.5639097764999,0
NTU,D,20230613,000000,13.965,13.965,13.965,13.965,148.8721804515,0
NTU,D,20230614,000000,15.3615,15.96,15.3615,15.827,1642.105263162,0
NTU,D,20230615,000000,15.694,15.7605,15.694,15.7605,759.3984962425,0
NTU,D,20230616,000000,13.2335,13.3,13.2335,13.3,451.12781954999997,0
NTU,D,20230619,000000,13.3665,13.566,12.8345,13.566,58.646616541499995,0
NTU,D,20230621,000000,12.6017,13.4995,11.5377,13.4995,2293.2330827124997,0
NTU,D,20230626,000000,12.9342,12.9342,11.6042,11.6042,1010.526315792,0
NTU,D,20230627,000000,12.4022,12.4022,12.1695,12.1695,16.5413533835,0
NTU,D,20230628,000000,11.6042,11.6042,11.2385,11.2385,387.969924813,0
NTU,D,20230629,000000,11.2385,11.97,11.2385,11.97,136.8421052635,0
NTU,D,20230630,000000,11.97,12.635,11.97,12.635,393.984962407,0
NTU,D,20230703,000000,11.3715,11.3715,11.305,11.305,189.473684211,0
NTU,D,20230705,000000,11.438,11.438,11.438,11.438,150.37593985,0
NTU,D,20230706,000000,11.438,11.438,11.438,11.438,97.74436090249999,0
NTU,D,20230714,000000,11.2385,12.3357,11.2385,12.3357,18.045112782,0
NTU,D,20230717,000000,11.6375,11.6375,11.438,11.438,70.67669172949999,0
NTU,D,20230718,000000,11.5045,11.5045,11.5045,11.5045,332.3308270685,0
NTU,D,20230719,000000,11.5045,11.5045,11.5045,11.5045,60.150375939999996,0
NTU,D,20230720,000000,11.5045,12.103,11.5045,12.103,148.8721804515,0
NTU,D,20230726,000000,11.9035,12.369,11.9035,12.369,470.6766917305,0
NTU,D,20230727,000000,13.0007,13.0007,11.4047,12.0697,461.6541353395,0
NTU,D,20230802,000000,12.0032,12.0032,12.0032,12.0032,150.37593985,0
NTU,D,20230803,000000,11.305,12.103,11.2385,11.2385,181.9548872185,0
NTU,D,20230807,000000,11.6375,11.9035,11.6375,11.9035,327.819548873,0
NTU,D,20230808,000000,11.9035,11.9035,11.305,11.305,172.93233082749998,0
NTU,D,20230810,000000,11.6375,11.6375,11.6375,11.6375,162.406015038,0
NTU,D,20230811,000000,12.0697,12.0697,12.0697,12.0697,33.082706767,0
NTU,D,20230814,000000,12.0697,12.1695,12.0697,12.1695,75.187969925,0
NTU,D,20230824,000000,12.0365,12.0365,12.0365,12.0365,22.556390977499998,0
NTU,D,20230829,000000,11.2717,12.3025,11.2717,12.3025,147.368421053,0
NTU,D,20230830,000000,12.3025,12.3025,12.3025,12.3025,1.5037593985,0
NTU,D,20230901,000000,12.3025,12.3025,12.1362,12.1362,848.120300754,0
NTU,D,20230904,000000,12.1362,12.3025,12.1362,12.3025,533.8345864675,0
NTU,D,20230905,000000,11.6375,12.4687,11.6375,12.4687,264.661654136,0
NTU,D,20230912,000000,12.5685,12.5685,12.5352,12.5685,878.195488724,0
NTU,D,20230913,000000,12.5685,12.5685,12.5685,12.5685,124.81203007549999,0
NTU,D,20230921,000000,12.7015,12.7015,12.7015,12.7015,150.37593985,0
NTU,D,20230925,000000,12.4687,12.4687,12.4687,12.4687,160.9022556395,0
NTU,D,20230926,000000,11.3715,11.3715,11.3715,11.3715,39.097744361,0
NTU,D,20230927,000000,11.3715,11.3715,11.3715,11.3715,184.9624060155,0
NTU,D,20230929,000000,12.2692,12.2692,12.2692,12.2692,1.5037593985,0
NTU,D,20231003,000000,12.2692,12.2692,12.2692,12.2692,52.631578947499996,0
NTU,D,20231018,000000,10.6732,10.6732,10.6732,10.6732,195.48872180499998,0
NTU,D,20231019,000000,11.6375,12.635,11.6375,12.635,1276.6917293264999,0
NTU,D,20231020,000000,12.635,12.635,12.635,12.635,324.812030076,0
NTU,D,20231107,000000,11.4047,12.5352,11.4047,11.4712,106.7669172935,0
NTU,D,20231108,000000,11.571,12.5352,11.5377,12.5352,39.097744361,0
NTU,D,20231113,000000,12.502,12.5352,12.502,12.5352,451.12781954999997,0
NTU,D,20231121,000000,11.5377,12.4687,11.5377,12.4687,88.7218045115,0
NTU,D,20231123,000000,12.4355,12.4355,12.4355,12.4355,150.37593985,0
NTU,D,20231128,000000,11.6042,11.6042,11.6042,11.6042,90.22556390999999,0
NTU,D,20231129,000000,11.571,11.571,11.571,11.571,225.56390977499998,0
NTU,D,20231130,000000,11.4712,11.4712,11.4712,11.4712,84.210526316,0
NTU,D,20231204,000000,11.4047,11.4047,11.4047,11.4047,130.8270676695,0
NTU,D,20231205,000000,10.8395,10.8395,10.8395,10.8395,49.6240601505,0
NTU,D,20231208,000000,10.9392,10.9392,10.8395,10.8395,186.466165414,0
NTU,D,20231212,000000,10.8395,10.8395,10.773,10.773,151.8796992485,0
NTU,D,20231213,000000,10.773,10.773,10.6732,10.6732,339.849624061,0
NTU,D,20231215,000000,10.64,10.64,10.0415,10.0415,451.12781954999997,0
NTU,D,20231218,000000,10.64,10.64,10.64,10.64,291.729323309,0
NTU,D,20231220,000000,9.7755,9.7755,9.7755,9.7755,108.270676692,0
NTU,D,20231221,000000,9.7755,10.64,9.74225,9.975,849.6240601525,0
NTU,D,20231222,000000,9.975,9.975,9.975,9.975,120.30075187999999,0
NTU,D,20231227,000000,9.975,10.108,9.975,10.0415,386.4661654145,0
NTU,D,20231228,000000,10.9392,10.9392,10.9392,10.9392,1.5037593985,0
NTU,D,20240102,000000,10.9392,10.9392,10.9392,10.9392,52.631578947499996,0
NTU,D,20240103,000000,10.9392,11.4047,9.74225,10.241,942.8571428595,0
NTU,D,20240122,000000,9.87525,9.87525,9.709,9.709,615.0375939864999,0
NTU,D,20240124,000000,9.709,9.709,9.709,9.709,1269.172932334,0
NTU,D,20240125,000000,9.709,9.709,9.709,9.709,151.8796992485,0
NTU,D,20240129,000000,9.709,9.709,9.709,9.709,52.631578947499996,0
NTU,D,20240130,000000,9.31,9.576,9.044,9.576,175.9398496245,0
NTU,D,20240202,000000,8.74475,8.778,8.74475,8.74475,105.26315789499999,0
NTU,D,20240206,000000,9.31,9.31,9.177,9.31,708.2706766934999,0
NTU,D,20240222,000000,9.975,10.7397,9.975,9.975,1073.684210529,0
NTU,D,20240223,000000,9.975,9.975,9.975,9.975,372.932330828,0
NTU,D,20240226,000000,10.9392,10.9392,9.842,9.842,1129.3233082735,0
NTU,D,20240227,000000,10.7397,11.2385,10.7397,11.0722,806.015037596,0
NTU,D,20240228,000000,10.108,10.773,10.0415,10.773,1042.1052631605,0
NTU,D,20240229,000000,11.0722,11.0722,11.0722,11.0722,126.315789474,0
NTU,D,20240304,000000,10.2077,11.039,10.1412,10.6732,1175.939849627,0
NTU,D,20240313,000000,10.2077,10.2077,10.2077,10.2077,193.9849624065,0
NTU,D,20240318,000000,10.2077,10.2077,10.2077,10.2077,45.112781954999996,0
NTU,D,20240325,000000,10.3075,10.507,10.3075,10.507,180.45112781999998,0
NTU,D,20240326,000000,10.507,10.507,10.507,10.507,15.037593984999999,0
NTU,D,20240402,000000,10.1412,10.1412,10.0415,10.0415,123.308270677,0
NTU,D,20240409,000000,9.842,9.842,9.842,9.842,1.5037593985,0
NTU,D,20240410,000000,9.9085,9.9085,9.9085,9.9085,55.6390977445,0
NTU,D,20240412,000000,10.0415,10.0415,9.975,9.975,300.7518797,0
NTU,D,20240415,000000,9.975,9.975,9.975,9.975,150.37593985,0
NTU,D,20240416,000000,9.842,9.842,9.842,9.842,163.9097744365,0
NTU,D,20240417,000000,9.842,9.842,9.842,9.842,12.030075188,0
NTU,D,20240422,000000,9.9085,9.9085,9.9085,9.9085,31.5789473685,0
NTU,D,20240424,000000,9.9085,9.9085,9.9085,9.9085,13.5338345865,0
NTU,D,20240425,000000,8.645,9.14375,8.645,8.645,857.142857145,0
NTU,D,20240426,000000,8.67825,8.778,8.67825,8.778,227.06766917349998,0
NTU,D,20240429,000000,9.443,9.443,9.177,9.177,183.458646617,0
NTU,D,20240506,000000,9.177,9.177,9.177,9.177,106.7669172935,0
NTU,D,20240507,000000,9.6425,9.6425,9.6425,9.6425,1.5037593985,0
NTU,D,20240510,000000,9.6425,9.6425,9.6425,9.6425,105.26315789499999,0
NTU,D,20240514,000000,9.6425,9.6425,9.6425,9.6425,300.7518797,0
NTU,D,20240515,000000,10.108,10.108,10.108,10.108,1.5037593985,0
NTU,D,20240516,000000,9.6425,9.6425,9.6425,9.6425,375.93984962499997,0
NTU,D,20240527,000000,9.975,9.975,9.975,9.975,1.5037593985,0
NTU,D,20240528,000000,8.9775,9.01075,8.9775,9.01075,404.5112781965,0
NTU,D,20240529,000000,9.54275,9.54275,9.54275,9.54275,1.5037593985,0
NTU,D,20240604,000000,9.6425,9.6425,9.6425,9.6425,150.37593985,0
NTU,D,20240605,000000,9.443,9.443,9.443,9.443,37.5939849625,0
NTU,D,20240611,000000,9.443,9.443,9.443,9.443,102.255639098,0
NTU,D,20240618,000000,8.9775,8.9775,8.9775,8.9775,7.5187969924999996,0
NTU,D,20240628,000000,8.9775,8.9775,8.74475,8.74475,103.7593984965,0
NTU,D,20240712,000000,9.443,9.443,9.443,9.443,150.37593985,0
NTU,D,20240716,000000,8.645,9.31,8.645,8.67825,34.5864661655,0
NTU,D,20240724,000000,8.645,8.645,8.645,8.645,21.052631579,0
NTU,D,20240725,000000,8.5785,8.5785,8.5785,8.5785,18.045112782,0
NTU,D,20240814,000000,8.7115,8.7115,8.7115,8.7115,27.067669173,0
NTU,D,20240816,000000,9.443,9.443,9.443,9.443,1.5037593985,0
NTU,D,20240903,000000,7.714,8.67825,7.714,8.67825,533.8345864675,0
NTU,D,20240905,000000,9.31,9.31,9.31,9.31,73.6842105265,0
NTU,D,20240917,000000,9.40975,9.443,9.40975,9.443,75.187969925,0
NTU,D,20240926,000000,8.1795,8.9775,7.3815,8.9775,714.2857142875,0
NTU,D,20241003,000000,8.5785,8.5785,8.5785,8.5785,180.45112781999998,0
NTU,D,20241008,000000,8.3125,8.3125,8.3125,8.3125,4.5112781955,0
NTU,D,20241015,000000,6.8495,6.8495,6.8495,6.8495,147.368421053,0
NTU,D,20241016,000000,7.315,7.315,6.0648,6.0914,1646.6165413575,0
NTU,D,20241022,000000,6.0515,6.65,6.0515,6.65,4512.7819548985,0
NTU,D,20241024,000000,5.985,5.985,5.6525,5.7855,827.067669175,0
NTU,D,20241104,000000,5.9584,5.9584,5.9584,5.9584,37.5939849625,0
NTU,D,20241105,000000,6.5436,6.5436,5.32,5.32,601.5037594,0
NTU,D,20241112,000000,6.65,6.65,6.65,6.65,436.09022556499997,0
NTU,D,20241115,000000,5.985,6.5835,5.985,6.5835,54.135338346,0
NTU,D,20241127,000000,6.1579,6.1579,6.1579,6.1579,22.556390977499998,0
NTU,D,20241206,000000,6.1047,6.118,6.1047,6.118,145.8646616545,0
NTU,D,20241211,000000,5.985,5.985,5.985,5.985,15.037593984999999,0
NTU,D,20241219,000000,5.3865,5.3865,5.3865,5.3865,281.2030075195,0
NTU,D,20241220,000000,5.2535,5.2535,4.8545,4.8545,339.849624061,0
NTU,D,20241223,000000,4.655,4.655,4.3092,4.3092,1536.8421052669999,0
NTU,D,20241227,000000,4.3092,4.3092,4.3092,4.3092,121.8045112785,0
NTU,D,20241230,000000,4.7348,5.2003,4.7348,5.2003,3.007518797,0
NTU,D,20250102,000000,5.719,5.719,5.719,5.719,1.5037593985,0
NTU,D,20250113,000000,5.6525,5.6525,5.6525,5.6525,82.70676691749999,0
NTU,D,20250123,000000,5.5195,5.5195,5.5195,5.5195,90.22556390999999,0
NTU,D,20250207,000000,4.4023,5.2269,4.4023,5.187,842.1052631599999,0
NTU,D,20250211,000000,5.1205,5.1205,5.1205,5.1205,302.2556390985,0
NTU,D,20250214,000000,5.054,5.054,5.054,5.054,272.1804511285,0
NTU,D,20250218,000000,5.2535,5.2535,4.788,4.788,1221.052631582,0
NTU,D,20250219,000000,5.0806,5.32,5.0806,5.32,452.63157894849996,0
NTU,D,20250220,000000,5.32,5.6259,5.32,5.6259,31.5789473685,0
NTU,D,20250221,000000,4.921,5.4131,4.921,5.4131,96.240601504,0
NTU,D,20250224,000000,5.6259,5.6259,5.6259,5.6259,1.5037593985,0
NTU,D,20250304,000000,5.6259,5.6259,5.6259,5.6259,108.270676692,0
NTU,D,20250307,000000,5.6525,5.6525,5.6525,5.6525,16.5413533835,0
NTU,D,20250310,000000,5.6658,6.1845,5.6658,6.1845,720.3007518815,0
NTU,D,20250311,000000,6.1579,6.1579,5.5594,5.985,354.887218046,0
NTU,D,20250312,000000,5.985,6.1579,5.9185,5.9185,711.2781954905,0
NTU,D,20250314,000000,6.1579,6.1579,6.1579,6.1579,1.5037593985,0
NTU,D,20250317,000000,5.985,5.985,5.985,5.985,40.6015037595,0
NTU,D,20250318,000000,5.985,5.985,5.985,5.985,145.8646616545,0
NTU,D,20250320,000000,6.1579,6.1579,6.1579,6.1579,54.135338346,0
NTU,D,20250321,000000,6.3175,6.5835,6.3175,6.5835,147.368421053,0
NTU,D,20250325,000000,5.6658,5.7855,5.6658,5.7855,290.2255639105,0
NTU,D,20250331,000000,6.6234,6.6234,6.5037,6.5037,482.70676691849997,0
NTU,D,20250401,000000,5.719,5.719,5.1604,5.187,1984.96240602,0
NTU,D,20250402,000000,5.586,5.586,5.586,5.586,54.135338346,0
NTU,D,20250403,000000,5.1737,5.1737,5.1737,5.1737,22.556390977499998,0
NTU,D,20250404,000000,5.852,5.852,5.852,5.852,13.5338345865,0
NTU,D,20250407,000000,5.8387,5.8387,5.7855,5.7855,82.70676691749999,0
NTU,D,20250409,000000,5.1737,5.1737,5.1737,5.1737,222.556390978,0
NTU,D,20250423,000000,5.1737,5.1737,5.1737,5.1737,282.70676691799997,0
NTU,D,20250425,000000,5.1604,5.1604,5.1604,5.1604,18.045112782,0
NTU,D,20250428,000000,5.586,5.586,5.586,5.586,1.5037593985,0
NTU,D,20250502,000000,5.586,5.586,5.586,5.586,133.83458646649999,0
NTU,D,20250507,000000,5.852,5.852,5.852,5.852,1.5037593985,0
NTU,D,20250508,000000,5.8387,5.8387,5.32,5.3333,648.1203007535,0
NTU,D,20250512,000000,5.7855,5.7855,5.7855,5.7855,1.5037593985,0
NTU,D,20250513,000000,5.6392,5.6392,5.2402,5.2402,612.0300751894999,0
NTU,D,20250514,000000,5.719,5.719,5.719,5.719,291.729323309,0
NTU,D,20250516,000000,5.9318,5.9318,5.9318,5.9318,1.5037593985,0
NTU,D,20250522,000000,5.9318,5.9318,5.8653,5.8653,751.8796992499999,0
NTU,D,20250528,000000,5.3865,5.719,5.3865,5.719,18.045112782,0
NTU,D,20250529,000000,5.3998,5.3998,5.3865,5.3865,381.954887219,0
NTU,D,20250605,000000,5.3865,5.3865,5.3333,5.3333,255.639097745,0
NTU,D,20250609,000000,5.3333,5.3333,5.3333,5.3333,7.5187969924999996,0
NTU,D,20250617,000000,5.6924,5.6924,5.6924,5.6924,3.007518797,0
NTU,D,20250623,000000,5.2402,5.6924,5.2402,5.6924,91.7293233085,0
NTU,D,20250626,000000,5.2136,5.6259,5.2136,5.6259,166.9172932335,0
NTU,D,20250630,000000,5.2269,5.2269,5.2269,5.2269,78.195488722,0
NTU,D,20250703,000000,5.2136,5.2136,5.2136,5.2136,124.81203007549999,0
NTU,D,20250707,000000,5.2269,5.2269,5.2269,5.2269,3.007518797,0
NTU,D,20250708,000000,5.1604,5.1604,5.1604,5.1604,102.255639098,0
NTU,D,20250714,000000,5.1604,5.1604,5.1604,5.1604,73.6842105265,0
NTU,D,20250716,000000,5.054,5.054,4.5619,4.655,6321.804511294,0
NTU,D,20250717,000000,4.5619,4.9875,4.5619,4.9875,258.646616542,0
NTU,D,20250718,000000,4.921,5.2003,4.921,4.921,93.233082707,0
NTU,D,20250721,000000,5.187,5.187,4.655,4.655,672.1804511294999,0
NTU,D,20250723,000000,4.655,4.655,4.655,4.655,195.48872180499998,0
NTU,D,20250724,000000,4.655,4.655,4.655,4.655,22.556390977499998,0
NTU,D,20250811,000000,4.5619,4.5619,4.5619,4.5619,90.22556390999999,0
NTU,D,20250814,000000,4.655,4.655,4.655,4.655,225.56390977499998,0
NTU,D,20250818,000000,4.655,4.655,4.655,4.655,132.330827068,0
NTU,D,20250819,000000,4.655,4.655,4.655,4.655,10.5263157895,0
NTU,D,20250820,000000,4.655,4.655,4.655,4.655,3.007518797,0
NTU,D,20250821,000000,4.5619,4.5619,4.5619,4.5619,75.187969925,0
NTU,D,20250903,000000,4.655,4.655,4.655,4.655,34.5864661655,0
NTU,D,20250904,000000,4.5619,4.5619,4.5619,4.5619,15.037593984999999,0
NTU,D,20250905,000000,4.5619,4.5619,4.5619,4.5619,3.007518797,0
NTU,D,20250909,000000,4.655,4.655,4.5885,4.5885,222.556390978,0
NTU,D,20250910,000000,4.655,4.655,4.655,4.655,75.187969925,0
NTU,D,20250929,000000,4.5885,4.5885,4.5885,4.5885,46.6165413535,0
NTU,D,20251001,000000,4.5885,4.5885,4.5619,4.5619,196.9924812035,0
NTU,D,20251010,000000,4.5353,4.5353,4.5353,4.5353,30.075187969999998,0
NTU,D,20251013,000000,4.5353,4.5353,4.123,4.123,52.631578947499996,0
NTU,D,20251014,000000,4.1496,4.1496,4.1496,4.1496,15.037593984999999,0
NTU,D,20251015,000000,4.1762,4.1762,3.99,3.99,551.8796992494999,0
NTU,D,20251016,000000,3.99,3.99,3.99,3.99,300.7518797,0
NTU,D,20251022,000000,3.857,3.857,3.857,3.857,216.541353384,0
NTU,D,20251027,000000,3.857,3.857,3.857,3.857,141.35338345899999,0
NTU,D,20251103,000000,3.8703,3.8703,3.8703,3.8703,222.556390978,0
NTU,D,20251106,000000,3.8703,3.8703,3.8703,3.8703,24.060150376,0
NTU,D,20251110,000000,3.8703,3.8703,3.857,3.857,572.9323308285,0
NTU,D,20251118,000000,3.724,3.724,3.724,3.724,261.654135339,0
NTU,D,20251120,000000,3.6575,3.724,3.4846,3.724,6030.0751879849995,0
NTU,D,20251124,000000,3.4846,3.4846,3.4846,3.4846,90.22556390999999,0
NTU,D,20251125,000000,3.724,3.99,3.724,3.99,5419.548872194,0
NTU,D,20251126,000000,3.99,3.99,3.99,3.99,7.5187969924999996,0
NTU,D,20251127,000000,3.99,3.99,3.857,3.99,103.7593984965,0
NTU,D,20251203,000000,3.99,3.99,3.99,3.99,180.45112781999998,0
NTU,D,20251205,000000,3.591,3.591,3.591,3.591,601.5037594,0
NTU,D,20251208,000000,3.5777,3.724,3.5777,3.724,141.35338345899999,0
NTU,D,20251209,000000,3.9767,3.9767,3.9767,3.9767,151.8796992485,0
NTU,D,20251215,000000,3.99,3.99,3.99,3.99,375.93984962499997,0
NTU,D,20251218,000000,3.7506,3.99,3.7506,3.99,443.6090225575,0
NTU,D,20251219,000000,3.4846,3.4846,3.4846,3.4846,1657.1428571469999,0
NTU,D,20251222,000000,3.4846,3.4846,3.4846,3.4846,13.5338345865,0
NTU,D,20251223,000000,3.1521,3.1521,3.0324,3.0324,663.1578947385,0
NTU,D,20251229,000000,3.325,3.8171,3.325,3.8171,1103.7593984989999,0
NTU,D,20251230,000000,4.0432,4.655,4.0432,4.655,7473.684210545,0
NTU,D,20260102,000000,5.1205,5.1205,5.1205,5.1205,1649.6240601545,0
NTU,D,20260105,000000,5.32,6.4372,5.32,6.4372,4751.87969926,0
NTU,D,20260107,000000,6.81625,7.448,5.2269,5.5328,5231.5789473815,0
NTU,D,20260108,000000,5.7323,5.7323,5.1205,5.3998,1099.2481203035,0
NTU,D,20260109,000000,5.1471,5.6658,5.1205,5.5594,207.518796993,0
NTU,D,20260112,000000,5.4929,5.8121,5.1338,5.1338,1300.7518797025,0
NTU,D,20260113,000000,5.586,5.586,5.5062,5.5062,108.270676692,0
NTU,D,20260114,000000,5.5062,5.5062,5.1205,5.5062,3548.87218046,0
NTU,D,20260115,000000,5.4796,5.5062,5.1205,5.5062,90.22556390999999,0
NTU,D,20260116,000000,5.4929,5.4929,5.187,5.2535,369.924812031,0
NTU,D,20260119,000000,5.5062,5.5062,5.5062,5.5062,150.37593985,0
NTU,D,20260120,000000,5.4796,5.4796,5.1205,5.1205,533.8345864675,0
NTU,D,20260121,000000,5.3732,5.3732,5.1205,5.1205,120.30075187999999,0
NTU,D,20260122,000000,4.8678,5.32,4.8678,4.921,45.112781954999996,0
NTU,D,20260123,000000,4.8678,5.1205,4.8678,5.1205,1090.2255639124999,0
NTU,D,20260126,000000,5.4397,5.4397,4.7481,5.2934,151.8796992485,0
NTU,D,20260127,000000,5.0141,5.32,4.7215,4.7215,1142.85714286,0
NTU,D,20260128,000000,5.0806,5.2402,4.8811,5.2402,335.3383458655,0
NTU,D,20260202,000000,4.655,4.655,4.655,4.655,1488.721804515,0
NTU,D,20260203,000000,4.655,4.655,4.655,4.655,330.82706766999996,0
NTU,D,20260205,000000,4.6284,4.655,4.2028,4.655,10.5263157895,0
NTU,D,20260210,000000,4.2294,4.655,4.2294,4.655,613.533834588,0
NTU,D,20260213,000000,4.655,4.655,4.655,4.655,30.075187969999998,0
NTU,D,20260216,000000,4.2693,4.2693,4.2693,4.2693,45.112781954999996,0
NTU,D,20260217,000000,4.6284,4.655,4.6284,4.655,2108.270676697,0
NTU,D,20260218,000000,4.655,4.655,4.389,4.389,123.308270677,0
NTU,D,20260220,000000,4.0964,4.389,4.0964,4.389,452.63157894849996,0
NTU,D,20260223,000000,4.0432,4.389,3.724,4.256,1440.601503763,0
NTU,D,20260224,000000,4.123,4.2826,3.8304,4.1895,772.932330829,0
NTU,D,20260225,000000,4.2826,4.2826,4.2826,4.2826,1.5037593985,0
NTU,D,20260302,000000,3.9235,4.2826,3.9235,4.2826,105.26315789499999,0
NTU,D,20260305,000000,4.2826,4.5885,4.2826,4.5885,757.894736844,0
NTU,D,20260309,000000,4.522,4.522,4.3225,4.522,184.9624060155,0
NTU,D,20260310,000000,4.522,4.522,4.522,4.522,30.075187969999998,0
NTU,D,20260313,000000,4.0698,4.389,4.0698,4.389,172.93233082749998,0
NTU,D,20260316,000000,4.5885,4.5885,4.5885,4.5885,1.5037593985,0
NTU,D,20260318,000000,4.522,4.522,4.522,4.522,24.060150376,0
NTU,D,20260319,000000,4.0964,4.4954,4.0964,4.4954,70.67669172949999,0
NTU,D,20260320,000000,4.0565,4.4555,4.0565,4.4555,529.323308272,0
NTU,D,20260323,000000,4.4422,4.4422,4.1629,4.1629,76.6917293235,0
NTU,D,20260324,000000,4.3491,4.3491,4.1629,4.1629,72.180451128,0
NTU,D,20260325,000000,4.0698,4.0698,4.0698,4.0698,488.7218045125,0
NTU,D,20260326,000000,4.4289,4.4289,4.4289,4.4289,1.5037593985,0
NTU,D,20260327,000000,4.1629,4.3358,4.0299,4.3358,201.503759399,0
NTU,D,20260330,000000,4.5619,4.5619,4.5619,4.5619,1.5037593985,0
NTU,D,20260331,000000,4.4555,4.4555,4.4555,4.4555,148.8721804515,0
NTU,D,20260402,000000,4.3491,4.5619,4.3491,4.5619,196.9924812035,0
NTU,D,20260408,000000,4.3491,4.5619,4.3491,4.5619,196.9924812035,0
NTU,D,20260410,000000,4.3092,4.5486,4.3092,4.5486,3.007518797,0
NTU,D,20260413,000000,4.123,4.123,4.123,4.123,332.3308270685,0
NTU,D,20260414,000000,4.4954,4.4954,4.4688,4.4688,303.759398497,0
NTU,D,20260415,000000,4.123,4.5353,4.123,4.5353,133.83458646649999,0
NTU,D,20260417,000000,4.1097,4.5087,4.1097,4.5087,911.278195491,0
NTU,D,20260422,000000,3.99,3.99,3.7373,3.99,51.127819549,0
NTU,D,20260423,000000,4.1363,4.655,4.1363,4.6151,2150.375939855,0
NTU,D,20260428,000000,4.0299,4.4289,4.0299,4.0698,22.556390977499998,0
NTU,D,20260429,000000,4.6151,4.6151,4.1762,4.1762,703.759398498,0
NTU,D,20260430,000000,4.0831,4.0831,3.6841,4.0432,663.1578947385,0
NTU,D,20260504,000000,3.9235,3.99,3.6575,3.99,344.36090225649997,0
NTU,D,20260505,000000,3.99,3.99,3.99,3.99,75.187969925,0
NTU,D,20260506,000000,3.99,3.99,3.99,3.99,6.015037594,0
NTU,D,20260508,000000,3.99,3.99,3.99,3.99,314.28571428649997,0
NTU,D,20260511,000000,4.0565,4.0565,4.0565,4.0565,6.015037594,0
NTU,D,20260519,000000,4.0299,4.0299,4.0299,4.0299,258.646616542,0
NTU,D,20260520,000000,4.0299,4.0299,3.6575,3.6575,491.7293233095,0
NTU,D,20260521,000000,3.99,3.99,3.6974,3.99,120.30075187999999,0
NTU,D,20260522,000000,3.6974,3.99,3.6974,3.99,12.030075188,0
NTU,D,20260526,000000,3.8703,3.8703,3.8703,3.8703,91.7293233085,0
NTU,D,20260527,000000,3.9767,3.9767,3.9767,3.9767,1.5037593985,0
NTU,D,20260529,000000,4.0166,4.0166,4.0166,4.0166,1.5037593985,0
NTU,D,20260601,000000,4.123,4.123,4.123,4.123,22.556390977499998,0
NTU,D,20260605,000000,3.99,3.99,3.99,3.99,16.5413533835,0
NTU,D,20260611,000000,3.99,3.99,3.99,3.99,75.187969925,0
NTU,D,20260612,000000,3.6575,3.6575,3.6575,3.6575,181.9548872185,0
NTU,D,20260615,000000,3.6575,3.6575,3.6575,3.6575,96.240601504,0
NTU,D,20260616,000000,3.99,3.99,3.6575,3.99,91.7293233085,0
NTU,D,20260617,000000,3.99,3.99,3.99,3.99,7.5187969924999996,0
NTU,D,20260618,000000,3.8171,3.8171,3.8171,3.8171,1.5037593985,0
NTU,D,20260619,000000,3.6575,3.6575,3.6575,3.6575,12.030075188,0
NTU,D,20260622,000000,3.99,3.99,3.99,3.99,31.5789473685,0
NTU,D,20260624,000000,3.6176,3.6176,3.6176,3.6176,1.5037593985,0
NTU,D,20260625,000000,3.6309,3.99,3.6309,3.99,293.2330827075,0
NTU,D,20260626,000000,4.36,4.79,4,4.79,58,0
NTU,D,20260629,000000,4.79,5.24,4.79,4.79,126,0
NTU,D,20260630,000000,5.24,5.74,5.24,5.74,84,0
NTU,D,20260701,000000,5.74,5.74,5.74,5.74,29,0
NTU,D,20260702,000000,5.58,5.58,5.04,5.04,101,0
NTU,D,20260703,000000,5.04,5.54,5.04,5.42,241,0
NTU,D,20260706,000000,5.42,5.42,5.42,5.42,78,0
NTU,D,20260707,000000,5.76,5.76,5.76,5.76,39,0
NTU,D,20260708,000000,5.76,5.76,5.76,5.76,118,0
NTU,D,20260709,000000,5.74,5.74,5.74,5.74,1,0
NTU,D,20260710,000000,5.68,5.68,5.68,5.68,1,0
NTU,D,20260713,000000,5.12,5.62,4.92,5,1572,0
NTU,D,20260715,000000,4.96,4.96,4.8,4.8,1184,0
NTU,D,20260716,000000,4.8,4.8,4.8,4.8,348,0
NTU,D,20260720,000000,4.82,4.82,4.8,4.8,57,0
NTU,D,20260731,000000,4.8,5.28,4.8,5.28,240,0
NTU,D,20260803,000000,5.62,5.68,5.62,5.68,111,0
NTU,D,20260804,000000,5.2,5.68,5.2,5.68,130,0
NTU,D,20260806,000000,4.98,5.46,4.98,5.46,80,0
NTU,D,20260807,000000,4.98,4.98,4.98,4.98,15,0
NTU,D,20260810,000000,4.98,5.42,4.98,5.42,506,0
NTU,D,20260818,000000,5.02,5.02,5.02,5.02,6,0
