<TICKER>,<PER>,<DATE>,<TIME>,<OPEN>,<HIGH>,<LOW>,<CLOSE>,<VOL>,<OPENINT>
OND,D,20210719,000000,27.6348,28.5559,24.5074,25.8661,287696.4770653376,0
OND,D,20210720,000000,26.253,27.1742,24.8713,25.3503,57271.37186736908,0
OND,D,20210721,000000,25.8661,25.8661,24.8713,24.8713,32912.9094752236,0
OND,D,20210722,000000,24.8897,25.2306,24.5121,24.6871,12572.214678823288,0
OND,D,20210723,000000,24.6871,25.2951,24.641,24.7791,15079.926958253545,0
OND,D,20210726,000000,25.7003,25.7003,24.8621,25.1476,14761.849166966504,0
OND,D,20210727,000000,25.4193,25.4193,24.7884,24.7884,2033.3095668280823,0
OND,D,20210728,000000,24.7884,24.8483,24.1343,24.4106,26576.322213303938,0
OND,D,20210729,000000,24.7791,25.3319,24.4291,24.7515,60368.559370925155,0
OND,D,20210730,000000,24.8713,26.1471,24.2725,25.8661,31737.21579616603,0
OND,D,20210802,000000,26.1562,26.7136,25.5621,25.5621,16946.055706452942,0
OND,D,20210803,000000,25.9767,26.2069,24.8759,25.5069,5208.659531041718,0
OND,D,20210804,000000,25.7924,25.7924,24.7284,25.4239,11114.267669613404,0
OND,D,20210805,000000,25.4193,25.4193,24.8666,25.2904,548.22281433432,0
OND,D,20210806,000000,25.4239,25.4239,24.6871,24.9588,4049.2496979544826,0
OND,D,20210809,000000,25.3227,25.3227,24.8713,25.3134,28671.51039481926,0
OND,D,20210810,000000,25.0554,25.4424,24.5949,24.7791,14208.198403975406,0
OND,D,20210811,000000,25.5898,25.5898,24.6871,25.2121,3506.454832276938,0
OND,D,20210812,000000,24.8989,25.2812,24.641,24.6963,9879.952145062667,0
OND,D,20210813,000000,24.8713,24.8713,24.641,24.8713,895.6115283679486,0
OND,D,20210816,000000,24.8713,24.8713,24.3186,24.6779,129529.30997609519,0
OND,D,20210817,000000,24.8621,24.8621,24.3279,24.5949,1278.824703536295,0
OND,D,20210818,000000,24.4199,24.6779,24.3186,24.6779,4935.090918740236,0
OND,D,20210819,000000,24.8621,24.8621,24.4106,24.4106,275.7397917641927,0
OND,D,20210820,000000,24.5028,25.0095,24.4106,25.0095,10024.335579332894,0
OND,D,20210823,000000,25.2397,25.2397,24.8759,25.2029,1926.9217731552833,0
OND,D,20210824,000000,25.2397,25.3227,24.4337,25.3227,808.7643498595414,0
OND,D,20210825,000000,25.5161,25.5161,24.5259,24.5949,2075.6475663509304,0
OND,D,20210826,000000,24.5949,24.5949,24.3417,24.4199,13195.343184621108,0
OND,D,20210827,000000,24.3647,25.2029,24.3647,24.5212,6745.854590640524,0
OND,D,20210830,000000,24.7791,24.8759,24.5028,24.8252,3190.548220452607,0
OND,D,20210831,000000,24.8713,24.8713,24.337,24.4106,13099.81128826186,0
OND,D,20210901,000000,24.5028,24.5028,24.2725,24.383,10392.350498262269,0
OND,D,20210902,000000,24.7699,24.7791,24.0238,24.2357,85418.54242194384,0
OND,D,20210903,000000,24.3647,24.3922,24.1528,24.1942,18544.043791007633,0
OND,D,20210906,000000,24.3186,24.3186,23.7658,23.9409,29367.37341261787,0
OND,D,20210907,000000,23.904,23.904,22.9368,22.9737,43282.462589127404,0
OND,D,20210908,000000,23.0289,23.0335,22.0156,22.1077,28171.053528664565,0
OND,D,20210909,000000,22.1032,23.0289,22.0156,22.8402,5573.417680777028,0
OND,D,20210910,000000,23.0243,23.0289,22.6605,22.7296,4197.9754911501295,0
OND,D,20210913,000000,23.0289,24.033,22.7525,23.6738,15741.051104648792,0
OND,D,20210914,000000,23.9456,24.3001,23.7658,23.904,11229.340181137042,0
OND,D,20210915,000000,24.2173,24.2173,23.7843,24.1159,4637.63933234894,0
OND,D,20210916,000000,23.9501,24.4106,23.2132,23.7751,13773.962511433372,0
OND,D,20210917,000000,23.9501,24.3186,23.2132,24.1298,5430.119836238156,0
OND,D,20210920,000000,24.1251,24.1251,22.4762,23.0197,15175.458854612792,0
OND,D,20210921,000000,23.0105,23.485,22.5407,22.5684,6707.858950043096,0
OND,D,20210922,000000,23.5816,24.0882,22.5684,22.5684,25344.177868215913,0
OND,D,20210923,000000,22.9185,23.4895,22.6973,23.1626,2960.4031974053282,0
OND,D,20210924,000000,23.1855,23.7981,22.9829,23.0289,2479.486946415024,0
OND,D,20210927,000000,23.0289,23.5587,22.9737,23.3974,4424.863745003343,0
OND,D,20210928,000000,23.0473,23.3053,22.9922,23.2685,1140.9548076541987,0
OND,D,20210929,000000,23.0289,23.0611,22.6605,22.7249,10619.238752115483,0
OND,D,20210930,000000,22.7249,22.8447,22.1077,22.5684,14544.731220695485,0
OND,D,20211001,000000,22.3749,22.8908,22.1999,22.877,1925.8361834239283,0
OND,D,20211004,000000,22.5684,23.121,22.5684,23.0289,2681.40663644707,0
OND,D,20211005,000000,23.0289,23.121,22.5823,23.0934,3192.719399915317,0
OND,D,20211006,000000,22.8724,23.0289,22.1077,22.55,11290.133206092927,0
OND,D,20211007,000000,22.5684,22.9092,22.1077,22.6605,12202.028580431202,0
OND,D,20211008,000000,22.4762,22.6605,22.1077,22.1999,17451.940521264416,0
OND,D,20211011,000000,22.3841,22.5592,22.0249,22.1077,9960.285785182943,0
OND,D,20211012,000000,22.3242,22.3242,21.7623,21.9236,13100.896877993218,0
OND,D,20211013,000000,21.9236,22.4762,21.638,21.6472,315174.9243453976,0
OND,D,20211014,000000,21.9926,22.3105,21.5552,21.6472,10667.004700295105,0
OND,D,20211015,000000,21.6472,22.5684,21.5552,22.4762,48885.191192651015,0
OND,D,20211018,000000,22.5684,22.7986,22.4762,22.7525,12650.377139480854,0
OND,D,20211019,000000,22.7249,22.7249,21.6426,21.9236,33130.02742149461,0
OND,D,20211020,000000,21.7854,21.8222,21.1682,21.3801,124744.03044028195,0
OND,D,20211021,000000,21.3892,21.5552,21.0946,21.1867,21982.1064702092,0
OND,D,20211022,000000,21.1867,21.1867,20.68,20.6845,18200.997435899426,0
OND,D,20211025,000000,20.9242,20.9242,20.0904,20.0904,20863.949046913458,0
OND,D,20211026,000000,20.0904,20.4359,19.6207,19.8003,13395.091695190444,0
OND,D,20211027,000000,19.8003,19.8003,18.9298,19.5654,22512.959848841838,0
OND,D,20211028,000000,19.4365,19.4365,18.4232,18.5153,48614.87934954361,0
OND,D,20211029,000000,18.6074,19.7865,18.4232,18.437,46819.31393388229,0
OND,D,20211102,000000,18.4416,19.3074,18.4416,18.5338,14735.79501341398,0
OND,D,20211103,000000,18.5338,19.0495,18.4324,18.7502,12363.781450403108,0
OND,D,20211104,000000,18.7456,19.2982,18.7456,19.1601,7938.917705399767,0
OND,D,20211105,000000,19.3443,19.6207,18.6995,18.8008,11916.518481084815,0
OND,D,20211108,000000,18.9666,18.9666,17.2164,17.502,169686.3597286513,0
OND,D,20211109,000000,17.502,17.6273,16.9493,17.3527,11422.575153318248,0
OND,D,20211110,000000,17.4007,17.4062,16.6361,16.9493,24280.299931487923,0
OND,D,20211112,000000,16.6453,17.1354,16.0281,16.1203,40551.118825038,0
OND,D,20211115,000000,16.1203,16.4427,16.065,16.065,29456.39177058899,0
OND,D,20211116,000000,16.3045,16.719,16.1756,16.4665,36994.72686511873,0
OND,D,20211117,000000,16.1682,17.3178,16.1682,17.2073,15801.844129604677,0
OND,D,20211118,000000,17.2073,17.502,17.0434,17.502,7169.23458586901,0
OND,D,20211119,000000,17.7323,17.7323,16.5791,16.7651,13131.293390471159,0
OND,D,20211122,000000,16.7651,17.2275,16.1296,16.5808,15260.134853658488,0
OND,D,20211123,000000,16.568,16.8591,16.2123,16.2603,10106.840398915881,0
OND,D,20211124,000000,16.3045,16.4888,15.8458,16.1203,16811.442579764913,0
OND,D,20211125,000000,16.1387,16.4335,15.8899,16.3101,31131.456726069893,0
OND,D,20211126,000000,16.2123,16.299,15.8458,15.8458,10161.119885483633,0
OND,D,20211129,000000,15.844,15.844,15.1052,15.4755,28765.95670144715,0
OND,D,20211130,000000,15.5307,15.5307,15.2931,15.3815,5825.274498451409,0
OND,D,20211201,000000,15.2912,15.6597,15.199,15.2175,105003.66676532099,0
OND,D,20211202,000000,15.2727,15.5695,15.2727,15.4441,5892.581061795424,0
OND,D,20211203,000000,15.3833,15.4479,15.199,15.4479,20802.070432226217,0
OND,D,20211206,000000,15.844,17.4099,15.844,16.5808,94481.04549929612,0
OND,D,20211207,000000,17.1336,17.3178,16.8664,16.9493,10714.77064847473,0
OND,D,20211208,000000,17.2993,18.5981,16.9032,18.4232,205879.92137202996,0
OND,D,20211209,000000,18.6074,19.6667,18.4232,18.9298,52413.35781955506,0
OND,D,20211210,000000,19.0219,19.0219,17.3178,17.4375,15849.610077784302,0
OND,D,20211213,000000,17.4651,17.502,16.5808,16.5808,16432.571763521984,0
OND,D,20211214,000000,16.5808,18.0547,15.8715,16.8756,90994.13128218357,0
OND,D,20211215,000000,17.0414,17.7396,16.2123,16.5347,28014.728607349432,0
OND,D,20211216,000000,16.5347,17.1244,16.3985,17.0414,16139.462536056111,0
OND,D,20211217,000000,17.0414,17.5481,16.5808,17.0414,233905.50587669297,0
OND,D,20211220,000000,17.0414,17.4007,16.6269,17.0414,15959.254640651165,0
OND,D,20211221,000000,17.2164,17.3086,16.4888,16.5808,13762.021024388465,0
OND,D,20211222,000000,16.5808,16.7816,16.1664,16.2123,12257.393656730314,0
OND,D,20211223,000000,16.2123,16.2123,15.7057,15.7518,22511.874259110486,0
OND,D,20211227,000000,15.6597,15.7536,15.2636,15.2636,58920.38266929746,0
OND,D,20211228,000000,15.2451,15.2544,14.3793,14.4732,104711.64312758649,0
OND,D,20211229,000000,14.5082,15.5307,14.5082,14.7404,30392.17011901708,0
OND,D,20211230,000000,15.0775,15.3373,14.8306,15.107,12636.264472973236,0
OND,D,20220103,000000,15.4018,15.4018,14.7404,14.9044,25540.669609591183,0
OND,D,20220104,000000,15.0518,16.3782,15.0498,16.286,232586.51435309649,0
OND,D,20220105,000000,16.7651,16.9401,16.5072,16.8481,12714.426933630804,0
OND,D,20220107,000000,16.5771,16.5771,15.9636,16.4888,18343.209690706943,0
OND,D,20220110,000000,16.4888,16.7466,16.3966,16.544,12779.562317512109,0
OND,D,20220111,000000,16.1296,16.4888,15.9453,16.3045,13281.10477339816,0
OND,D,20220112,000000,16.3045,16.3414,16.0281,16.2123,12592.840883719035,0
OND,D,20220113,000000,16.3948,16.3948,15.9453,16.1645,11721.112329440899,0
OND,D,20220114,000000,16.1184,16.1203,15.9453,16.1018,3519.481909053199,0
OND,D,20220117,000000,16.3598,17.0414,16.1296,16.3505,38630.71059027084,0
OND,D,20220118,000000,16.5606,17.2976,16.1203,17.1796,89568.75196491434,0
OND,D,20220119,000000,17.0414,17.1244,16.4888,16.9862,71055.10468638466,0
OND,D,20220120,000000,16.9862,17.8705,16.7651,17.7784,61474.775307175994,0
OND,D,20220121,000000,17.8318,17.8594,16.7651,17.5297,21582.60944907053,0
OND,D,20220124,000000,17.152,17.9626,16.3045,16.4242,30093.63294289443,0
OND,D,20220125,000000,16.4242,16.837,16.4242,16.6269,11952.342942219531,0
OND,D,20220126,000000,16.6729,17.1336,16.5808,16.9419,14719.511167443654,0
OND,D,20220127,000000,16.8572,16.8572,16.5808,16.5808,38316.975157909226,0
OND,D,20220128,000000,16.5808,16.8388,16.452,16.5808,24279.21434175657,0
OND,D,20220131,000000,16.9493,16.9493,16.4888,16.719,25091.235460810174,0
OND,D,20220201,000000,16.9308,17.3878,16.4611,17.1336,26548.096880288704,0
OND,D,20220202,000000,17.2256,17.3178,16.7651,17.0875,33065.97762734466,0
OND,D,20220203,000000,17.0875,17.3878,16.5808,17.0599,29585.576948620248,0
OND,D,20220204,000000,17.0599,17.7415,16.6729,17.4099,42021.0073212928,0
OND,D,20220207,000000,17.6862,17.7508,17.4283,17.7212,8072.445242356443,0
OND,D,20220208,000000,17.6033,17.7508,17.4099,17.6752,8522.964980868805,0
OND,D,20220209,000000,17.6771,18.4232,17.2256,18.4195,129925.55022803979,0
OND,D,20220210,000000,18.4232,19.1048,18.4232,18.5153,49646.18959433094,0
OND,D,20220211,000000,18.5153,18.8745,18.0086,18.6074,24884.97341185271,0
OND,D,20220214,000000,18.1468,18.3126,16.8572,18.3126,22951.538100309295,0
OND,D,20220215,000000,18.285,18.6995,17.6954,18.4232,24094.664087426205,0
OND,D,20220216,000000,18.6074,18.6074,18.0178,18.3771,13086.784211485601,0
OND,D,20220217,000000,17.5941,18.4139,17.0654,17.8944,19424.457063136608,0
OND,D,20220218,000000,17.6862,18.2371,17.2441,18.1008,9696.487480463657,0
OND,D,20220221,000000,18.8838,18.8838,17.0156,17.6862,25488.561302486138,0
OND,D,20220222,000000,17.0414,17.9607,16.498,17.4209,16622.549966509127,0
OND,D,20220223,000000,17.6862,17.6862,17.2901,17.6789,5318.304093908582,0
OND,D,20220224,000000,16.1111,16.9308,14.7846,16.5808,50232.40804926269,0
OND,D,20220225,000000,16.3966,16.8572,15.4387,16.0281,37439.81865497431,0
OND,D,20220228,000000,16.1203,16.9308,15.844,16.3874,9935.317221361778,0
OND,D,20220301,000000,16.4335,16.8093,16.3045,16.802,9882.123324525377,0
OND,D,20220302,000000,16.5808,16.5808,15.844,16.5808,14258.13553161774,0
OND,D,20220303,000000,16.5808,17.0414,16.24,16.9954,13925.945073823086,0
OND,D,20220304,000000,16.8572,16.8572,16.2547,16.345,9156.949383980178,0
OND,D,20220307,000000,16.1296,16.5624,15.7518,16.3045,17391.147496308527,0
OND,D,20220308,000000,16.5606,16.568,16.2123,16.568,4940.5188673970115,0
OND,D,20220309,000000,16.5698,17.1336,16.5698,16.9493,6918.463357925983,0
OND,D,20220310,000000,17.0045,17.023,16.5624,16.5716,8915.948463619348,0
OND,D,20220311,000000,17.023,17.0414,16.6528,17.0414,7625.182273038146,0
OND,D,20220314,000000,17.2717,17.4099,17.0414,17.3823,7186.60402157069,0
OND,D,20220315,000000,17.4099,17.4099,16.8112,16.8756,3012.5115045103726,0
OND,D,20220316,000000,17.2256,17.2256,16.9493,17.1336,3841.9020592656607,0
OND,D,20220317,000000,17.4651,17.7323,17.152,17.5923,7478.62765930521,0
OND,D,20220318,000000,17.5923,18.0547,17.5002,17.9441,10561.702496353662,0
OND,D,20220321,000000,17.9424,17.9626,17.6862,17.9626,3402.238218066849,0
OND,D,20220322,000000,17.9626,17.9626,17.6881,17.8705,3794.136111086036,0
OND,D,20220323,000000,17.9626,17.9626,17.7599,17.9626,4617.013127453194,0
OND,D,20220324,000000,17.9626,18.1468,16.9493,17.4929,12178.14560634139,0
OND,D,20220325,000000,17.7784,17.8686,17.5131,17.7801,1267.9688062227442,0
OND,D,20220328,000000,18.0547,18.0547,17.4099,17.8705,11644.035458514687,0
OND,D,20220329,000000,17.9424,17.9424,17.4209,17.4577,6521.137516250021,0
OND,D,20220330,000000,17.502,17.7231,17.2073,17.456,17282.588523173017,0
OND,D,20220331,000000,17.456,17.6936,17.0414,17.502,17032.90288496135,0
OND,D,20220401,000000,17.6678,18.0565,17.4099,17.9441,60353.36111468618,0
OND,D,20220404,000000,18.2389,18.331,17.5941,17.8705,11602.783048723193,0
OND,D,20220405,000000,17.8613,17.8613,17.4929,17.7323,12995.594674051772,0
OND,D,20220406,000000,17.7323,17.7323,17.1705,17.6291,7704.430323427069,0
OND,D,20220407,000000,17.6291,17.6291,17.0414,17.2256,65579.39008142958,0
OND,D,20220408,000000,17.2256,17.2256,16.3045,16.3229,159386.2843575542,0
OND,D,20220411,000000,16.2216,16.4796,15.6597,16.0927,25783.841709414726,0
OND,D,20220412,000000,16.0927,16.1203,15.2175,15.8808,19351.722551135823,0
OND,D,20220413,000000,15.9176,15.9176,14.9596,15.5675,23730.991527422248,0
OND,D,20220414,000000,15.5491,15.5491,14.7385,15.0149,41508.60896809319,0
OND,D,20220419,000000,15.199,15.3833,14.6464,15.1439,23264.187942939563,0
OND,D,20220420,000000,15.0149,15.1254,15.0149,15.0886,15616.208285542956,0
OND,D,20220421,000000,15.0518,15.457,15.0518,15.0518,12446.286269986096,0
OND,D,20220422,000000,15.2912,15.3833,14.7385,14.8306,9415.319740042689,0
OND,D,20220425,000000,14.757,14.9227,14.7385,14.9044,6888.06684544804,0
OND,D,20220426,000000,15.107,15.2912,15.107,15.199,6884.810076253975,0
OND,D,20220427,000000,15.199,15.199,14.757,14.9227,2033.3095668280823,0
OND,D,20220428,000000,14.9412,15.2175,14.6464,14.6464,11474.683460423294,0
OND,D,20220429,000000,14.8675,14.8675,14.5542,14.5542,7506.852992320441,0
OND,D,20220502,000000,14.7202,14.7202,13.9094,14.0016,10849.383775162762,0
OND,D,20220504,000000,13.8173,14.0016,12.7121,12.8225,33710.81792776959,0
OND,D,20220505,000000,12.8962,12.8962,11.625,11.7908,45104.08215834125,0
OND,D,20220506,000000,11.754,11.754,10.7775,11.054,54631.21764071351,0
OND,D,20220509,000000,10.9803,11.5145,10.7775,11.0171,18295.443742527317,0
OND,D,20220510,000000,11.2013,11.3855,11.054,11.3119,67712.57390354233,0
OND,D,20220511,000000,11.1091,11.1091,10.7775,10.9618,30589.747450123705,0
OND,D,20220512,000000,10.6486,10.6855,9.98534,10.4275,32902.05357791005,0
OND,D,20220513,000000,10.5012,11.2197,10.5012,11.054,22024.444469732047,0
OND,D,20220516,000000,11.4223,12.1224,11.3303,11.8461,24469.19254474371,0
OND,D,20220517,000000,12.104,12.104,11.4591,11.8645,23472.621171359737,0
OND,D,20220518,000000,11.9198,12.0672,11.8276,11.9382,7327.730686646852,0
OND,D,20220519,000000,11.883,11.883,11.2566,11.8645,8555.532672809457,0
OND,D,20220520,000000,11.9751,11.9751,11.7724,11.9567,8360.126521165543,0
OND,D,20220523,000000,12.0856,12.2698,12.0304,12.0488,10694.144443578984,0
OND,D,20220524,000000,12.1593,12.2698,12.0304,12.2698,3812.591136519073,0
OND,D,20220525,000000,12.1224,12.2698,12.0119,12.0119,1336.360959298115,0
OND,D,20220526,000000,12.2145,12.6199,12.2145,12.583,2330.7611532193764,0
OND,D,20220527,000000,12.3804,12.3804,11.2382,11.3671,30269.49847937395,0
OND,D,20220530,000000,11.6066,11.6066,11.1645,11.1645,9736.654300523795,0
OND,D,20220531,000000,11.4223,11.4223,10.8697,11.054,7017.252023479296,0
OND,D,20220601,000000,11.054,11.1645,10.8881,11.054,3800.649649474167,0
OND,D,20220602,000000,11.1645,11.1828,10.8881,10.8881,8062.674934774248,0
OND,D,20220603,000000,11.146,11.1645,10.7406,11.0171,69448.43188397911,0
OND,D,20220606,000000,11.054,11.054,10.6855,10.8143,9750.766967031412,0
OND,D,20220607,000000,10.9803,10.9803,10.7406,10.7775,4774.423638499682,0
OND,D,20220608,000000,10.8697,10.8697,10.6855,10.6855,10117.696296229431,0
OND,D,20220609,000000,10.9065,10.9065,10.3907,10.4091,5413.835990267829,0
OND,D,20220610,000000,10.5933,10.5933,9.7827,9.96699,14474.167888157404,0
OND,D,20220613,000000,10.0407,10.0407,9.11947,9.69066,13621.97994904366,0
OND,D,20220614,000000,9.67221,9.8195,9.23,9.59848,8106.098524028452,0
OND,D,20220615,000000,9.8195,10.5933,9.8195,10.2249,12782.819086706175,0
OND,D,20220617,000000,10.667,10.667,10.317,10.4091,19084.66747722247,0
OND,D,20220620,000000,10.4091,10.4275,10.1327,10.1327,7904.178833996405,0
OND,D,20220621,000000,10.3723,10.3723,10.1327,10.2617,12099.983145683826,0
OND,D,20220622,000000,10.2617,10.2617,10.059,10.1327,4259.85410583737,0
OND,D,20220623,000000,10.2986,10.2986,10.0407,10.0407,8173.405087372466,0
OND,D,20220624,000000,10.1327,10.2986,10.1143,10.1143,12945.657546409439,0
OND,D,20220627,000000,10.1327,10.2064,9.98534,10.1327,10668.090290026463,0
OND,D,20220628,000000,10.1143,10.1695,10.0774,10.0774,2915.894018419769,0
OND,D,20220629,000000,10.2986,10.2986,9.8195,10.1143,15482.680748586281,0
OND,D,20220630,000000,10.1143,10.1143,9.8195,9.8195,54117.73369778255,0
OND,D,20220701,000000,10.059,10.059,9.8564,9.94854,6101.014290215601,0
OND,D,20220704,000000,10.4091,10.4091,9.39581,9.50634,32301.722456470678,0
OND,D,20220705,000000,9.50634,11.1645,9.50634,11.1645,29441.193514350016,0
OND,D,20220706,000000,11.4408,13.0067,11.4408,11.6066,138946.80089560058,0
OND,D,20220707,000000,12.0672,12.1408,11.5145,11.8276,18813.2700443837,0
OND,D,20220708,000000,11.883,12.4357,11.5145,12.233,34354.572638463156,0
OND,D,20220711,000000,11.6988,12.1593,11.6988,11.9751,18017.532771300415,0
OND,D,20220712,000000,11.8092,11.883,11.4223,11.5145,16038.502691040088,0
OND,D,20220713,000000,11.5328,11.625,10.9618,10.9618,18021.87513022584,0
OND,D,20220714,000000,10.9618,11.1276,10.7775,10.8328,9669.34773717978,0
OND,D,20220715,000000,10.7591,11.3303,10.7591,11.054,12242.19540049134,0
OND,D,20220718,000000,11.4776,11.5145,11.146,11.3671,5777.508550271784,0
OND,D,20220719,000000,11.4776,11.5145,11.2934,11.4223,15107.06670153742,0
OND,D,20220720,000000,11.5145,12.1408,11.5145,12.1408,18423.54333082722,0
OND,D,20220721,000000,12.1593,12.1593,11.5328,12.0672,10421.661421008857,0
OND,D,20220722,000000,12.1224,12.1224,11.8461,11.8461,7043.306177031818,0
OND,D,20220725,000000,11.883,12.2514,11.8461,12.0672,11475.769050154648,0
OND,D,20220726,000000,12.1593,12.2514,11.7908,11.9751,10027.592348526958,0
OND,D,20220727,000000,12.0119,12.1593,11.8276,11.9382,10144.836039513308,0
OND,D,20220728,000000,11.9751,11.9751,11.7908,11.7908,4914.464713844489,0
OND,D,20220729,000000,11.8645,11.8645,11.054,11.7356,20835.723713898224,0
OND,D,20220801,000000,11.7908,11.7908,11.1645,11.5697,11662.490483947724,0
OND,D,20220802,000000,11.6066,11.6066,11.1091,11.146,19470.051831853525,0
OND,D,20220803,000000,11.1828,11.404,10.9618,11.054,26270.1859090618,0
OND,D,20220804,000000,11.0171,11.2013,10.8881,10.9803,5567.989732120253,0
OND,D,20220805,000000,11.054,11.1828,10.9065,11.054,7513.366530708572,0
OND,D,20220808,000000,11.146,11.146,10.8697,10.9803,9286.134562011432,0
OND,D,20220809,000000,11.146,11.146,10.7775,10.9803,8132.152677580973,0
OND,D,20220810,000000,10.9986,10.9986,10.7591,10.8881,2623.8703806852504,0
OND,D,20220811,000000,10.796,11.2382,10.796,11.2197,9470.684816341796,0
OND,D,20220812,000000,11.2566,11.4408,11.2197,11.3303,3766.9963678021595,0
OND,D,20220816,000000,11.4223,11.6066,11.2013,11.2197,21738.93437038566,0
OND,D,20220817,000000,11.4223,11.4223,10.9434,11.0724,5888.238702870004,0
OND,D,20220818,000000,11.146,11.146,10.7775,10.8697,16595.410223225248,0
OND,D,20220819,000000,10.9434,10.9434,10.7775,10.8697,7301.67653309433,0
OND,D,20220822,000000,10.9065,11.054,10.7039,10.7039,4130.668927806114,0
OND,D,20220823,000000,10.7775,10.8328,10.6855,10.8328,3577.0181648150187,0
OND,D,20220824,000000,10.8143,10.8143,10.5933,10.6855,7423.2625830061,0
OND,D,20220825,000000,10.6855,10.6855,10.5933,10.6118,5746.026448062486,0
OND,D,20220826,000000,10.8328,10.8328,10.667,10.7406,19651.345316989824,0
OND,D,20220829,000000,10.8512,10.8512,10.5012,10.7591,6145.52346920116,0
OND,D,20220830,000000,10.796,10.8697,10.5933,10.5933,35015.6967848584,0
OND,D,20220831,000000,10.5749,10.5933,10.2801,10.317,14135.463891974616,0
OND,D,20220901,000000,10.3907,10.3907,10.1695,10.1695,2108.2152582915833,0
OND,D,20220902,000000,10.188,10.4643,10.0774,10.2433,8062.674934774248,0
OND,D,20220905,000000,10.2433,10.4091,9.8564,9.96699,36597.40102344277,0
OND,D,20220906,000000,9.87485,9.94854,9.11947,9.23,74524.64946779553,0
OND,D,20220907,000000,9.3037,9.37739,9.21158,9.3037,12481.02514138946,0
OND,D,20220908,000000,9.39581,9.56163,9.21158,9.3037,10517.193317368105,0
OND,D,20220909,000000,9.35896,9.46948,9.04578,9.21158,20849.836380405843,0
OND,D,20220912,000000,9.21158,9.3037,9.11947,9.1379,63018.483905162924,0
OND,D,20220913,000000,9.17474,9.35896,9.10105,9.11947,17223.966677679844,0
OND,D,20220914,000000,9.11947,9.26685,9.11947,9.15631,7946.516833519253,0
OND,D,20220915,000000,9.26685,9.37739,9.11947,9.1379,9024.507436754857,0
OND,D,20220916,000000,9.34054,9.34054,9.0642,9.0642,7750.025092143982,0
OND,D,20220919,000000,9.19316,9.19316,9.02735,9.11947,7854.24170635407,0
OND,D,20220920,000000,9.11947,9.11947,8.71415,8.83391,12919.603392856916,0
OND,D,20220921,000000,8.8247,8.8247,8.33647,8.36412,13031.41913518649,0
OND,D,20220922,000000,8.37332,8.37332,8.01408,8.01408,30610.37365501945,0
OND,D,20220923,000000,8.06014,8.06014,7.75615,7.78379,17518.161494877073,0
OND,D,20220926,000000,7.82984,7.82984,7.60877,7.60877,11111.010900419336,0
OND,D,20220927,000000,7.60877,7.90354,7.59034,7.68246,11207.62838650994,0
OND,D,20220928,000000,7.68246,7.69167,7.59955,7.60877,5766.652652958233,0
OND,D,20220929,000000,7.61797,7.64561,7.52586,7.55349,22544.44195105114,0
OND,D,20220930,000000,7.56271,7.56271,7.40612,7.40612,18049.014873509714,0
OND,D,20221003,000000,7.46138,7.67325,7.46138,7.46138,32880.341783282944,0
OND,D,20221004,000000,7.55349,7.64561,7.55349,7.59955,3333.8460649914787,0
OND,D,20221005,000000,7.64561,7.70088,7.46138,7.68246,12431.088013747127,0
OND,D,20221006,000000,7.69167,7.89432,7.59955,7.68246,4740.770356827675,0
OND,D,20221007,000000,7.68246,8.23516,7.68246,8.22595,11992.50976227967,0
OND,D,20221010,000000,8.10619,8.22595,7.40612,8.10619,14295.045582483815,0
OND,D,20221011,000000,8.01408,8.01408,7.83906,7.92197,2215.688641695737,0
OND,D,20221012,000000,7.92197,7.92197,7.42454,7.43375,33734.700901859396,0
OND,D,20221013,000000,7.68246,7.73773,7.51664,7.59955,10186.088449304803,0
OND,D,20221014,000000,7.79299,8.01408,7.55349,8.01408,12335.556117387878,0
OND,D,20221017,000000,7.96802,7.96802,7.19425,7.19425,39892.165858105465,0
OND,D,20221018,000000,7.36927,7.64561,7.32321,7.40612,18468.052509812776,0
OND,D,20221019,000000,7.55349,7.59955,7.19425,7.36927,7847.72816796594,0
OND,D,20221020,000000,7.36927,7.42454,7.314,7.32321,3525.99544744133,0
OND,D,20221021,000000,7.38769,7.66403,7.38769,7.55349,8930.061130126964,0
OND,D,20221024,000000,7.55349,7.73773,7.46138,7.47059,4041.650569834997,0
OND,D,20221025,000000,7.59955,7.59955,7.46138,7.47981,2812.762993941036,0
OND,D,20221026,000000,7.50744,7.55349,7.36927,7.41532,6017.4238809012595,0
OND,D,20221027,000000,7.43375,7.51664,7.32321,7.51664,8156.035651670784,0
OND,D,20221028,000000,7.53507,7.64561,7.37849,7.44296,8888.808720335472,0
OND,D,20221031,000000,7.44296,7.55349,7.35084,7.36927,55484.491169558605,0
OND,D,20221102,000000,7.55349,7.60877,7.36927,7.42454,31278.01133980283,0
OND,D,20221103,000000,7.46138,7.60877,7.42454,7.51664,38309.37602978974,0
OND,D,20221104,000000,7.59955,7.90354,7.59955,7.81142,21629.289807518795,0
OND,D,20221107,000000,7.81142,8.08778,7.57192,7.80221,31916.33810183962,0
OND,D,20221108,000000,7.55349,7.72851,7.53507,7.60877,39523.06534944473,0
OND,D,20221109,000000,7.68246,7.79299,7.46138,7.46138,27032.26990047308,0
OND,D,20221110,000000,7.44296,7.73773,7.44296,7.64561,11839.441610158601,0
OND,D,20221114,000000,7.71931,8.01408,7.71931,7.84827,26626.25934094627,0
OND,D,20221115,000000,7.92197,8.15226,7.73773,7.8759,43998.95181182177,0
OND,D,20221116,000000,7.75615,7.99565,7.75615,7.85748,14584.898040755623,0
OND,D,20221117,000000,7.99565,7.99565,7.75615,7.81142,6515.709567593245,0
OND,D,20221118,000000,7.90354,7.96802,7.84827,7.89432,10913.433569312712,0
OND,D,20221121,000000,8.1891,8.21674,7.94039,8.15226,104777.86410119913,0
OND,D,20221122,000000,8.29964,8.65889,8.29964,8.47465,149486.79159732713,0
OND,D,20221123,000000,8.71415,8.71415,8.56677,8.62204,63538.48138648202,0
OND,D,20221124,000000,8.73258,8.93524,8.69574,8.76022,77431.85876836443,0
OND,D,20221125,000000,8.88918,8.88918,8.52993,8.59441,35710.474212925656,0
OND,D,20221128,000000,8.58519,8.64967,8.29964,8.52071,32734.87275928136,0
OND,D,20221129,000000,8.60362,8.60362,8.4286,8.50229,18300.871691184093,0
OND,D,20221130,000000,8.49308,8.7418,8.47465,8.63125,32957.41865420915,0
OND,D,20221201,000000,8.751,8.90761,8.62204,8.76943,22008.160623761723,0
OND,D,20221202,000000,8.91681,9.67221,8.90761,9.39581,133321.2749077185,0
OND,D,20221205,000000,9.63534,10.0222,9.5432,9.58006,88047.84075128585,0
OND,D,20221206,000000,9.56163,9.65377,9.39581,9.58006,23095.92153457952,0
OND,D,20221207,000000,9.58006,9.67221,9.45106,9.58006,65077.84762554353,0
OND,D,20221208,000000,9.67221,10.0038,9.63534,9.96699,77579.49897182874,0
OND,D,20221209,000000,10.0222,10.7406,10.0222,10.4643,133008.62506508824,0
OND,D,20221212,000000,10.5749,10.5749,10.3723,10.4828,28904.912187060607,0
OND,D,20221213,000000,10.5749,10.9434,10.5749,10.9249,99044.86472991292,0
OND,D,20221214,000000,11.2197,11.3855,10.7591,10.9249,170332.28561880757,0
OND,D,20221215,000000,10.9249,10.9249,10.317,10.4828,66763.76847833798,0
OND,D,20221216,000000,10.2249,10.3907,9.4142,10.1327,92238.21711431652,0
OND,D,20221219,000000,10.059,10.4091,9.8932,9.93009,32944.39157743289,0
OND,D,20221220,000000,9.87485,9.93009,9.3037,9.56163,66303.47843224343,0
OND,D,20221221,000000,9.46948,9.67221,9.34054,9.48791,88919.569305564,0
OND,D,20221222,000000,9.67221,9.94854,9.52477,9.58006,42219.670242130764,0
OND,D,20221223,000000,9.69066,9.69066,9.34054,9.35896,27463.249023821045,0
OND,D,20221227,000000,9.5432,9.58006,9.04578,9.14711,88505.95961791772,0
OND,D,20221228,000000,9.11947,9.21158,9.07341,9.1379,65223.316649545115,0
OND,D,20221229,000000,9.1379,9.21158,9.12868,9.20237,30127.286224566433,0
OND,D,20221230,000000,9.14711,9.21158,9.10105,9.14711,37400.73742464554,0
OND,D,20230102,000000,9.20237,9.8195,9.12868,9.43263,75045.73253884597,0
OND,D,20230103,000000,9.48791,9.76426,9.48791,9.58006,124154.55521615614,0
OND,D,20230104,000000,9.58006,9.8564,9.50634,9.72736,52667.38581669215,0
OND,D,20230105,000000,9.72736,9.83795,9.4142,9.58006,55330.33742770618,0
OND,D,20230109,000000,9.58006,9.80105,9.52477,9.59848,52634.8181247515,0
OND,D,20230110,000000,9.63534,9.7827,9.56163,9.67221,38508.03895062773,0
OND,D,20230111,000000,9.67221,9.7827,9.16553,9.16553,80141.49073782674,0
OND,D,20230112,000000,9.3037,9.65377,9.04578,9.34054,105530.17778502822,0
OND,D,20230113,000000,9.48791,10.7406,9.26685,10.667,236646.61994836453,0
OND,D,20230116,000000,11.2382,12.7857,11.2382,12.7857,583477.3408600766,0
OND,D,20230117,000000,13.1726,14.1858,12.4909,12.7304,580051.2196679198,0
OND,D,20230118,000000,12.7304,13.1541,11.883,12.9884,389424.91961116035,0
OND,D,20230119,000000,12.7304,12.8225,11.8276,11.9382,274076.6682957566,0
OND,D,20230120,000000,11.9382,12.454,11.8645,12.4173,179205.89608290404,0
OND,D,20230123,000000,12.6752,13.1726,12.6015,12.7673,255082.10476623665,0
OND,D,20230124,000000,12.8962,14.0569,12.5278,13.6515,394754.07960238244,0
OND,D,20230125,000000,13.799,14.2411,12.8778,12.9515,402852.57899829146,0
OND,D,20230126,000000,13.0436,13.1541,12.0672,12.0856,293888.68089298706,0
OND,D,20230127,000000,11.9751,13.0804,11.625,13.0804,602827.9778214811,0
OND,D,20230130,000000,13.1909,13.6884,12.5093,13.67,531501.4757022576,0
OND,D,20230131,000000,13.6331,13.7252,13.1909,13.2646,149697.39600521,0
OND,D,20230201,000000,13.4121,13.4121,12.8225,13.0621,111689.81392073701,0
OND,D,20230202,000000,13.2463,13.4121,12.7304,13.2463,79522.70459095435,0
OND,D,20230203,000000,13.0252,13.541,12.9884,13.32,77997.45101840046,0
OND,D,20230206,000000,13.32,14.3885,13.1357,14.3885,282303.26727996557,0
OND,D,20230207,000000,14.4622,14.628,13.5594,13.5963,166372.0542788242,0
OND,D,20230208,000000,13.6515,14.2227,13.6331,13.8173,98646.45329850561,0
OND,D,20230209,000000,14.1858,14.4622,13.0804,13.4306,281383.7727775078,0
OND,D,20230210,000000,13.3752,13.5042,12.8041,13.0436,115957.26715469384,0
OND,D,20230213,000000,12.5646,12.8962,12.3251,12.5646,137339.0425034637,0
OND,D,20230214,000000,12.5646,12.8962,12.3988,12.8962,41216.58533035867,0
OND,D,20230215,000000,12.7304,12.9884,12.7121,12.9146,32003.185280348025,0
OND,D,20230216,000000,13.6147,13.8173,13.0067,13.2463,107185.70212534473,0
OND,D,20230217,000000,13.1357,13.5963,12.8962,13.4121,32126.94250972251,0
OND,D,20230220,000000,13.4121,13.4121,13.0436,13.1726,21786.700318565287,0
OND,D,20230221,000000,13.1726,13.1726,12.6383,12.8225,28306.75224508395,0
OND,D,20230222,000000,12.8041,12.8962,12.6199,12.8594,16385.89140507372,0
OND,D,20230223,000000,13.5963,13.5963,12.9699,13.0804,47871.25038356537,0
OND,D,20230224,000000,13.1726,13.2463,12.7673,13.0804,27774.813276719957,0
OND,D,20230227,000000,12.933,13.3937,12.933,13.2646,26365.717805421053,0
OND,D,20230228,000000,13.3568,13.6331,13.0804,13.3752,42179.50342207064,0
OND,D,20230301,000000,13.3752,13.67,13.3752,13.4121,15119.008188582327,0
OND,D,20230302,000000,13.5042,13.5042,13.0804,13.1541,15884.348949187664,0
OND,D,20230303,000000,13.1541,13.7437,12.9884,13.7437,64757.59865479378,0
OND,D,20230306,000000,13.7621,13.7806,13.3752,13.6331,22263.27421063017,0
OND,D,20230307,000000,13.6331,13.6331,13.3384,13.6331,21005.07571198962,0
OND,D,20230308,000000,13.4489,14.2227,13.4489,14.1858,87619.03280740061,0
OND,D,20230309,000000,14.2227,14.2227,13.8357,13.9832,26684.88118643945,0
OND,D,20230310,000000,13.6331,13.7252,13.1173,13.3384,113224.83780087308,0
OND,D,20230313,000000,13.1357,13.3384,12.4357,12.8778,87565.8389105642,0
OND,D,20230314,000000,12.8778,13.3752,12.7121,13.0804,33965.93151463803,0
OND,D,20230315,000000,13.1173,13.2646,12.1961,12.3436,83934.54125918142,0
OND,D,20230316,000000,12.3436,12.5278,11.9567,12.3436,63542.82374540743,0
OND,D,20230317,000000,12.454,12.8778,12.0856,12.1224,26066.095039567044,0
OND,D,20230320,000000,11.8461,12.4357,11.5328,12.2698,47592.253822607105,0
OND,D,20230321,000000,12.3067,12.8041,12.3067,12.5278,18783.95912163711,0
OND,D,20230322,000000,12.5278,12.6752,12.3436,12.3988,7436.289659782361,0
OND,D,20230323,000000,12.4357,12.5461,11.9751,12.2514,11090.384695523591,0
OND,D,20230324,000000,12.3804,12.3804,11.883,12.1224,14964.854446729905,0
OND,D,20230327,000000,12.1408,12.2882,11.883,12.2882,19345.209012747688,0
OND,D,20230328,000000,12.2882,13.7252,12.1593,13.0067,80493.22181078579,0
OND,D,20230329,000000,13.32,13.32,13.0067,13.2094,22981.934612787238,0
OND,D,20230330,000000,13.2463,13.5963,12.9146,13.4306,47767.03376935527,0
OND,D,20230331,000000,12.9146,12.933,12.1224,12.454,120952.06550865862,0
OND,D,20230403,000000,12.5278,12.6752,12.1593,12.2514,51299.54275518474,0
OND,D,20230404,000000,12.2514,12.4173,11.2566,11.8645,94145.5982723074,0
OND,D,20230405,000000,11.6619,11.9751,11.4223,11.4223,59045.225488403295,0
OND,D,20230406,000000,11.4223,11.9567,11.4223,11.7908,24172.82654808377,0
OND,D,20230411,000000,11.883,12.5278,11.883,12.3251,50642.76096771491,0
OND,D,20230412,000000,12.3251,12.4909,12.1224,12.2882,9583.586148402728,0
OND,D,20230413,000000,12.3436,12.5093,12.1961,12.4173,10640.950546742584,0
OND,D,20230414,000000,12.3067,12.583,12.3067,12.583,15913.659871934253,0
OND,D,20230417,000000,12.583,12.6015,12.3067,12.3067,23575.75219583847,0
OND,D,20230418,000000,12.3251,12.8962,12.1593,12.583,55295.59855630282,0
OND,D,20230419,000000,12.7121,12.7857,12.454,12.454,14965.94003646126,0
OND,D,20230420,000000,12.5278,12.7673,12.4724,12.6936,23995.875421872894,0
OND,D,20230421,000000,12.454,12.6936,12.454,12.583,20905.201456704952,0
OND,D,20230424,000000,12.5278,12.8594,12.3804,12.6752,27299.324974386425,0
OND,D,20230425,000000,12.6752,12.7673,12.4724,12.5278,15774.7043863208,0
OND,D,20230426,000000,12.6015,12.6199,12.2698,12.6015,15455.541005302406,0
OND,D,20230427,000000,12.583,12.583,12.3988,12.4173,11991.424172548315,0
OND,D,20230428,000000,12.4357,12.4357,12.1408,12.1593,24868.68956588238,0
OND,D,20230502,000000,12.0856,12.3067,12.0304,12.1408,10033.020297183735,0
OND,D,20230504,000000,12.1224,12.1408,11.625,11.9013,55636.47373194832,0
OND,D,20230505,000000,11.7908,12.0304,11.7908,11.9751,10622.495521309547,0
OND,D,20230508,000000,12.0119,12.3436,11.9751,12.2145,11601.697458991839,0
OND,D,20230509,000000,11.9935,12.3067,11.9935,12.2514,4607.242819870999,0
OND,D,20230510,000000,11.6803,11.754,10.6855,11.6066,141960.3979898423,0
OND,D,20230511,000000,11.6066,11.754,10.8697,10.9618,76722.96867378958,0
OND,D,20230512,000000,10.9618,11.0355,10.7591,10.9986,63785.99584523097,0
OND,D,20230515,000000,11.0171,11.5145,10.9986,11.5145,33187.56367725643,0
OND,D,20230516,000000,11.5145,11.5882,11.2382,11.2382,12262.821605387087,0
OND,D,20230517,000000,11.1091,11.4776,11.0724,11.2197,19584.03875364581,0
OND,D,20230518,000000,11.3119,11.3119,10.796,10.8697,42392.279009416234,0
OND,D,20230519,000000,10.8697,10.9618,10.6301,10.9434,41359.88317489754,0
OND,D,20230522,000000,10.9986,11.1091,10.796,10.796,18698.197532860057,0
OND,D,20230523,000000,10.8512,10.8512,10.3907,10.4828,38446.16033594048,0
OND,D,20230524,000000,10.4091,10.4828,10.1695,10.1695,31802.351180047335,0
OND,D,20230525,000000,10.188,10.317,10.1327,10.2617,23447.652607538574,0
OND,D,20230526,000000,10.2617,10.5012,10.1327,10.5012,20221.279925951247,0
OND,D,20230529,000000,10.5012,10.6301,10.2064,10.2249,15708.48341270814,0
OND,D,20230530,000000,10.188,10.4091,10.1695,10.2617,8919.205232813412,0
OND,D,20230531,000000,10.2249,10.317,10.1327,10.1327,16391.319353730494,0
OND,D,20230601,000000,10.1327,10.4643,10.1327,10.3907,9371.896150788485,0
OND,D,20230602,000000,10.317,10.5749,10.317,10.5565,10662.662341369685,0
OND,D,20230605,000000,10.5749,10.5749,10.317,10.3907,4993.71276423341,0
OND,D,20230606,000000,10.3907,10.5012,10.2249,10.4091,19391.889371195954,0
OND,D,20230607,000000,10.4091,10.4643,10.317,10.3538,11912.176122159393,0
OND,D,20230609,000000,10.4091,10.538,10.4091,10.5012,7278.879148735873,0
OND,D,20230612,000000,10.5012,10.538,10.2249,10.3723,8588.100364750111,0
OND,D,20230613,000000,10.4275,10.4275,10.2249,10.2249,7918.291500504021,0
OND,D,20230614,000000,10.2249,10.3723,10.1512,10.2986,10908.005620655937,0
OND,D,20230615,000000,10.1695,10.2617,10.0407,10.0774,18877.319838533647,0
OND,D,20230616,000000,10.1512,11.6803,10.1327,11.3303,126415.83862656879,0
OND,D,20230619,000000,11.2382,11.2382,10.9065,11.0171,18211.853333212977,0
OND,D,20230620,000000,10.8697,11.6619,10.8697,11.146,26735.903903813134,0
OND,D,20230621,000000,11.146,11.5145,11.146,11.3303,8112.6120624165815,0
OND,D,20230622,000000,11.3303,11.4408,11.1091,11.2382,16764.762221316643,0
OND,D,20230623,000000,11.0724,11.2197,10.8881,10.9065,18051.18605297242,0
OND,D,20230626,000000,10.8697,10.9618,10.6855,10.7039,10742.995981489963,0
OND,D,20230627,000000,10.7039,11.054,10.7039,10.8143,6337.672851651011,0
OND,D,20230628,000000,10.7775,11.2197,10.7223,11.2197,17178.37190896293,0
OND,D,20230629,000000,11.2197,11.9751,10.9249,11.9751,69272.5663474996,0
OND,D,20230630,000000,11.9751,12.4357,11.4223,12.4357,67811.36256909564,0
OND,D,20230703,000000,12.3436,12.3436,11.9013,12.0856,15294.873725061852,0
OND,D,20230704,000000,11.9751,12.1408,11.8092,11.883,13476.510925042077,0
OND,D,20230705,000000,11.9567,12.2145,11.6066,11.7908,17169.68719111209,0
OND,D,20230706,000000,11.883,12.6199,11.883,12.1224,35921.07862080854,0
OND,D,20230707,000000,12.1593,12.3619,11.9382,12.0304,14274.419377588067,0
OND,D,20230710,000000,12.0304,12.2698,11.883,11.9382,3662.779753592071,0
OND,D,20230711,000000,11.9751,12.1408,11.7171,11.7171,15170.030905956015,0
OND,D,20230712,000000,11.8645,11.9751,11.6803,11.7908,24322.63793101077,0
OND,D,20230713,000000,11.9567,12.1961,11.6988,11.883,31166.195597473255,0
OND,D,20230714,000000,11.7908,11.9382,11.6988,11.7171,8513.194673286609,0
OND,D,20230717,000000,11.9198,11.9198,11.6803,11.7171,4503.02620566091,0
OND,D,20230718,000000,11.6988,11.8645,11.6066,11.6619,9279.621023623304,0
OND,D,20230719,000000,11.8461,11.8461,11.6434,11.6803,8776.992978005896,0
OND,D,20230720,000000,11.7908,11.8092,11.3303,11.3303,21311.212016231755,0
OND,D,20230721,000000,11.2934,11.2934,11.2382,11.2566,11876.351661024675,0
OND,D,20230724,000000,11.2566,11.2566,10.8512,10.9986,16687.68535039043,0
OND,D,20230725,000000,10.9986,10.9986,10.6118,10.7223,24827.437156090888,0
OND,D,20230726,000000,10.7223,10.7775,10.5933,10.6301,39410.1640173838,0
OND,D,20230727,000000,10.6301,10.6855,10.5933,10.6118,32800.00814316267,0
OND,D,20230728,000000,10.6486,10.9249,10.4459,10.5933,47345.8249535895,0
OND,D,20230731,000000,10.5012,10.8881,10.5012,10.5933,21072.38227533364,0
OND,D,20230801,000000,10.6301,10.7775,10.5933,10.5933,12867.495085751872,0
OND,D,20230802,000000,10.5565,10.6486,10.317,10.3538,31883.770409898967,0
OND,D,20230803,000000,10.317,10.5012,10.2986,10.317,22802.812307113647,0
OND,D,20230804,000000,10.3538,10.4459,10.317,10.317,14879.092857952852,0
OND,D,20230807,000000,10.3538,10.4275,10.317,10.4275,15302.472853181338,0
OND,D,20230808,000000,10.4091,10.4091,10.2249,10.2249,22512.959848841838,0
OND,D,20230809,000000,10.3907,10.3907,10.1512,10.1512,19104.20809238686,0
OND,D,20230810,000000,10.1695,10.3538,10.1327,10.188,10985.082491582147,0
OND,D,20230811,000000,10.2986,10.5197,10.1695,10.4828,13943.314509524764,0
OND,D,20230814,000000,10.4828,11.2934,10.4828,11.2197,41611.73999257192,0
OND,D,20230816,000000,11.3303,11.5145,10.8697,10.8697,16228.480894027229,0
OND,D,20230817,000000,10.7775,11.1091,10.5933,10.6118,5205.402761847652,0
OND,D,20230818,000000,10.6118,10.8512,10.1327,10.188,24059.92521602284,0
OND,D,20230821,000000,10.317,10.5565,10.188,10.3355,12175.97442687868,0
OND,D,20230822,000000,10.3355,10.5012,10.3355,10.3907,10974.226594268597,0
OND,D,20230823,000000,10.3907,10.5933,10.317,10.5749,10005.880553899859,0
OND,D,20230824,000000,10.5749,10.5933,10.059,10.317,14492.62291359044,0
OND,D,20230825,000000,10.317,10.5749,10.2801,10.317,2438.23453662353,0
OND,D,20230828,000000,10.317,10.5933,10.317,10.3907,9806.132043330523,0
OND,D,20230829,000000,10.4091,10.8143,10.317,10.6486,13606.781692804687,0
OND,D,20230830,000000,10.7223,11.054,10.667,10.8697,26190.93785867288,0
OND,D,20230831,000000,10.8697,10.9618,10.2249,10.4091,54599.73553850421,0
OND,D,20230901,000000,10.3907,10.5749,10.317,10.5012,15402.347108466005,0
OND,D,20230904,000000,10.4828,10.5012,10.2801,10.317,23840.636090289114,0
OND,D,20230905,000000,10.538,10.7591,10.3355,10.4459,21947.36759880584,0
OND,D,20230906,000000,10.4459,10.4828,10.1327,10.2801,18690.598404740573,0
OND,D,20230907,000000,10.7223,11.146,10.4091,10.4643,91724.73317138555,0
OND,D,20230908,000000,10.5012,10.538,10.1327,10.2249,38069.46069916026,0
OND,D,20230911,000000,10.2617,10.2986,9.59848,9.61691,78419.74542389756,0
OND,D,20230912,000000,9.61691,9.8564,9.3037,9.50634,77799.87368729383,0
OND,D,20230913,000000,9.50634,9.59848,9.26685,9.28528,36450.84640970983,0
OND,D,20230914,000000,9.39581,9.52477,9.17474,9.35896,74340.09921346516,0
OND,D,20230915,000000,9.37739,9.69066,9.32211,9.52477,30874.17195973874,0
OND,D,20230918,000000,9.74581,9.8195,9.50634,9.70901,19087.924246416533,0
OND,D,20230919,000000,9.67221,9.8195,9.21158,9.63534,37212.9304011211,0
OND,D,20230920,000000,9.65377,9.65377,9.39581,9.48791,4005.826108700279,0
OND,D,20230921,000000,9.48791,9.59848,9.3037,9.45106,17184.885447351062,0
OND,D,20230922,000000,9.48791,9.52477,9.37739,9.39581,6390.8667484874095,0
OND,D,20230925,000000,9.39581,9.56163,9.23,9.23,9454.400970371471,0
OND,D,20230926,000000,9.23,9.56163,9.21158,9.3037,14986.566241357004,0
OND,D,20230927,000000,9.3037,9.56163,9.3037,9.39581,10825.50080107295,0
OND,D,20230928,000000,9.48791,9.48791,9.16553,9.16553,22441.310926572405,0
OND,D,20230929,000000,9.16553,9.48791,9.04578,9.46948,13074.842724440694,0
OND,D,20231002,000000,9.3037,9.39581,9.21158,9.35896,17602.83749392277,0
OND,D,20231003,000000,9.32211,9.32211,9.17474,9.21158,13937.886560867988,0
OND,D,20231004,000000,10.1143,10.1327,9.56163,9.7827,66323.01904740781,0
OND,D,20231005,000000,10.0407,10.4275,9.8564,10.2801,77458.99851164831,0
OND,D,20231006,000000,10.317,10.317,9.8564,10.1327,24955.53674439079,0
OND,D,20231009,000000,10.1143,10.2617,9.48791,9.67221,54537.85692381697,0
OND,D,20231010,000000,9.67221,10.188,9.67221,10.0774,21475.136065666375,0
OND,D,20231011,000000,10.0222,10.2801,9.87485,10.2249,25397.37176505231,0
OND,D,20231012,000000,10.2801,10.4275,10.1143,10.3538,25757.7875558622,0
OND,D,20231013,000000,10.4091,10.6855,10.2986,10.6855,27303.66733331185,0
OND,D,20231016,000000,11.2382,11.4223,10.8881,11.404,64942.148909124146,0
OND,D,20231017,000000,11.4591,11.8461,11.0907,11.4408,83689.1979798952,0
OND,D,20231018,000000,11.3303,11.3855,11.0724,11.0724,39183.27576353059,0
OND,D,20231019,000000,11.0724,11.2013,10.6855,10.7775,39153.96484078401,0
OND,D,20231020,000000,10.8697,10.8697,10.5197,10.7775,11302.074693137833,0
OND,D,20231023,000000,10.7775,11.054,10.5933,11.0171,4570.3327690049255,0
OND,D,20231024,000000,11.0171,11.054,10.7591,10.796,7795.619860860896,0
OND,D,20231025,000000,10.796,11.1091,10.7775,10.9986,14069.242918361955,0
OND,D,20231026,000000,10.9618,11.1091,10.8328,11.0355,10848.298185431408,0
OND,D,20231027,000000,10.9618,11.1091,10.9434,11.0724,5465.944297372875,0
OND,D,20231030,000000,11.1091,11.1091,10.8512,11.054,9744.25342864328,0
OND,D,20231031,000000,11.054,11.2197,10.8697,10.9618,20441.654641416328,0
OND,D,20231102,000000,11.0724,11.5145,11.0724,11.404,36501.86912708352,0
OND,D,20231103,000000,11.4223,11.5697,11.275,11.4223,12713.34134389945,0
OND,D,20231106,000000,11.5882,11.8276,11.4223,11.7724,36105.628875138915,0
OND,D,20231107,000000,11.754,11.8645,11.6066,11.625,30500.729092152586,0
OND,D,20231108,000000,11.754,11.7908,11.5882,11.6988,11626.666022813004,0
OND,D,20231109,000000,11.7171,12.1408,11.6619,12.0488,29071.007415957934,0
OND,D,20231110,000000,12.104,12.104,11.9382,12.0304,17637.576365326135,0
OND,D,20231113,000000,12.0672,12.2514,12.0672,12.2145,40235.21221321367,0
OND,D,20231114,000000,12.2145,12.3988,11.625,11.7171,66949.40432239971,0
OND,D,20231115,000000,11.496,11.5513,10.5012,11.5145,146040.04420027471,0
OND,D,20231116,000000,11.5513,11.9382,11.3855,11.3855,23798.298090766264,0
OND,D,20231117,000000,11.5145,11.754,11.2013,11.6066,8002.967499549718,0
OND,D,20231120,000000,11.6066,11.625,11.3487,11.6066,16008.106178562146,0
OND,D,20231121,000000,11.625,11.6434,11.3855,11.496,9937.488400824486,0
OND,D,20231122,000000,11.6066,11.6066,11.4223,11.5145,6462.515670756846,0
OND,D,20231123,000000,11.5145,11.6066,11.4223,11.5513,4635.46815288623,0
OND,D,20231124,000000,11.5513,11.6066,11.4223,11.6066,8311.274983254563,0
OND,D,20231127,000000,11.6066,12.3619,11.4591,12.1961,63899.98276702326,0
OND,D,20231128,000000,12.2145,12.5278,11.9935,12.1961,43697.157866505055,0
OND,D,20231129,000000,12.5278,12.6199,12.1961,12.5093,82695.88337570528,0
OND,D,20231130,000000,12.5093,12.6936,12.3619,12.4357,70240.91238786833,0
OND,D,20231201,000000,12.7121,13.67,12.6199,13.1726,217558.695701948,0
OND,D,20231204,000000,13.5226,14.0937,13.2094,13.3568,175716.8106863288,0
OND,D,20231205,000000,13.5042,13.7621,12.7304,12.8041,168184.98913018717,0
OND,D,20231206,000000,12.8225,13.3015,12.454,13.2646,54375.01846411371,0
OND,D,20231207,000000,13.2646,13.3568,12.9146,13.1173,18319.32671661713,0
OND,D,20231208,000000,13.0804,13.5226,13.0804,13.4489,33317.83444501904,0
OND,D,20231211,000000,13.67,13.7806,13.4489,13.7069,51880.33326145971,0
OND,D,20231212,000000,13.6331,14.1674,13.5042,14.0754,82017.38979360834,0
OND,D,20231213,000000,14.0754,14.3517,13.8173,14.3148,54071.05333933428,0
OND,D,20231214,000000,14.3148,14.6464,14.0569,14.2042,81395.34687754187,0
OND,D,20231215,000000,14.3885,14.6464,14.0937,14.4806,91827.86419586428,0
OND,D,20231218,000000,14.5542,15.0149,14.5542,14.8859,74066.53060116366,0
OND,D,20231219,000000,15.0149,15.6412,15.0149,15.5491,107780.60529812731,0
OND,D,20231220,000000,15.7703,16.0281,15.0333,15.5675,107407.16243054117,0
OND,D,20231221,000000,15.2912,15.5307,15.1254,15.3649,14892.119934729113,0
OND,D,20231222,000000,15.1439,15.3649,14.6833,14.9596,45138.821029744606,0
OND,D,20231227,000000,15.0149,15.0149,14.1858,14.628,117807.11205692292,0
OND,D,20231228,000000,14.7385,15.4755,14.7385,15.3833,37780.69383061981,0
OND,D,20231229,000000,15.4755,15.844,15.2175,15.7518,63122.700519373015,0
OND,D,20240102,000000,15.7518,15.7518,14.9412,15.0149,79777.8181778228,0
OND,D,20240103,000000,15.199,15.2727,14.2964,14.9781,55886.159370159985,0
OND,D,20240104,000000,14.9781,15.107,14.5911,14.7385,28034.269222513823,0
OND,D,20240105,000000,14.6833,14.7202,14.02,14.499,48959.01129438317,0
OND,D,20240108,000000,14.4806,14.7202,14.1858,14.5542,21520.730834383292,0
OND,D,20240109,000000,14.6464,14.9781,14.2411,14.499,37909.87900865107,0
OND,D,20240110,000000,14.499,14.9227,14.3885,14.5542,14946.399421296868,0
OND,D,20240111,000000,14.849,15.0149,14.7017,14.8306,46896.3908048085,0
OND,D,20240112,000000,14.8306,15.1439,14.7939,14.8306,13784.818408746924,0
OND,D,20240115,000000,14.8306,15.0149,14.6096,14.628,18930.513735370045,0
OND,D,20240116,000000,14.5727,14.7385,14.2227,14.4622,22255.675082510683,0
OND,D,20240117,000000,14.5359,14.5359,13.8173,13.8911,39874.79642240378,0
OND,D,20240118,000000,13.9648,14.4254,13.3937,14.3148,42851.483465779434,0
OND,D,20240119,000000,14.3148,14.7017,13.4673,14.0754,33200.590754032695,0
OND,D,20240122,000000,14.3517,14.4622,13.9094,14.4622,14478.510247082824,0
OND,D,20240123,000000,14.1674,14.3701,13.9832,14.1306,9263.337177652977,0
OND,D,20240124,000000,14.3517,14.3517,13.8911,14.0754,14402.518965887968,0
OND,D,20240125,000000,14.0569,14.1306,13.6331,13.6331,26936.738004113824,0
OND,D,20240126,000000,13.6331,14.0016,13.541,13.9648,12361.6102709404,0
OND,D,20240129,000000,13.8911,14.0754,13.8911,14.0754,12585.241755599549,0
OND,D,20240130,000000,13.9832,14.0016,13.7437,13.7806,16213.282637788256,0
OND,D,20240131,000000,13.7621,13.799,13.3752,13.541,34160.25207655059,0
OND,D,20240201,000000,13.1726,13.3568,12.8594,12.9884,82377.80558441822,0
OND,D,20240202,000000,12.9884,13.0989,12.6383,12.8962,93332.49156352243,0
OND,D,20240205,000000,12.9884,13.5042,12.9884,13.1541,38211.67295396778,0
OND,D,20240206,000000,13.1726,13.1726,12.9146,13.0804,26213.735243031337,0
OND,D,20240207,000000,13.0804,13.3568,13.0252,13.1357,12656.890677868985,0
OND,D,20240208,000000,13.2278,13.3015,13.0436,13.0621,11168.54715618116,0
OND,D,20240209,000000,13.0804,13.2094,13.0436,13.0621,6352.871107889981,0
OND,D,20240212,000000,12.8225,12.933,12.7304,12.7673,39676.1335015658,0
OND,D,20240213,000000,12.7304,12.7304,12.1593,12.3436,64801.022244047985,0
OND,D,20240214,000000,12.1593,12.3988,12.0672,12.1408,32022.72589551242,0
OND,D,20240215,000000,12.233,12.6015,12.1593,12.1593,23394.458710702173,0
OND,D,20240216,000000,12.1593,12.4357,12.1593,12.2145,26453.650573660812,0
OND,D,20240219,000000,12.2698,12.3067,12.0672,12.1776,23885.14526927467,0
OND,D,20240220,000000,12.1593,13.0804,12.1593,13.0804,60456.49213916491,0
OND,D,20240221,000000,13.1726,13.7437,13.0804,13.2646,80027.50381603447,0
OND,D,20240222,000000,13.4489,13.9094,13.3568,13.9094,43850.22601862612,0
OND,D,20240223,000000,14.0937,14.4438,13.7252,14.2779,113470.18108015935,0
OND,D,20240226,000000,14.7385,15.0333,14.4806,14.8306,69231.3139377081,0
OND,D,20240227,000000,14.9227,14.9781,14.149,14.628,41888.56537406747,0
OND,D,20240228,000000,14.7017,14.7017,13.7437,13.7621,65040.93757467746,0
OND,D,20240229,000000,13.7621,14.1858,13.7252,14.1858,46794.34537006112,0
OND,D,20240301,000000,14.3517,14.5359,14.1858,14.4069,29520.441564738943,0
OND,D,20240304,000000,14.5174,14.6464,13.9094,14.0385,33807.43541386019,0
OND,D,20240305,000000,14.02,14.02,13.541,13.7252,16264.305355161947,0
OND,D,20240306,000000,14.0016,14.0937,13.6515,14.0937,23942.68152503649,0
OND,D,20240307,000000,14.149,14.2779,13.8357,14.1858,14323.270915499046,0
OND,D,20240308,000000,14.2227,14.5542,14.0016,14.2227,37423.53480900399,0
OND,D,20240311,000000,14.1858,14.1858,13.7069,13.9094,21609.749192354408,0
OND,D,20240312,000000,13.9094,13.9094,13.5963,13.6331,28631.343574759125,0
OND,D,20240313,000000,13.541,13.541,13.2831,13.4121,29932.965662653878,0
OND,D,20240314,000000,13.4121,13.4489,13.2646,13.4489,35902.62359537552,0
OND,D,20240315,000000,13.4489,13.4489,12.9884,13.1726,20012.846697531066,0
OND,D,20240318,000000,13.0067,13.2646,12.8962,12.9884,20643.574331448377,0
OND,D,20240319,000000,12.9884,13.0989,12.9515,13.0989,5959.8876251394395,0
OND,D,20240320,000000,13.0804,13.0989,12.9884,13.0804,8627.181595078893,0
OND,D,20240321,000000,13.0067,13.0804,12.8778,12.8962,28983.07464771817,0
OND,D,20240322,000000,12.8962,12.8962,12.6383,12.7857,23486.733837867352,0
OND,D,20240325,000000,12.7673,12.8409,12.3436,12.4357,21003.990122258263,0
OND,D,20240326,000000,12.454,12.8409,12.4357,12.8409,28826.74972640304,0
OND,D,20240327,000000,12.8409,12.8409,12.5278,12.7304,19492.849216211984,0
OND,D,20240328,000000,12.8041,12.8778,12.233,12.8778,64504.65624738805,0
OND,D,20240402,000000,12.8778,12.8962,12.0672,12.6936,37912.05018811378,0
OND,D,20240403,000000,12.8409,13.32,12.6752,13.2278,22634.54589875361,0
OND,D,20240404,000000,13.1909,13.8173,13.1726,13.8173,48377.13519837684,0
OND,D,20240405,000000,13.7252,13.7252,13.3937,13.6331,23512.78799141988,0
OND,D,20240408,000000,13.67,14.0937,13.67,13.8173,27098.490874085735,0
OND,D,20240409,000000,13.8173,13.8173,12.933,13.1357,38064.03275050349,0
OND,D,20240410,000000,13.2463,13.4489,12.9884,13.2646,19081.4107080284,0
OND,D,20240411,000000,13.3568,13.6147,13.0989,13.0989,7247.397046526576,0
OND,D,20240412,000000,13.3015,13.5226,13.0252,13.0252,11356.354179705588,0
OND,D,20240415,000000,13.0252,13.6147,12.9146,13.3937,12869.666265214582,0
OND,D,20240416,000000,13.3568,13.3568,12.8962,13.0621,19128.09106647667,0
OND,D,20240417,000000,12.933,13.32,12.8962,13.0804,7672.94822121777,0
OND,D,20240418,000000,13.0804,13.0804,12.7121,12.8594,14998.507728401912,0
OND,D,20240419,000000,12.9699,12.9699,12.7121,12.8962,5520.223783940628,0
OND,D,20240422,000000,12.8962,12.8962,12.7121,12.8962,10095.984501602328,0
OND,D,20240423,000000,12.8778,12.8778,12.7121,12.8594,11207.62838650994,0
OND,D,20240424,000000,12.8778,12.8778,12.5646,12.5646,17577.868930101602,0
OND,D,20240425,000000,12.6752,12.8041,12.5646,12.7121,9200.37297323438,0
OND,D,20240426,000000,12.8041,13.0804,12.8041,13.0067,9659.577429597584,0
OND,D,20240429,000000,13.1357,13.1726,13.0067,13.0067,3685.5771379505277,0
OND,D,20240430,000000,13.1357,13.1357,12.2514,12.6936,19055.35655447588,0
OND,D,20240502,000000,12.8594,12.9884,12.7121,12.8778,5553.877065612637,0
OND,D,20240506,000000,12.8778,12.8962,12.6936,12.8962,17297.786779411992,0
OND,D,20240507,000000,12.9146,12.9146,12.7673,12.8594,21279.72991402246,0
OND,D,20240508,000000,12.8962,13.3015,12.8409,13.0804,32913.99506495495,0
OND,D,20240509,000000,13.4673,13.7252,13.2831,13.4489,61403.12638490655,0
OND,D,20240510,000000,13.6331,13.6884,13.3384,13.3937,20848.750790674487,0
OND,D,20240513,000000,13.7806,13.9094,13.7069,13.8911,54522.658667578,0
OND,D,20240514,000000,13.9463,14.0754,13.4489,13.6515,30293.38145346376,0
OND,D,20240515,000000,13.8173,13.9094,13.5594,13.6515,16644.26176113623,0
OND,D,20240516,000000,13.6884,13.8173,13.4489,13.6331,20647.916690373793,0
OND,D,20240517,000000,13.8776,14.0656,13.7272,13.746,14343.5010264565,0
OND,D,20240520,000000,13.7272,13.8024,13.2007,13.7836,37492.418410471466,0
OND,D,20240521,000000,13.6331,13.8588,13.5016,13.558,12329.07191892954,0
OND,D,20240522,000000,13.7272,13.7272,13.2571,13.3699,16508.959137821283,0
OND,D,20240523,000000,13.3699,13.6519,13.3511,13.6331,10938.966932901165,0
OND,D,20240524,000000,13.558,13.558,13.2571,13.3511,10226.365295074838,0
OND,D,20240527,000000,13.3699,13.5016,13.3699,13.4639,8742.664870048378,0
OND,D,20240528,000000,13.4451,13.6519,13.2758,13.5391,12166.343485216961,0
OND,D,20240529,000000,13.5767,13.5767,13.2571,13.4075,4620.211215996369,0
OND,D,20240531,000000,13.4075,13.5391,13.3511,13.5016,4735.078345675837,0
OND,D,20240603,000000,13.5016,13.7083,13.5016,13.6331,24269.93548292384,0
OND,D,20240604,000000,13.6331,13.6896,13.3135,13.4451,9869.000891627606,0
OND,D,20240605,000000,13.6144,13.7272,13.2571,13.3699,10516.723872875715,0
OND,D,20240606,000000,13.6896,13.6896,13.2758,13.4263,14174.391085539508,0
OND,D,20240607,000000,13.4451,13.6331,13.2571,13.4263,11841.95020232587,0
OND,D,20240610,000000,13.4075,13.4263,13.2571,13.2571,5079.67973471424,0
OND,D,20240611,000000,13.2571,13.3886,13.163,13.1819,8445.924785043087,0
OND,D,20240612,000000,13.1254,13.2383,12.5613,13.0502,17726.763429330458,0
OND,D,20240613,000000,13.0502,13.2383,12.9374,13.0878,5562.547113181633,0
OND,D,20240614,000000,12.8433,13.0502,12.7869,12.8998,7981.13834365487,0
OND,D,20240617,000000,12.8998,12.975,12.7305,12.9186,5575.310127590463,0
OND,D,20240618,000000,12.9186,12.975,12.7493,12.7493,4656.373090154721,0
OND,D,20240619,000000,12.7493,12.975,12.7118,12.9186,3859.7482741369304,0
OND,D,20240620,000000,12.975,12.975,12.7869,12.8246,8005.600787938461,0
OND,D,20240621,000000,12.8246,13.1442,12.8057,13.069,6049.668829785302,0
OND,D,20240624,000000,13.1254,13.3322,12.8057,13.2758,15989.92988519554,0
OND,D,20240625,000000,13.2383,13.3511,13.1254,13.1254,20555.89828995438,0
OND,D,20240626,000000,13.163,13.3511,12.975,13.1442,11973.834684550446,0
OND,D,20240627,000000,13.163,13.4075,13.0126,13.069,11111.267627420368,0
OND,D,20240628,000000,13.163,13.163,12.975,13.163,8456.56063038378,0
OND,D,20240701,000000,13.163,13.2758,12.975,13.1254,8851.150492523431,0
OND,D,20240702,000000,13.163,13.2007,12.9374,13.069,4059.7021665419297,0
OND,D,20240703,000000,13.0878,13.1442,12.975,13.1066,3373.6901420673307,0
OND,D,20240704,000000,13.1066,13.1442,12.881,13.1066,10309.324888732232,0
OND,D,20240705,000000,13.069,13.2383,13.069,13.1442,10898.55072060654,0
OND,D,20240708,000000,13.1442,13.163,12.881,13.163,10803.891697074383,0
OND,D,20240709,000000,13.069,14.1033,13.069,14.1033,255680.40406755233,0
OND,D,20240710,000000,14.4794,14.6486,14.1409,14.4041,82299.10766173645,0
OND,D,20240711,000000,14.4417,14.5922,14.1409,14.1409,28326.446895863566,0
OND,D,20240712,000000,14.0469,14.0656,13.6896,13.9716,33029.617705517325,0
OND,D,20240715,000000,13.9716,14.028,13.5391,13.558,21005.794547865633,0
OND,D,20240716,000000,13.5203,13.5203,13.069,13.1066,39296.25778025274,0
OND,D,20240717,000000,13.1066,13.3511,12.2416,12.7869,80799.45346869894,0
OND,D,20240718,000000,12.7869,13.0126,12.5049,12.975,13576.656577392649,0
OND,D,20240719,000000,12.9562,13.0126,12.6929,12.8246,10097.671566452473,0
OND,D,20240722,000000,12.7869,13.163,12.7118,13.069,10882.5969525955,0
OND,D,20240723,000000,13.1254,13.1254,12.5425,12.5425,28024.388888187925,0
OND,D,20240724,000000,12.5237,12.8622,12.5237,12.8622,17263.040572476308,0
OND,D,20240725,000000,12.6929,12.7869,12.5049,12.5613,10146.596455019651,0
OND,D,20240726,000000,12.5613,12.6929,12.5237,12.6177,9853.047123616567,0
OND,D,20240729,000000,12.5237,12.7682,12.5237,12.6929,3901.228070965627,0
OND,D,20240730,000000,12.6929,12.8998,12.5989,12.8622,5783.772696268015,0
OND,D,20240731,000000,12.881,12.9562,12.5989,12.9186,5509.367886478176,0
OND,D,20240801,000000,12.9186,13.0126,12.7305,12.8246,3937.389945123978,0
OND,D,20240802,000000,12.8246,12.881,12.5989,12.6929,9296.792412298406,0
OND,D,20240805,000000,12.5049,12.5237,11.2826,11.9971,73248.00327680801,0
OND,D,20240806,000000,11.7903,12.0535,11.7903,11.9032,16772.72810227043,0
OND,D,20240807,000000,12.016,12.4296,12.016,12.3168,5595.518233737777,0
OND,D,20240808,000000,12.1852,12.2604,11.8467,12.1476,3401.3433399531286,0
OND,D,20240809,000000,12.4109,12.4109,12.1288,12.1288,3754.4534052640847,0
OND,D,20240812,000000,12.1664,12.4109,11.9407,12.1476,10904.932227810952,0
OND,D,20240813,000000,12.3545,12.3545,11.9596,12.1664,6380.443619880806,0
OND,D,20240814,000000,12.2793,12.2793,12.016,12.0912,5415.772447480091,0
OND,D,20240816,000000,12.2793,13.0502,12.2228,12.7869,28195.625998173055,0
OND,D,20240819,000000,12.975,13.3322,12.7305,12.7869,29901.61559081997,0
OND,D,20240820,000000,12.7869,12.881,12.11,12.11,14860.403110014106,0
OND,D,20240821,000000,12.11,12.3921,12.0724,12.204,6932.443993062693,0
OND,D,20240822,000000,12.2228,12.3545,12.1288,12.1288,16125.005121022321,0
OND,D,20240823,000000,12.2228,12.2793,11.8467,12.1288,9440.37632439774,0
OND,D,20240826,000000,12.1288,12.2228,12.0535,12.1664,3367.308634862916,0
OND,D,20240827,000000,12.1852,12.2228,11.9032,11.9971,13243.754618229006,0
OND,D,20240828,000000,11.9971,11.9971,11.8656,11.8843,5140.304053156183,0
OND,D,20240829,000000,11.8656,12.0348,11.8091,11.9784,5227.517984949853,0
OND,D,20240830,000000,12.016,12.1852,11.8843,12.0535,4454.292028681582,0
OND,D,20240902,000000,12.0724,12.1852,11.9596,12.016,14230.761065845172,0
OND,D,20240903,000000,12.016,12.0535,11.8091,11.8656,10630.527418021114,0
OND,D,20240904,000000,11.7527,11.8656,11.6587,11.6587,14640.241111461793,0
OND,D,20240905,000000,11.8656,11.8656,11.5647,11.7527,5416.83603201416,0
OND,D,20240906,000000,11.7527,11.8279,11.5647,11.6775,3440.695967713687,0
OND,D,20240909,000000,11.6587,11.7339,11.4706,11.4706,5107.3329326000385,0
OND,D,20240910,000000,11.4706,11.7339,11.4706,11.6775,3538.545744848049,0
OND,D,20240911,000000,11.5647,11.5647,10.9065,11.2826,39556.83599109967,0
OND,D,20240912,000000,11.3203,11.527,11.0945,11.1322,18463.827511440373,0
OND,D,20240913,000000,11.0945,11.1698,11.0006,11.0381,9766.896776356967,0
OND,D,20240916,000000,11.0945,11.3767,11.0193,11.057,6526.154701048279,0
OND,D,20240917,000000,11.0945,11.339,11.0381,11.0381,7809.901233669739,0
OND,D,20240918,000000,11.0945,11.0945,10.9065,11.0006,9745.625085675583,0
OND,D,20240919,000000,10.9065,11.2826,10.8313,11.2826,6964.351529084767,0
OND,D,20240920,000000,11.2073,11.8656,11.1134,11.7527,28825.268042341995,0
OND,D,20240923,000000,11.7527,11.9407,11.3954,11.3954,5262.616274574134,0
OND,D,20240924,000000,11.4895,11.4895,11.1134,11.1886,8152.375453640003,0
OND,D,20240925,000000,11.2638,11.4706,11.0193,11.057,14164.818824732885,0
OND,D,20240926,000000,11.5459,11.5459,10.8125,10.9065,20612.268270260047,0
OND,D,20240927,000000,10.9629,11.245,10.8125,10.9065,11805.788328167519,0
OND,D,20240930,000000,10.9065,11.0945,10.5492,10.8125,11602.643682160313,0
OND,D,20241001,000000,11.0193,11.0193,10.6809,10.7561,5091.379164589001,0
OND,D,20241002,000000,10.8125,10.8501,10.6244,10.6997,10245.509816688083,0
OND,D,20241003,000000,10.6809,10.6809,10.3612,10.5116,33324.23062145448,0
OND,D,20241004,000000,10.5305,10.5305,10.3048,10.3048,30246.21697985837,0
OND,D,20241007,000000,10.3048,10.5305,10.0791,10.0791,17844.82131261213,0
OND,D,20241008,000000,10.0791,10.5116,10.0603,10.4364,14338.183103786158,0
OND,D,20241009,000000,10.3236,10.662,10.286,10.38,13832.980450103312,0
OND,D,20241010,000000,10.5305,10.6997,10.4928,10.6244,6498.501503162482,0
OND,D,20241011,000000,10.6244,11.0945,10.568,10.9629,9773.278283561382,0
OND,D,20241014,000000,10.9629,11.0945,10.6244,10.8313,7230.247662602054,0
OND,D,20241015,000000,10.8313,11.0006,10.6809,10.6809,6831.403462326124,0
OND,D,20241016,000000,10.8125,10.9817,10.7184,10.8125,9859.428630820983,0
OND,D,20241017,000000,10.8313,10.9629,10.4364,10.4552,9124.491717779203,0
OND,D,20241018,000000,10.5305,10.6997,10.4364,10.5305,13932.957396305812,0
OND,D,20241021,000000,10.5116,10.5116,10.1167,10.1167,23958.30521444158,0
OND,D,20241022,000000,10.2296,10.3236,10.1355,10.1731,6147.518606919663,0
OND,D,20241023,000000,10.1731,10.2108,10.0039,10.1544,32509.524868357516,0
OND,D,20241024,000000,10.1731,10.2296,9.87224,10.1544,16329.213351563598,0
OND,D,20241025,000000,10.098,10.2483,9.96631,10.0603,19983.689810625183,0
OND,D,20241028,000000,10.1919,10.1919,9.89107,9.92864,9822.203172128564,0
OND,D,20241029,000000,9.92864,10.1167,9.92864,9.96631,8908.584057363165,0
OND,D,20241030,000000,10.0791,10.1919,9.96631,10.0416,7377.022328303597,0
OND,D,20241031,000000,9.96631,10.1167,9.87224,9.92864,8970.271960339176,0
OND,D,20241104,000000,9.92864,9.92864,9.72185,9.77826,9124.491717779203,0
OND,D,20241105,000000,9.77826,9.77826,9.70302,9.74069,14291.385384287114,0
OND,D,20241106,000000,9.74069,9.77826,9.60901,9.66545,11617.53386563728,0
OND,D,20241107,000000,9.68419,9.77826,9.62782,9.72185,23255.275837421876,0
OND,D,20241108,000000,9.74069,10.2296,9.74069,9.96631,20140.03673713335,0
OND,D,20241112,000000,9.96631,10.1167,9.81583,9.81583,8515.057779757582,0
OND,D,20241113,000000,9.83467,9.96631,9.77826,9.87224,20059.20431254409,0
OND,D,20241114,000000,9.87224,9.87224,9.59021,9.75943,12594.968052446826,0
OND,D,20241115,000000,9.75943,9.75943,9.40216,9.43977,29275.16430025324,0
OND,D,20241118,000000,9.43977,9.59021,9.43977,9.49619,7609.9473412647385,0
OND,D,20241119,000000,9.49619,9.64662,9.30815,9.40216,13450.090017838418,0
OND,D,20241120,000000,9.40216,9.5714,9.40216,9.43977,12172.724992421374,0
OND,D,20241121,000000,9.5714,9.77826,9.515,9.60901,9280.838644287367,0
OND,D,20241122,000000,9.62782,9.77826,9.5714,9.59021,10163.613807564758,0
OND,D,20241125,000000,9.68419,9.75943,9.49619,9.59021,35775.79297248386,0
OND,D,20241126,000000,9.59021,9.92864,9.49619,9.60901,12672.609723433874,0
OND,D,20241127,000000,9.68419,9.68419,9.515,9.55261,4634.037814939268,0
OND,D,20241128,000000,9.55261,9.55261,9.42097,9.47739,7715.242210137584,0
OND,D,20241129,000000,9.42097,9.5714,9.30815,9.42097,9615.867772519148,0
OND,D,20241202,000000,10.8125,10.8125,10.0603,10.3988,92496.75617439141,0
OND,D,20241203,000000,10.3988,10.4928,9.96631,9.96631,19641.21559065492,0
OND,D,20241204,000000,9.96631,10.2296,9.68419,9.75943,15872.935586447933,0
OND,D,20241205,000000,9.70302,9.8535,9.59021,9.68419,16534.485166638944,0
OND,D,20241206,000000,9.68419,10.3236,9.68419,10.0791,28253.059563012794,0
OND,D,20241209,000000,10.2296,10.2672,9.90991,9.90991,20564.406966226936,0
OND,D,20241210,000000,9.96631,10.0603,9.66545,9.66545,38799.56380284244,0
OND,D,20241211,000000,9.66545,9.8535,9.515,9.5714,30046.26308745337,0
OND,D,20241212,000000,9.5338,9.59021,9.36456,9.40216,22381.009350417036,0
OND,D,20241213,000000,9.49619,9.5714,9.02608,9.02608,67282.35762521416,0
OND,D,20241216,000000,9.23293,9.23293,8.75342,8.93206,28365.799523624122,0
OND,D,20241217,000000,8.83804,8.98847,8.79103,8.87565,46983.84679250452,0
OND,D,20241218,000000,8.88505,9.21412,8.80042,8.83804,85918.48583117373,0
OND,D,20241219,000000,8.76282,8.92265,8.50896,8.55598,61801.706521155866,0
OND,D,20241220,000000,8.50896,8.50896,8.14228,8.46195,142994.68626746038,0
OND,D,20241223,000000,8.46195,8.82864,8.36793,8.60298,156706.4180806798,0
OND,D,20241227,000000,8.60298,9.75943,8.17989,9.66545,104430.17464664724,0
OND,D,20241230,000000,9.8535,10.0603,9.72185,10.0603,23806.212626069693,0
OND,D,20250102,000000,10.0603,10.3048,9.87224,10.2483,15408.149145059717,0
OND,D,20250103,000000,10.2483,10.2483,9.81583,9.98515,15875.062755516072,0
OND,D,20250107,000000,9.98515,10.2672,9.98515,10.0603,7189.831450307426,0
OND,D,20250108,000000,10.1355,10.1355,9.87224,9.87224,4861.644905230066,0
OND,D,20250109,000000,9.96631,10.1731,9.87224,10.0603,13453.280771440626,0
OND,D,20250110,000000,10.1167,10.1167,9.68419,10.0227,17255.595480737822,0
OND,D,20250113,000000,10.0227,10.1355,9.90991,10.1167,14378.599316080783,0
OND,D,20250114,000000,10.1167,10.1544,9.90991,10.0227,18840.33643650085,0
OND,D,20250115,000000,10.0227,10.1167,10.0039,10.098,5832.697584835196,0
OND,D,20250116,000000,10.098,10.2483,9.94748,10.2108,15183.732808371127,0
OND,D,20250117,000000,10.2108,10.8125,10.098,10.6056,34756.87898884562,0
OND,D,20250120,000000,10.7937,11.0193,10.7561,11.0193,15033.767389067378,0
OND,D,20250121,000000,11.0193,11.1322,10.8501,10.8689,11093.186690341192,0
OND,D,20250122,000000,10.9441,11.245,10.8313,11.1509,18766.94910365008,0
OND,D,20250123,000000,11.1886,11.1886,10.6809,11.0381,12253.55741701063,0
OND,D,20250124,000000,11.0006,11.0006,10.8125,11.0006,6597.414864830912,0
OND,D,20250127,000000,10.8125,10.8125,9.98515,10.3424,35392.90254021897,0
OND,D,20250128,000000,10.3424,10.5116,10.2483,10.4364,7473.808520903888,0
OND,D,20250129,000000,10.4364,10.5305,10.3048,10.5116,7046.247538208092,0
OND,D,20250130,000000,10.5116,11.0945,10.474,11.0758,26036.54939401269,0
OND,D,20250131,000000,11.0945,11.2073,10.6433,10.8877,8553.346822984071,0
OND,D,20250203,000000,10.5492,10.7937,10.5305,10.6809,4838.246045480545,0
OND,D,20250204,000000,10.6809,10.7937,10.4364,10.568,6612.3050483078805,0
OND,D,20250205,000000,10.568,10.7749,10.474,10.474,5394.500756798709,0
OND,D,20250206,000000,10.474,10.6244,10.474,10.6244,8418.271587157291,0
OND,D,20250207,000000,10.6244,10.6244,10.4364,10.4364,15798.484669063093,0
OND,D,20250210,000000,10.6244,11.1322,10.4928,10.6809,37395.63221787117,0
OND,D,20250211,000000,10.6997,10.9065,10.6244,10.6809,10812.400373346936,0
OND,D,20250212,000000,10.7937,10.9817,10.5492,10.6433,15117.790567258839,0
OND,D,20250213,000000,10.662,10.7937,10.568,10.7749,2939.747652167119,0
OND,D,20250214,000000,10.6809,10.7184,10.5492,10.7184,9645.648139473085,0
OND,D,20250217,000000,10.7184,10.7937,10.5305,10.6809,8230.017124627051,0
OND,D,20250218,000000,10.7373,10.7373,10.4176,10.4364,23263.784513694427,0
OND,D,20250219,000000,10.3424,10.3424,9.87224,9.87224,35486.49797921705,0
OND,D,20250220,000000,9.87224,9.94748,9.59021,9.94748,23407.368425793764,0
OND,D,20250221,000000,9.96631,10.3236,9.96631,10.1167,13503.269244541876,0
OND,D,20250224,000000,9.77826,10.1355,9.59021,9.92864,66376.18360218726,0
OND,D,20250225,000000,9.92864,10.0603,9.72185,9.90991,9472.283860419813,0
OND,D,20250226,000000,9.96631,10.2296,9.96631,10.1544,14889.119892433975,0
OND,D,20250227,000000,10.1355,10.1355,9.90991,9.92864,8517.184948825721,0
OND,D,20250228,000000,9.87224,10.0416,9.79709,9.90991,6935.6347466649,0
OND,D,20250303,000000,9.98515,10.098,9.89107,9.96631,5696.5587644743455,0
OND,D,20250304,000000,9.96631,10.098,9.45858,9.55261,22423.552731779804,0
OND,D,20250305,000000,9.64662,9.8535,9.64662,9.79709,5626.362185225782,0
OND,D,20250306,000000,9.79709,10.1544,9.79709,10.0227,44524.839349736656,0
OND,D,20250307,000000,9.94748,9.94748,9.59021,9.87224,19275.342510935134,0
OND,D,20250310,000000,9.87224,9.90991,9.68419,9.8535,9163.844345539761,0
OND,D,20250311,000000,9.8535,9.8535,9.62782,9.64662,15778.276562915778,0
OND,D,20250312,000000,9.68419,9.94748,9.68419,9.90991,8486.340997337717,0
OND,D,20250313,000000,9.90991,9.96631,9.83467,9.89107,16556.820441854394,0
OND,D,20250314,000000,9.89107,10.2296,9.70302,10.0416,29072.019654246033,0
OND,D,20250317,000000,10.3424,10.8125,10.1919,10.7561,83238.2528053195,0
OND,D,20250318,000000,10.8125,10.9065,10.3612,10.8689,42916.699534224106,0
OND,D,20250319,000000,10.9253,11.2826,10.9253,10.9253,74568.9752681219,0
OND,D,20250320,000000,10.9817,11.2638,10.5305,10.7373,51119.06346096536,0
OND,D,20250321,000000,10.8689,11.1322,10.4928,11.1134,32836.04532031674,0
OND,D,20250324,000000,11.1134,11.9407,11.1134,11.922,88333.88630804478,0
OND,D,20250325,000000,11.922,12.0348,11.5647,11.7715,42518.91891848224,0
OND,D,20250326,000000,11.7903,11.8843,11.1886,11.3954,35516.27834617099,0
OND,D,20250327,000000,11.4331,11.8279,11.2826,11.5835,23665.819467572564,0
OND,D,20250328,000000,11.6023,11.6963,11.4331,11.4331,24963.392599136925,0
OND,D,20250331,000000,11.4142,11.6211,10.9065,10.9817,33878.358163704506,0
OND,D,20250401,000000,10.9817,11.2826,10.9817,11.0193,14577.489623951715,0
OND,D,20250402,000000,11.0945,11.1886,10.9065,11.0006,15180.54205476892,0
OND,D,20250403,000000,10.8877,11.0006,10.3612,10.4364,22670.304343683845,0
OND,D,20250404,000000,10.6244,10.6244,9.96631,10.0603,49030.18343605356,0
OND,D,20250407,000000,9.87224,10.0227,8.88505,9.74069,81903.45421506271,0
OND,D,20250408,000000,9.87224,10.0603,9.74069,9.96631,19596.545040224013,0
OND,D,20250409,000000,9.83467,9.83467,9.59021,9.74069,19497.631678555583,0
OND,D,20250410,000000,10.2296,10.2483,10.0039,10.1544,15760.195625836604,0
OND,D,20250411,000000,10.2483,10.3424,9.79709,9.83467,20735.64407621207,0
OND,D,20250414,000000,9.89107,10.2108,9.89107,10.1355,8375.728205794523,0
OND,D,20250415,000000,10.1544,10.1919,9.79709,10.0416,33463.560195417536,0
OND,D,20250416,000000,10.0791,10.1167,9.83467,10.0791,14593.44339196275,0
OND,D,20250417,000000,9.92864,10.0791,9.75943,9.96631,30851.396579743716,0
OND,D,20250422,000000,9.96631,10.0416,9.81583,9.81583,37610.476293753134,0
OND,D,20250423,000000,9.87224,10.0416,9.68419,10.0039,30514.2402824438,0
OND,D,20250424,000000,9.96631,10.0039,9.87224,9.98515,13395.847206600893,0
OND,D,20250425,000000,9.98515,10.098,9.89107,9.92864,9072.376075609815,0
OND,D,20250428,000000,10.0791,10.1355,9.98515,10.0227,8310.849549216306,0
OND,D,20250429,000000,10.0227,10.2108,10.0039,10.0603,13175.685208048579,0
OND,D,20250430,000000,10.0039,10.1544,9.89107,10.098,7867.3347985094715,0
OND,D,20250502,000000,10.098,10.1544,9.92864,10.1544,6367.680605471976,0
OND,D,20250505,000000,10.1731,10.1731,9.98515,10.1544,7545.068684686521,0
OND,D,20250506,000000,10.1544,10.1544,9.90991,10.1167,8069.41585998261,0
OND,D,20250507,000000,10.098,11.0945,10.0791,10.8877,92107.4842349221,0
OND,D,20250508,000000,10.9065,11.0006,10.6244,10.6244,18579.75822565391,0
OND,D,20250509,000000,10.6244,10.7937,10.4176,10.7184,19461.46980439723,0
OND,D,20250512,000000,10.7184,10.7749,10.5492,10.7561,10297.62545885747,0
OND,D,20250513,000000,10.1355,10.3424,9.98515,10.3048,74459.42606111277,0
OND,D,20250514,000000,10.2296,10.5116,10.1731,10.38,16198.392453873092,0
OND,D,20250515,000000,10.38,10.38,10.1919,10.3612,7462.109091029128,0
OND,D,20250516,000000,10.474,11.0193,10.286,10.6997,84955.94182784118,0
OND,D,20250519,000000,10.7184,11.0381,10.6997,10.7184,52595.31879425333,0
OND,D,20250520,000000,10.7373,10.9065,10.286,10.6056,32871.14360994102,0
OND,D,20250521,000000,10.6433,10.7561,10.6056,10.7561,12684.309153308634,0
OND,D,20250522,000000,10.7561,10.7937,10.662,10.6997,13112.9337205385,0
OND,D,20250523,000000,10.7749,10.7749,10.3236,10.6244,13979.755115804854,0
OND,D,20250526,000000,10.7017,10.721,10.5858,10.6244,14328.1778789835,0
OND,D,20250527,000000,10.7017,10.7017,10.5279,10.5665,11291.502850509001,0
OND,D,20250528,000000,10.5858,10.6824,10.5279,10.6824,10792.465222236002,0
OND,D,20250529,000000,10.6244,10.6244,10.4892,10.5279,6814.659064923,0
OND,D,20250530,000000,10.5279,10.6631,10.4892,10.6244,11386.754845947002,0
OND,D,20250602,000000,10.0256,10.1415,9.75518,10.0449,86664.82097970901,0
OND,D,20250603,000000,9.98698,10.0449,9.71654,9.73586,28718.476624557003,0
OND,D,20250604,000000,9.81313,9.85176,9.48474,9.52337,51131.685290229005,0
OND,D,20250605,000000,9.52337,9.65859,9.19498,9.34952,38073.879133011,0
OND,D,20250606,000000,9.45576,9.55235,9.32054,9.34952,11386.754845947002,0
OND,D,20250609,000000,9.39781,9.4461,9.22395,9.4461,11134.129988481001,0
OND,D,20250610,000000,9.4461,9.57166,9.28191,9.38815,15384.232611013502,0
OND,D,20250611,000000,9.41713,9.41713,9.22395,9.34952,17888.738882367,0
OND,D,20250612,000000,9.30122,9.30122,9.22395,9.27225,19325.801596149002,0
OND,D,20250613,000000,9.23361,9.27225,9.00181,9.03078,19673.678449053,0
OND,D,20250616,000000,9.03078,9.04044,8.79898,8.97283,8708.310148141501,0
OND,D,20250617,000000,8.98249,8.98249,8.8859,8.91488,7873.819840282501,0
OND,D,20250618,000000,8.90522,9.26259,8.90522,9.17566,11269.7605472025,0
OND,D,20250620,000000,9.03078,9.6103,9.03078,9.6103,25714.932724930502,0
OND,D,20250623,000000,9.65859,10.1415,9.61996,10.0449,38731.32497108851,0
OND,D,20250624,000000,10.0449,10.1222,9.75518,10.1029,21778.540478677503,0
OND,D,20250625,000000,10.1222,10.3733,9.85176,9.85176,16245.641961061501,0
OND,D,20250626,000000,9.98698,10.1415,9.69722,9.94835,29307.589509385503,0
OND,D,20250627,000000,9.98698,9.98698,9.63927,9.75518,29066.353477461,0
OND,D,20250630,000000,9.65859,9.83244,9.57166,9.62961,10351.407069447001,0
OND,D,20250701,000000,9.67791,9.73586,9.51371,9.51371,18067.8540477015,0
OND,D,20250702,000000,9.48474,9.90971,9.48474,9.85176,23741.559862921502,0
OND,D,20250703,000000,9.85176,10.0063,9.73586,9.77449,21002.0296463025,0
OND,D,20250704,000000,9.81313,9.92903,9.75518,9.75518,13997.901938280002,0
OND,D,20250707,000000,9.81313,9.81313,9.65859,9.73586,11326.70467491,0
OND,D,20250708,000000,9.67791,9.87108,9.60064,9.75518,24488.045609778,0
OND,D,20250709,000000,9.75518,10.0256,9.6103,9.75518,17571.922462758,0
OND,D,20250710,000000,9.71654,9.83244,9.65859,9.69722,12403.46636247,0
OND,D,20250711,000000,9.73586,9.75518,9.562,9.61996,17506.6955528385,0
OND,D,20250714,000000,9.61996,9.73586,9.57166,9.58132,5843.502850566,0
OND,D,20250715,000000,9.58132,9.79381,9.562,9.75518,4132.0729760115,0
OND,D,20250716,000000,9.75518,9.94835,9.62961,9.62961,6569.2816418925,0
OND,D,20250717,000000,9.65859,9.87108,9.65859,9.83244,21456.547320186,0
OND,D,20250718,000000,9.83244,9.85176,9.65859,9.85176,28927.616875410004,0
OND,D,20250721,000000,9.85176,9.85176,9.71654,9.81313,9146.262257601002,0
OND,D,20250722,000000,9.81313,9.81313,9.67791,9.75518,3222.002280468,0
OND,D,20250723,000000,9.77449,9.81313,9.65859,9.81313,10181.610034101,0
OND,D,20250724,000000,9.85176,9.85176,9.65859,9.75518,13348.738882414502,0
OND,D,20250725,000000,9.73586,9.83244,9.65859,9.75518,14735.069555148002,0
OND,D,20250728,000000,9.83244,9.83244,9.65859,9.73586,6488.524515325501,0
OND,D,20250729,000000,9.75518,9.85176,9.58132,9.69722,39906.444697416,0
OND,D,20250730,000000,9.69722,9.77449,9.65859,9.75518,18020.228049982503,0
OND,D,20250731,000000,9.75518,9.77449,9.61996,9.75518,20249.331812787,0
OND,D,20250801,000000,9.81313,9.81313,9.32054,9.59098,30693.920182119004,0
OND,D,20250804,000000,9.59098,9.71654,9.47508,9.64893,6163.425313504501,0
OND,D,20250805,000000,9.65859,9.71654,9.60064,9.65859,5406.586088883,0
OND,D,20250806,000000,9.73586,9.83244,9.35917,9.61996,227111.81755748703,0
OND,D,20250807,000000,9.61996,9.65859,9.46542,9.6103,18076.136829913503,0
OND,D,20250808,000000,9.562,9.62961,9.52337,9.61996,7767.179019303001,0
OND,D,20250811,000000,9.6103,9.6103,9.46542,9.562,9321.236031829501,0
OND,D,20250812,000000,9.562,9.6103,9.54269,9.6103,4370.2029646065,0
OND,D,20250813,000000,9.6103,9.6103,9.47508,9.60064,6370.494868804501,0
OND,D,20250814,000000,9.60064,9.8904,9.60064,9.85176,32695.247434093504,0
OND,D,20250818,000000,9.85176,9.85176,9.65859,9.81313,9846.157354515,0
OND,D,20250819,000000,9.81313,9.83244,9.65859,9.83244,8815.9863168975,0
OND,D,20250820,000000,9.83244,9.83244,9.62961,9.75518,10053.226909815,0
OND,D,20250821,000000,9.65859,9.79381,9.52337,9.65859,16295.338654333502,0
OND,D,20250822,000000,9.63927,9.63927,9.36883,9.46542,23696.004560755504,0
OND,D,20250825,000000,9.46542,9.57166,9.12737,9.29156,28566.280501411504,0
OND,D,20250826,000000,9.29156,9.3302,9.166,9.25293,7925.587229107501,0
OND,D,20250827,000000,9.27225,9.55235,9.13703,9.52337,27383.9133406485,0
OND,D,20250828,000000,9.55235,9.63927,9.31088,9.48474,20428.4469781215,0
OND,D,20250829,000000,9.45576,9.45576,9.22395,9.34952,9231.160775274,0
OND,D,20250901,000000,9.34952,9.34952,9.22395,9.32054,2333.673888231,0
OND,D,20250902,000000,9.33986,9.33986,9.12737,9.27225,9453.7605472215,0
OND,D,20250903,000000,9.28191,9.32054,9.11771,9.23361,9399.9224628435,0
OND,D,20250904,000000,9.26259,9.35917,9.12737,9.31088,12927.352337379001,0
OND,D,20250905,000000,9.29156,9.3302,9.15634,9.2143,8167.8586088085,0
OND,D,20250908,000000,9.27225,9.29156,9.25293,9.29156,7767.179019303001,0
OND,D,20250909,000000,9.3302,9.33986,9.09839,9.32054,11980.009121881501,0
OND,D,20250910,000000,9.33986,9.33986,8.98249,9.25293,12107.356898391,0
OND,D,20250911,000000,9.27225,9.28191,9.15634,9.2143,16890.663625821002,0
OND,D,20250912,000000,9.25293,9.25293,9.04044,9.15634,17273.742303126,0
OND,D,20250915,000000,9.20464,9.20464,8.99215,9.12737,15026.0022803445,0
OND,D,20250916,000000,9.07907,9.11771,8.84727,8.84727,21120.059292823502,0
OND,D,20250917,000000,8.84727,8.96317,8.84727,8.92454,12742.025085385501,0
OND,D,20250918,000000,8.92454,8.9342,8.76034,8.83761,17346.216647481,0
OND,D,20250919,000000,8.78932,9.07907,8.78932,9.07907,17345.1812997045,0
OND,D,20250922,000000,9.08873,9.08873,8.84727,8.92454,1915.393386525,0
OND,D,20250923,000000,8.92454,8.98249,8.87624,8.95351,2873.0900797875,0
OND,D,20250924,000000,8.95351,9.02112,8.89556,9.02112,12991.543899522001,0
OND,D,20250925,000000,9.02112,9.02112,8.80863,8.89556,11525.491447998002,0
OND,D,20250926,000000,8.96317,8.96317,8.84727,8.92454,4357.7787912885005,0
OND,D,20250929,000000,8.9342,8.9342,8.81829,8.87624,4775.023945218,0
OND,D,20250930,000000,8.82795,8.85693,8.76034,8.82795,30419.553021346503,0
OND,D,20251001,000000,8.82795,8.96317,8.81829,8.9342,12364.123146963002,0
OND,D,20251002,000000,8.9342,8.9342,8.82795,8.8859,5158.102622523001,0
OND,D,20251003,000000,8.89556,8.89556,8.74102,8.80863,29673.067274490004,0
OND,D,20251006,000000,8.80863,8.82795,8.69273,8.82795,10865.974914367502,0
OND,D,20251007,000000,8.81829,8.82795,8.72171,8.76034,3325.5370581180005,0
OND,D,20251008,000000,8.78932,8.78932,8.72171,8.78932,3014.932725168,0
OND,D,20251009,000000,8.99215,9.37849,8.83761,8.98249,87832.693271601,0
OND,D,20251010,000000,8.98249,8.98249,8.78932,8.86659,10736.556442305002,0
OND,D,20251013,000000,8.78932,8.85693,8.73137,8.82795,11835.0604331715,0
OND,D,20251014,000000,8.82795,8.82795,8.61546,8.69273,26249.1721776045,0
OND,D,20251015,000000,8.69273,8.69273,8.51888,8.59615,16376.095780900501,0
OND,D,20251016,000000,8.62512,8.67341,8.55751,8.67341,6492.665906431501,0
OND,D,20251017,000000,7.74619,8.40297,7.66892,8.40297,239923.210943898,0
OND,D,20251020,000000,8.67341,8.78932,8.46093,8.59615,25689.049030518003,0
OND,D,20251021,000000,8.62512,8.69273,8.59615,8.69273,15071.5575825105,0
OND,D,20251022,000000,8.69273,8.69273,8.36434,8.59615,16546.928164023,0
OND,D,20251023,000000,8.66376,8.66376,8.34502,8.42229,18301.842645190503,0
OND,D,20251024,000000,8.40297,8.66376,8.38366,8.59615,13873.6602051,0
OND,D,20251027,000000,8.64444,8.72171,8.11322,8.64444,21082.786772869502,0
OND,D,20251028,000000,8.62512,8.62512,8.374,8.49956,6301.126567779001,0
OND,D,20251029,000000,8.49956,8.49956,8.41263,8.4899,9430.982896138501,0
OND,D,20251030,000000,8.48024,8.4899,8.40297,8.46093,4711.867730851501,0
OND,D,20251031,000000,8.47058,8.47058,8.19048,8.25809,41391.133408917005,0
OND,D,20251103,000000,8.22912,8.28707,8.08424,8.17117,18040.935005512503,0
OND,D,20251104,000000,8.11322,8.25809,8.03595,8.16151,28515.548460363003,0
OND,D,20251105,000000,8.15185,8.16151,8.04561,8.04561,23728.100341827,0
OND,D,20251106,000000,8.04561,8.45127,8.03595,8.42229,33851.730900444,0
OND,D,20251107,000000,8.45127,8.56717,8.35468,8.48024,27293.838084093004,0
OND,D,20251110,000000,8.53819,8.53819,8.31605,8.374,4667.347776462,0
OND,D,20251112,000000,8.48024,8.48024,8.3257,8.40297,9165.9338653545,0
OND,D,20251113,000000,8.44161,8.46093,8.34502,8.46093,37838.8551877455,0
OND,D,20251114,000000,8.46093,8.4899,8.34502,8.38366,12232.633979347502,0
OND,D,20251117,000000,8.35468,8.35468,8.2098,8.25809,10058.4036486975,0
OND,D,20251118,000000,8.2098,8.29673,8.06492,8.25809,5657.140250796,0
OND,D,20251119,000000,8.25809,8.25809,8.13253,8.24844,4524.469783305,0
OND,D,20251120,000000,8.24844,8.31605,8.05526,8.22912,13057.806157218001,0
OND,D,20251121,000000,8.2098,8.34502,8.06492,8.34502,28613.906499130502,0
OND,D,20251124,000000,8.30639,8.39331,8.0939,8.13253,10532.5929303345,0
OND,D,20251125,000000,8.13253,8.17117,8.07458,8.08424,3978.8415050895005,0
OND,D,20251126,000000,8.11322,8.2098,8.04561,8.19048,10286.180159527501,0
OND,D,20251127,000000,8.19048,8.19048,8.0939,8.14219,2951.7765108015,0
OND,D,20251128,000000,8.17117,8.17117,8.04561,8.07458,12406.572405799501,0
OND,D,20251201,000000,8.10356,8.10356,8.05526,8.0939,17293.413910879503,0
OND,D,20251202,000000,8.0939,8.35468,8.0939,8.29673,33809.2816416075,0
OND,D,20251203,000000,8.31605,8.80863,8.31605,8.69273,44507.53021618201,0
OND,D,20251204,000000,8.78932,8.78932,8.59615,8.73137,16623.543899484,0
OND,D,20251205,000000,8.80863,8.80863,8.6058,8.69273,16017.865450231502,0
OND,D,20251208,000000,8.64444,8.74102,8.40297,8.57683,23503.429874326503,0
OND,D,20251209,000000,8.48024,8.48024,8.13253,8.40297,36516.716077155004,0
OND,D,20251210,000000,8.3257,8.51888,8.29673,8.49956,11885.792474220001,0
OND,D,20251211,000000,8.51888,8.55751,8.33536,8.4899,12879.726339660001,0
OND,D,20251212,000000,8.4899,8.69273,8.40297,8.48024,25642.458380575503,0
OND,D,20251215,000000,8.47058,8.47058,8.3257,8.38366,12737.8836942795,0
OND,D,20251216,000000,8.3257,8.33536,8.21946,8.22912,23313.961231227004,0
OND,D,20251217,000000,8.22912,8.26775,8.07458,8.07458,49227.680729245505,0
OND,D,20251218,000000,8.06492,8.17117,8.05526,8.13253,22497.071835568502,0
OND,D,20251219,000000,8.11322,8.13253,7.92004,8.05526,89718.0615726075,0
OND,D,20251222,000000,8.08424,8.0939,7.90073,7.9297,78015.525654828,0
OND,D,20251223,000000,7.88141,8.11322,7.85243,8.11322,101391.60775264501,0
OND,D,20251229,000000,8.11322,8.34502,8.01663,8.29673,47321.605472709,0
OND,D,20251230,000000,8.30639,8.53819,8.30639,8.47058,16574.8825539885,0
OND,D,20260102,000000,8.69273,8.69273,8.51888,8.53819,56258.727479457004,0
OND,D,20260105,000000,8.44161,8.47058,8.16151,8.45127,26471.771949552003,0
OND,D,20260107,000000,8.49956,8.64444,8.49956,8.61546,25300.7936143305,0
OND,D,20260108,000000,8.58649,8.62512,8.40297,8.4899,12159.124287216002,0
OND,D,20260109,000000,8.40297,8.58649,8.36434,8.49956,28868.6020521495,0
OND,D,20260112,000000,8.51888,8.62512,8.4899,8.57683,12430.385404659,0
OND,D,20260113,000000,8.59615,8.9342,8.57683,8.85693,46501.610033721,0
OND,D,20260114,000000,8.87624,9.06942,8.69273,8.8859,41252.396806866,0
OND,D,20260115,000000,8.90522,9.13703,8.82795,9.06942,20358.043329319502,0
OND,D,20260116,000000,9.166,9.27225,9.10805,9.22395,28143.8586085995,0
OND,D,20260119,000000,9.22395,9.30122,8.98249,9.12737,17882.526795708003,0
OND,D,20260120,000000,9.24327,9.24327,8.8859,8.89556,14364.415051161,0
OND,D,20260121,000000,9.17566,9.17566,8.8859,9.0501,25377.409349791502,0
OND,D,20260122,000000,9.0501,9.166,8.89556,9.12737,15078.805016946002,0
OND,D,20260123,000000,9.11771,9.11771,8.92454,8.96317,24577.085518557004,0
OND,D,20260126,000000,8.96317,9.06942,8.8859,9.00181,26258.490307593,0
OND,D,20260127,000000,8.9342,9.00181,8.73137,8.74102,66541.80159565501,0
OND,D,20260128,000000,8.71205,8.82795,8.71205,8.81829,24515.9999997435,0
OND,D,20260129,000000,8.81829,8.81829,8.68307,8.77966,12169.477764981,0
OND,D,20260130,000000,8.70239,8.83761,8.51888,8.73137,30419.553021346503,0
OND,D,20260202,000000,8.71205,8.96317,8.59615,8.9342,20177.892816208503,0
OND,D,20260203,000000,9.17566,9.26259,8.98249,9.166,37287.014822871,0
OND,D,20260204,000000,9.166,9.19498,9.02112,9.02112,10392.820980507,0
OND,D,20260205,000000,9.06942,9.06942,8.87624,8.87624,14100.401368153502,0
OND,D,20260206,000000,8.92454,9.07907,8.78932,8.9342,11235.594070578001,0
OND,D,20260209,000000,8.9342,9.26259,8.9342,9.10805,15222.718357879501,0
OND,D,20260210,000000,9.15634,9.61996,9.07907,9.49439,72965.099201061,0
OND,D,20260211,000000,9.52337,9.562,9.36883,9.36883,20823.949828744502,0
OND,D,20260212,000000,9.37849,9.562,9.34952,9.55235,20905.742303088,0
OND,D,20260213,000000,9.53303,9.53303,9.42678,9.4461,17838.0068413185,0
OND,D,20260216,000000,9.41713,9.60064,9.34952,9.60064,13054.7001138885,0
OND,D,20260217,000000,9.59098,9.60064,9.37849,9.55235,6011.229190359,0
OND,D,20260218,000000,9.51371,9.87108,9.51371,9.79381,31090.458380518503,0
OND,D,20260219,000000,9.81313,9.85176,9.51371,9.65859,22160.583808206004,0
OND,D,20260220,000000,9.58132,9.65859,9.46542,9.49439,7804.451539257001,0
OND,D,20260223,000000,9.49439,9.61996,9.48474,9.6103,3801.7970353080004,0
OND,D,20260224,000000,9.6103,9.6103,9.42678,9.57166,8080.889395582501,0
OND,D,20260225,000000,9.57166,9.57166,9.41713,9.562,8766.2896236255,0
OND,D,20260226,000000,9.562,9.562,9.36883,9.36883,9849.263397844501,0
OND,D,20260227,000000,9.36883,9.36883,8.98249,9.15634,45280.935005227504,0
OND,D,20260302,000000,8.78932,9.05976,8.75068,9.01146,33327.844925535006,0
OND,D,20260303,000000,9.04044,9.04044,8.6541,8.74102,19025.550740964,0
OND,D,20260304,000000,8.72171,8.74102,8.59615,8.72171,15767.311288318502,0
OND,D,20260305,000000,8.84727,8.98249,8.74102,8.94385,4704.620296416,0
OND,D,20260306,000000,8.94385,9.05976,8.77,8.86659,12460.4104901775,0
OND,D,20260309,000000,8.77966,8.77966,8.33536,8.52854,25513.039908513,0
OND,D,20260310,000000,8.52854,9.37849,8.49956,8.98249,36268.23261079501,0
OND,D,20260311,000000,9.06942,9.06942,8.69273,9.02112,15997.158494701502,0
OND,D,20260312,000000,8.99215,8.99215,8.64444,8.78932,11166.2257695525,0
OND,D,20260313,000000,8.78932,8.92454,8.59615,8.89556,8206.166476539001,0
OND,D,20260316,000000,8.8859,8.8859,8.69273,8.77,2632.8893956395004,0
OND,D,20260317,000000,8.77,8.83761,8.70239,8.70239,3580.2326111370003,0
OND,D,20260318,000000,8.77966,8.79898,8.71205,8.77,3420.7890535560005,0
OND,D,20260319,000000,8.76034,8.76034,8.56717,8.57683,12334.098061444502,0
OND,D,20260320,000000,8.57683,8.69273,8.52854,8.68307,3329.6784492240004,0
OND,D,20260323,000000,8.59615,8.69273,8.2098,8.52854,21358.1892814185,0
OND,D,20260324,000000,8.67341,8.69273,8.6058,8.62512,2860.6659064695004,0
OND,D,20260325,000000,8.69273,8.79898,8.69273,8.79898,4068.9167616450004,0
OND,D,20260326,000000,8.79898,8.79898,8.69273,8.77,2298.47206383,0
OND,D,20260327,000000,8.76034,8.76034,8.51888,8.52854,3787.3021664370003,0
OND,D,20260330,000000,8.52854,8.59615,8.40297,8.57683,6210.015963447001,0
OND,D,20260331,000000,8.59615,8.59615,8.35468,8.59615,5137.395666993,0
OND,D,20260401,000000,8.59615,8.67341,8.39331,8.59615,5018.330672695501,0
OND,D,20260402,000000,8.57683,8.63478,8.40297,8.63478,4819.543899607501,0
OND,D,20260407,000000,8.8859,9.0501,8.78932,8.94385,25699.402508283,0
OND,D,20260408,000000,8.94385,9.10805,8.8859,9.04044,22664.798175361502,0
OND,D,20260409,000000,8.81829,8.92454,8.62512,8.79898,17366.923603011,0
OND,D,20260410,000000,8.70239,8.77966,8.66376,8.67341,14227.749144663001,0
OND,D,20260413,000000,8.66376,8.83761,8.66376,8.81829,5466.63625992,0
OND,D,20260414,000000,8.82795,8.82795,8.67341,8.68307,9520.0228049175,0
OND,D,20260415,000000,8.68307,8.79898,8.67341,8.79898,8304.5245153065,0
OND,D,20260416,000000,8.80863,8.80863,8.69273,8.71205,6632.437856259001,0
OND,D,20260417,000000,8.77966,9.11771,8.71205,9.07907,17380.3831241055,0
OND,D,20260420,000000,9.0501,9.0501,8.64444,8.83761,22478.435575591502,0
OND,D,20260421,000000,8.83761,8.83761,8.69273,8.74102,8827.375142439001,0
OND,D,20260422,000000,8.77966,8.87624,8.74102,8.77,9004.419612220501,0
OND,D,20260423,000000,8.77,8.84727,8.77,8.81829,24090.472063602003,0
OND,D,20260424,000000,8.82795,8.82795,8.68307,8.69273,17946.718357851,0
OND,D,20260427,000000,8.69273,8.69273,8.55751,8.63478,9395.781071737501,0
OND,D,20260428,000000,8.63478,8.76034,8.63478,8.75068,3840.1049030385,0
OND,D,20260429,000000,8.68307,8.82795,8.57683,8.78932,14215.324971345,0
OND,D,20260430,000000,8.82795,8.94385,8.78932,8.78932,17623.689851583,0
OND,D,20260504,000000,8.87624,8.87624,8.76034,8.77966,17350.358038587,0
OND,D,20260505,000000,8.8859,8.92454,8.78932,8.79898,9508.633979376002,0
OND,D,20260506,000000,8.80863,8.91488,8.75068,8.80863,6148.930444633501,0
OND,D,20260507,000000,8.81829,8.81829,8.70239,8.80863,4741.89281637,0
OND,D,20260508,000000,8.81829,8.86659,8.69273,8.80863,10640.269099090501,0
OND,D,20260511,000000,8.74102,8.80863,8.67341,8.74102,11955.1607752455,0
OND,D,20260512,000000,8.77966,8.83761,8.69273,8.78932,6028.8301025595,0
OND,D,20260513,000000,8.73137,8.73137,8.6058,8.68307,14296.082097912002,0
OND,D,20260514,000000,8.69273,8.76034,8.62512,8.72171,18689.062713601503,0
OND,D,20260515,000000,8.76034,8.77966,8.69273,8.77,17830.759406883,0
OND,D,20260518,000000,8.87,8.9,8.68,8.84,9349,0
OND,D,20260519,000000,8.81,8.9,8.81,8.83,4620,0
OND,D,20260520,000000,8.83,8.83,8.78,8.78,3960,0
OND,D,20260521,000000,8.78,8.8,8.2,8.5,20160,0
OND,D,20260522,000000,8.5,8.7,8.5,8.64,14991,0
OND,D,20260525,000000,8.7,8.79,8.56,8.6,12263,0
OND,D,20260526,000000,8.66,8.73,8.5,8.57,22691,0
OND,D,20260527,000000,8.57,8.74,8.57,8.6,17358,0
OND,D,20260528,000000,8.74,8.74,8.63,8.63,3872,0
OND,D,20260529,000000,8.63,8.71,8.39,8.55,25184,0
OND,D,20260601,000000,8.55,8.55,8.3,8.4,11659,0
OND,D,20260602,000000,8.4,8.49,8.22,8.38,39917,0
OND,D,20260603,000000,8.38,8.48,8.28,8.4,16423,0
OND,D,20260605,000000,8.4,8.4,8.26,8.29,8273,0
OND,D,20260608,000000,8.26,8.26,8.1,8.14,15757,0
OND,D,20260609,000000,8.2,8.4,8.14,8.26,11422,0
OND,D,20260610,000000,8.26,8.38,8.18,8.3,12118,0
OND,D,20260611,000000,8.3,8.3,8.2,8.27,8645,0
OND,D,20260612,000000,8.2,8.29,8.16,8.22,5394,0
OND,D,20260615,000000,8.25,8.29,8.14,8.26,4277,0
OND,D,20260616,000000,8.24,8.24,8.15,8.23,13440,0
OND,D,20260617,000000,8.17,8.2,8.05,8.17,18694,0
OND,D,20260618,000000,8.17,8.2,8.08,8.08,5799,0
OND,D,20260619,000000,8.19,8.2,8.08,8.1,3728,0
OND,D,20260622,000000,8.18,8.18,8.11,8.15,3461,0
OND,D,20260623,000000,8.15,8.15,8.06,8.1,2714,0
OND,D,20260624,000000,8.14,8.14,8.06,8.13,2919,0
OND,D,20260625,000000,8.11,8.14,8.03,8.1,10270,0
OND,D,20260626,000000,8.14,8.15,8.03,8.03,4906,0
OND,D,20260629,000000,8.15,8.15,8.1,8.14,1014,0
OND,D,20260630,000000,8.15,8.15,8,8.12,8679,0
OND,D,20260701,000000,8.07,8.12,8.05,8.1,6287,0
OND,D,20260702,000000,8.04,8.1,7.87,7.97,29322,0
OND,D,20260703,000000,7.95,7.97,7.84,7.9,19513,0
OND,D,20260706,000000,7.94,8.08,7.88,8.01,14098,0
OND,D,20260707,000000,8.01,8.1,8.01,8.03,9860,0
OND,D,20260708,000000,8.07,8.09,7.9,7.9,8917,0
OND,D,20260709,000000,7.9,7.99,7.9,7.94,7991,0
OND,D,20260710,000000,7.93,7.97,7.9,7.91,13362,0
OND,D,20260713,000000,7.93,7.97,7.88,7.88,11775,0
OND,D,20260714,000000,7.88,7.92,7.71,7.88,34441,0
OND,D,20260715,000000,8.04,8.22,7.89,8.05,104109,0
OND,D,20260716,000000,8.05,8.06,7.93,7.97,40183,0
OND,D,20260717,000000,7.97,8.05,7.96,7.96,19460,0
OND,D,20260720,000000,8,8.04,7.95,7.96,45315,0
OND,D,20260721,000000,7.99,8.73,7.97,8.7,107160,0
OND,D,20260722,000000,9,9.35,8.81,9.16,142398,0
OND,D,20260723,000000,9.2,9.27,8.82,8.98,36996,0
OND,D,20260724,000000,8.9,9.14,8.9,9.13,30551,0
OND,D,20260727,000000,9.02,9.22,8.98,9,17458,0
OND,D,20260728,000000,9.07,9.07,8.67,8.67,25430,0
OND,D,20260729,000000,8.8,8.9,8.5,8.74,20732,0
OND,D,20260730,000000,8.72,8.8,8.4,8.44,28806,0
OND,D,20260731,000000,8.45,9.08,8.45,8.9,23926,0
OND,D,20260803,000000,9,9.05,8.88,9.02,13186,0
OND,D,20260804,000000,9.05,9.55,9.05,9.35,102967,0
OND,D,20260805,000000,9.44,9.62,9.3,9.37,30562,0
OND,D,20260806,000000,9.37,9.46,9.18,9.27,14330,0
OND,D,20260807,000000,9.21,9.46,9.15,9.35,12247,0
OND,D,20260810,000000,9.21,9.37,9.15,9.21,12065,0
OND,D,20260811,000000,9.3,9.38,9.25,9.27,10264,0
OND,D,20260812,000000,9.3,9.3,9.2,9.25,18380,0
OND,D,20260813,000000,9.25,9.3,9.22,9.26,4601,0
OND,D,20260814,000000,9.22,9.22,9.05,9.14,8206,0
OND,D,20260817,000000,9.05,9.14,8.92,9.01,9639,0
OND,D,20260818,000000,8.88,9.1,8.8,9,15063,0
