<TICKER>,<PER>,<DATE>,<TIME>,<OPEN>,<HIGH>,<LOW>,<CLOSE>,<VOL>,<OPENINT>
PCF,D,20201218,000000,84.2235,84.2235,64.6045,74.2947,790276.552734375,0
PCF,D,20201221,000000,74.3146,76.296,66.8831,68.8546,126654.794921875,0
PCF,D,20201222,000000,69.3109,74.0968,66.893,72.1145,48662.470703125,0
PCF,D,20201223,000000,72.3332,72.8382,69.3705,70.3508,24006.845703125,0
PCF,D,20201228,000000,71.342,72.7289,67.8743,69.9153,72390.693359375,0
PCF,D,20201229,000000,70.3508,71.7784,69.3805,70.7375,41498.740234375,0
PCF,D,20201230,000000,71.1938,71.1938,69.5584,69.5684,30146.611328125,0
PCF,D,20210104,000000,71.332,74.3146,70.3508,73.5222,19322.55859375,0
PCF,D,20210105,000000,74.5124,80.2597,74.3146,79.2685,54177.59765625,0
PCF,D,20210107,000000,74.3146,85.8977,73.9676,79.2685,124762.7734375,0
PCF,D,20210108,000000,80.6564,80.7548,76.2174,76.286,35276.494140625,0
PCF,D,20210111,000000,76.296,79.0409,76.296,77.1877,15957.958984375,0
PCF,D,20210112,000000,78.1789,79.536,77.2871,77.7822,13763.173828125,0
PCF,D,20210113,000000,77.8817,77.9811,76.3556,76.792,10398.57421875,0
PCF,D,20210114,000000,77.2772,78.4066,77.2474,77.5844,9611.9921875,0
PCF,D,20210115,000000,78.6343,78.6343,77.0595,77.7822,6080.419921875,0
PCF,D,20210118,000000,78.674,78.7734,77.1877,77.7822,9237.8125,0
PCF,D,20210119,000000,77.6838,77.6838,76.4948,77.1291,6337.919921875,0
PCF,D,20210120,000000,77.2871,77.7822,76.792,77.1877,8032.79296875,0
PCF,D,20210121,000000,77.3866,77.485,76.0583,76.296,12559.16015625,0
PCF,D,20210122,000000,75.9003,76.2174,74.5124,75.5533,6448.564453125,0
PCF,D,20210125,000000,75.5632,76.5833,75.3058,75.603,7037.998046875,0
PCF,D,20210126,000000,75.5831,76.8507,75.1069,76.0782,3889.658203125,0
PCF,D,20210127,000000,75.6229,76.4153,73.72,73.9278,19387.939453125,0
PCF,D,20210128,000000,74.3146,74.3146,71.5398,74.3146,19474.443359375,0
PCF,D,20210129,000000,74.7112,74.9588,73.4427,73.8195,12497.802734375,0
PCF,D,20210201,000000,74.3146,74.8097,71.342,71.342,18890.0390625,0
PCF,D,20210202,000000,72.3332,73.3234,70.8469,70.8469,42323.544921875,0
PCF,D,20210203,000000,71.9365,72.3332,70.9453,71.342,25042.880859375,0
PCF,D,20210204,000000,71.9266,77.2871,71.342,77.2871,153780.810546875,0
PCF,D,20210205,000000,77.5148,80.6564,74.5124,78.2783,61470.078125,0
PCF,D,20210208,000000,78.7734,82.2411,77.3369,80.0619,92727.158203125,0
PCF,D,20210209,000000,80.042,80.042,76.5047,76.8119,33628.896484375,0
PCF,D,20210210,000000,76.8119,78.159,75.5036,75.8108,34611.62109375,0
PCF,D,20210211,000000,76.0782,76.6827,74.5621,76.6827,40478.798828125,0
PCF,D,20210212,000000,76.792,78.0596,74.8097,74.8097,25210.859375,0
PCF,D,20210215,000000,75.8009,77.1977,75.0085,76.792,9495.3125,0
PCF,D,20210216,000000,76.792,77.5745,76.296,76.4153,22982.880859375,0
PCF,D,20210217,000000,77.2871,77.2871,74.9389,75.0085,24199.970703125,0
PCF,D,20210218,000000,75.3058,77.5745,75.0085,76.9899,65282.28515625,0
PCF,D,20210219,000000,77.5645,77.5745,76.296,76.296,39732.451171875,0
PCF,D,20210222,000000,77.2673,77.2673,75.7014,76.7722,7839.66796875,0
PCF,D,20210223,000000,76.6429,76.6727,72.184,74.3046,29912.24609375,0
PCF,D,20210224,000000,74.2151,77.1877,74.2151,77.1877,11531.171875,0
PCF,D,20210225,000000,78.9713,81.2509,77.9811,80.0519,82525.732421875,0
PCF,D,20210226,000000,81.2509,82.0433,78.0894,80.0122,87429.296875,0
PCF,D,20210301,000000,80.7548,81.5681,77.0595,77.5844,41446.435546875,0
PCF,D,20210302,000000,78.0596,78.7635,75.3744,77.4949,28415.52734375,0
PCF,D,20210303,000000,77.2871,77.6043,74.8395,75.5036,24355.87890625,0
PCF,D,20210304,000000,74.3146,74.8991,72.8482,73.9179,23428.4765625,0
PCF,D,20210305,000000,75.266,77.0297,74.9091,75.8009,23423.447265625,0
PCF,D,20210308,000000,76.286,78.5159,76.286,78.3768,15415.80078125,0
PCF,D,20210309,000000,78.5756,79.1005,77.2871,78.4762,22072.578125,0
PCF,D,20210310,000000,78.9613,78.9613,76.9004,76.9004,16783.76953125,0
PCF,D,20210311,000000,77.8419,78.1093,76.4153,77.5844,7628.4375,0
PCF,D,20210312,000000,78.0596,78.1789,76.455,77.6838,10780.80078125,0
PCF,D,20210315,000000,77.9413,79.2685,77.2871,79.0508,18332.79296875,0
PCF,D,20210316,000000,79.1801,80.0619,76.8905,76.8905,36164.66796875,0
PCF,D,20210317,000000,77.7524,77.7524,75.3058,76.0981,17952.578125,0
PCF,D,20210318,000000,76.4948,77.0893,75.7014,76.0981,11612.646484375,0
PCF,D,20210319,000000,75.8009,76.792,75.1069,76.4948,7397.08984375,0
PCF,D,20210322,000000,77.2871,77.2871,76.296,76.9899,7104.384765625,0
PCF,D,20210323,000000,77.2673,78.5756,76.4153,78.2783,18464.560546875,0
PCF,D,20210324,000000,78.2684,78.2684,77.2871,78.1789,10107.880859375,0
PCF,D,20210325,000000,77.7922,78.159,75.7213,75.9003,15123.095703125,0
PCF,D,20210326,000000,76.286,81.5482,75.9987,80.2498,78114.033203125,0
PCF,D,20210329,000000,80.8741,82.2411,78.2883,79.2685,41165.80078125,0
PCF,D,20210330,000000,80.6564,80.7548,78.3966,79.1701,17497.9296875,0
PCF,D,20210331,000000,79.2685,79.2685,75.8307,75.8307,92143.759765625,0
PCF,D,20210401,000000,76.1975,79.2685,74.414,76.8905,53828.564453125,0
PCF,D,20210406,000000,81.2509,81.9439,77.3866,80.557,136832.080078125,0
PCF,D,20210407,000000,80.2597,80.2597,75.1566,77.3866,104548.017578125,0
PCF,D,20210408,000000,77.3866,78.0795,75.3555,76.3457,50206.46484375,0
PCF,D,20210409,000000,76.3954,77.139,75.3058,75.9003,32290.09765625,0
PCF,D,20210412,000000,75.3555,76.296,72.6304,73.72,31144.423828125,0
PCF,D,20210413,000000,73.8195,75.5533,73.5719,74.2151,21983.056640625,0
PCF,D,20210414,000000,74.2151,74.2151,72.8283,73.4228,19772.177734375,0
PCF,D,20210415,000000,73.2249,73.2249,69.9551,70.9453,36951.25,0
PCF,D,20210416,000000,70.0535,70.7475,65.7935,67.1804,57750.41015625,0
PCF,D,20210419,000000,67.1804,69.6578,67.1804,69.1618,24617.40234375,0
PCF,D,20210420,000000,69.3606,70.8469,67.3782,68.3694,26152.34375,0
PCF,D,20210421,000000,68.3694,70.0535,66.5858,67.3782,18003.876953125,0
PCF,D,20210422,000000,67.9727,69.3606,67.577,67.7252,13317.578125,0
PCF,D,20210423,000000,68.3694,68.4688,67.2798,67.2798,11769.560546875,0
PCF,D,20210426,000000,67.3782,69.9551,67.2798,69.6578,28147.96875,0
PCF,D,20210427,000000,70.2524,71.342,69.7076,71.342,27529.365234375,0
PCF,D,20210428,000000,71.342,72.1343,68.7661,69.0633,19941.162109375,0
PCF,D,20210429,000000,69.1618,69.3109,67.3782,69.113,17316.875,0
PCF,D,20210430,000000,69.113,71.0944,65.7935,70.9453,17577.392578125,0
PCF,D,20210504,000000,70.8966,70.8966,68.3694,69.0633,56431.728515625,0
PCF,D,20210505,000000,69.0633,69.0633,66.8831,67.4776,23800.64453125,0
PCF,D,20210506,000000,67.8743,67.924,64.4056,64.9017,36090.234375,0
PCF,D,20210507,000000,64.8023,67.7749,62.0276,66.8334,83364.619140625,0
PCF,D,20210510,000000,66.3383,68.3694,64.9514,66.2389,17559.287109375,0
PCF,D,20210511,000000,66.2389,66.2389,63.7127,64.7029,9432.94921875,0
PCF,D,20210512,000000,64.7029,64.852,62.9193,63.8608,9389.697265625,0
PCF,D,20210513,000000,62.4739,63.316,58.0151,60.244,183785.595703125,0
PCF,D,20210514,000000,60.1456,60.1456,57.9654,58.4605,50787.8515625,0
PCF,D,20210517,000000,58.4605,59.4019,56.2315,56.8757,33018.33984375,0
PCF,D,20210518,000000,56.5288,58.4605,56.5288,57.5687,86667.861328125,0
PCF,D,20210519,000000,56.5288,58.9566,56.1321,58.0648,159833.06640625,0
PCF,D,20210520,000000,59.1047,59.1047,56.1818,57.0239,74851.025390625,0
PCF,D,20210521,000000,57.0239,58.3123,55.984,57.4703,71970.244140625,0
PCF,D,20210524,000000,57.6681,64.2575,57.4703,64.2575,37261.0546875,0
PCF,D,20210525,000000,63.4154,64.0597,57.0736,57.0736,113768.73046875,0
PCF,D,20210526,000000,58.2129,59.9467,57.4703,59.6495,21156.240234375,0
PCF,D,20210527,000000,59.4019,61.3346,58.4605,60.6407,19327.587890625,0
PCF,D,20210528,000000,61.1855,61.1855,55.984,57.4703,38251.826171875,0
PCF,D,20210531,000000,56.0824,56.4791,54.6955,55.984,24558.056640625,0
PCF,D,20210601,000000,56.1321,57.6681,54.6955,56.4791,12855.888671875,0
PCF,D,20210602,000000,55.8846,57.4703,55.8846,56.5785,11552.294921875,0
PCF,D,20210604,000000,56.5785,58.4605,55.4879,57.3708,19629.345703125,0
PCF,D,20210607,000000,57.4703,58.8571,56.4791,58.6096,14492.421875,0
PCF,D,20210608,000000,57.6681,58.6096,57.4703,58.4605,2124.375,0
PCF,D,20210609,000000,57.5687,58.4605,57.3708,58.4117,7706.89453125,0
PCF,D,20210610,000000,58.4117,58.4117,57.4703,58.2626,3147.333984375,0
PCF,D,20210611,000000,57.7178,58.2129,57.4703,58.0648,6875.048828125,0
PCF,D,20210614,000000,58.4605,59.2538,58.0648,59.2041,8369.755859375,0
PCF,D,20210615,000000,58.7577,59.9467,58.709,59.9467,9212.666015625,0
PCF,D,20210616,000000,60.0462,61.1358,60.0462,60.8385,8517.6171875,0
PCF,D,20210617,000000,60.5413,60.8882,58.1632,60.4428,10506.201171875,0
PCF,D,20210618,000000,60.7898,60.7898,59.4517,60.0462,3481.279296875,0
PCF,D,20210621,000000,59.9467,60.4428,57.6184,57.9654,3279.1015625,0
PCF,D,20210622,000000,56.9742,59.5014,56.7763,59.4019,4276.9140625,0
PCF,D,20210623,000000,59.4517,60.6407,59.4019,60.0959,5837.001953125,0
PCF,D,20210624,000000,60.0959,60.4428,58.9068,59.055,42295.380859375,0
PCF,D,20210625,000000,57.4703,60.244,57.4703,59.9467,3154.375,0
PCF,D,20210628,000000,59.9467,59.9467,58.6593,59.4517,31549.78515625,0
PCF,D,20210629,000000,59.6505,61.1417,58.3083,60.9429,17957.607421875,0
PCF,D,20210630,000000,61.6388,61.9371,59.6505,61.0423,17320.8984375,0
PCF,D,20210701,000000,61.6388,61.7383,60.6944,61.5394,3754.873046875,0
PCF,D,20210702,000000,61.1417,61.6388,61.1417,61.6388,4858.30078125,0
PCF,D,20210705,000000,61.9371,62.2353,61.092,61.5394,3017.578125,0
PCF,D,20210706,000000,60.4458,62.0862,57.3639,59.6505,7901.025390625,0
PCF,D,20210707,000000,59.6505,60.0482,59.0043,59.9487,4553.525390625,0
PCF,D,20210708,000000,59.9487,59.9984,57.9604,59.054,8960.1953125,0
PCF,D,20210709,000000,59.6505,60.1476,59.054,60.1476,3463.173828125,0
PCF,D,20210712,000000,58.9049,60.6447,58.7557,59.054,8838.486328125,0
PCF,D,20210713,000000,60.6447,60.6447,58.6563,58.9546,2451.279296875,0
PCF,D,20210714,000000,60.247,60.9926,59.2031,60.9926,4841.201171875,0
PCF,D,20210715,000000,60.9926,60.9926,59.7002,59.9487,699.072265625,0
PCF,D,20210716,000000,60.9429,60.9429,58.706,59.6505,1718.0078125,0
PCF,D,20210719,000000,59.6505,59.6505,57.4633,58.4078,2582.041015625,0
PCF,D,20210720,000000,57.4633,58.6563,57.4633,58.5569,3754.873046875,0
PCF,D,20210721,000000,58.5569,58.5569,57.165,57.861,4854.27734375,0
PCF,D,20210722,000000,58.6563,59.5511,57.6621,58.6563,7818.544921875,0
PCF,D,20210723,000000,59.6505,59.6505,57.9107,59.6008,5531.220703125,0
PCF,D,20210726,000000,59.4517,59.6008,57.7616,59.5511,987.75390625,0
PCF,D,20210727,000000,59.5511,59.5511,57.9604,59.1037,747.353515625,0
PCF,D,20210728,000000,58.8551,59.0043,57.9604,58.5072,1774.3359375,0
PCF,D,20210729,000000,58.5072,58.5072,57.7616,57.7616,1790.4296875,0
PCF,D,20210730,000000,58.4078,59.6008,57.6621,59.6008,2564.94140625,0
PCF,D,20210802,000000,59.6008,59.6008,58.0598,59.1037,2393.9453125,0
PCF,D,20210803,000000,59.1037,59.1037,58.1095,58.2089,721.201171875,0
PCF,D,20210804,000000,58.9546,58.9546,57.7118,58.1095,920.361328125,0
PCF,D,20210805,000000,58.1095,58.1095,56.7674,57.6621,3481.279296875,0
PCF,D,20210806,000000,58.1095,58.1095,56.9662,57.7118,2012.724609375,0
PCF,D,20210809,000000,57.7118,57.7118,56.668,57.0656,2882.79296875,0
PCF,D,20210810,000000,56.668,57.0656,56.668,56.9662,2074.08203125,0
PCF,D,20210811,000000,56.668,57.165,56.668,57.0159,1820.60546875,0
PCF,D,20210812,000000,58.0101,58.0101,56.3697,56.5188,3933.916015625,0
PCF,D,20210813,000000,56.3697,56.8171,56.2703,56.668,2650.439453125,0
PCF,D,20210816,000000,57.2148,57.2148,54.8784,54.9779,6806.650390625,0
PCF,D,20210817,000000,50.7029,51.7468,47.3227,47.6011,142607.724609375,0
PCF,D,20210818,000000,47.621,48.1976,44.2805,45.235,104907.109375,0
PCF,D,20210819,000000,45.9309,47.3227,45.732,46.7262,53940.21484375,0
PCF,D,20210820,000000,47.6409,47.78,46.925,47.4818,54636.26953125,0
PCF,D,20210823,000000,47.8198,48.7146,46.5274,47.104,13751.103515625,0
PCF,D,20210824,000000,47.7204,48.1181,46.7262,46.8256,7828.603515625,0
PCF,D,20210825,000000,47.4619,47.4818,45.3543,45.732,15538.515625,0
PCF,D,20210826,000000,45.2548,45.6724,44.539,45.2946,22481.962890625,0
PCF,D,20210827,000000,45.235,45.235,44.3402,45.0361,12836.77734375,0
PCF,D,20210830,000000,44.8373,45.573,44.7577,45.3344,8259.111328125,0
PCF,D,20210831,000000,45.9309,46.7262,45.4338,45.732,13299.47265625,0
PCF,D,20210901,000000,46.4677,46.4677,44.718,45.7122,22485.986328125,0
PCF,D,20210902,000000,45.9309,47.2034,45.1355,46.2092,9583.828125,0
PCF,D,20210903,000000,46.925,46.925,45.235,45.4338,10977.94921875,0
PCF,D,20210906,000000,46.5274,46.5274,44.9765,45.3344,6849.90234375,0
PCF,D,20210907,000000,45.235,45.2548,44.6384,44.7379,11426.5625,0
PCF,D,20210908,000000,44.3402,44.6384,44.2408,44.6384,5303.896484375,0
PCF,D,20210909,000000,44.3601,44.7577,44.2408,44.3402,7036.9921875,0
PCF,D,20210910,000000,44.3402,44.7379,44.0419,44.0817,5469.86328125,0
PCF,D,20210913,000000,44.7379,44.7379,43.7437,43.8829,8322.48046875,0
PCF,D,20210914,000000,43.9028,44.3402,43.8829,44.0221,12413.310546875,0
PCF,D,20210915,000000,44.0221,44.3402,44.0221,44.3203,2995.44921875,0
PCF,D,20210916,000000,44.2408,44.2408,43.7437,43.9226,14947.0703125,0
PCF,D,20210917,000000,44.7379,44.7379,42.9483,43.346,15634.072265625,0
PCF,D,20210920,000000,43.4653,43.4653,41.9542,41.9542,13368.876953125,0
PCF,D,20210921,000000,41.8548,42.7296,41.1986,41.636,8568.916015625,0
PCF,D,20210922,000000,41.636,44.6186,40.1845,42.0536,70658.603515625,0
PCF,D,20210923,000000,43.6443,43.7238,41.8746,41.8746,8773.10546875,0
PCF,D,20210924,000000,42.7495,45.1554,42.2325,44.1612,10490.107421875,0
PCF,D,20210927,000000,42.8489,44.1414,42.2723,43.6443,21765.791015625,0
PCF,D,20210928,000000,44.1414,44.1414,42.3518,42.7495,5238.515625,0
PCF,D,20210929,000000,42.2723,43.2466,40.1647,41.7553,6045.21484375,0
PCF,D,20210930,000000,43.2267,43.9226,40.7612,41.2583,28534.21875,0
PCF,D,20211001,000000,41.2583,41.636,40.7612,41.2583,6449.5703125,0
PCF,D,20211004,000000,41.2583,42.6501,41.0594,41.3378,6422.412109375,0
PCF,D,20211005,000000,41.4969,41.7553,41.139,41.4571,6141.77734375,0
PCF,D,20211006,000000,41.4571,41.4571,40.7612,41.1588,5602.63671875,0
PCF,D,20211007,000000,41.1588,42.0337,40.7612,41.2583,5391.40625,0
PCF,D,20211008,000000,40.6816,41.7553,40.4629,41.1588,6408.330078125,0
PCF,D,20211011,000000,42.5507,42.5507,40.9202,40.9202,10052.55859375,0
PCF,D,20211012,000000,40.3635,40.96,40.2641,40.7413,9256.923828125,0
PCF,D,20211013,000000,40.7612,40.96,38.6933,40.7612,39199.345703125,0
PCF,D,20211014,000000,40.2044,40.7612,39.3296,40.5424,5325.01953125,0
PCF,D,20211015,000000,40.7214,40.7214,39.8863,40.1647,7248.22265625,0
PCF,D,20211018,000000,40.1647,42.1928,39.8664,42.0934,20316.34765625,0
PCF,D,20211019,000000,42.153,48.7146,42.0934,47.7204,76996.5234375,0
PCF,D,20211020,000000,48.7146,49.7087,46.7262,46.8853,29164.892578125,0
PCF,D,20211021,000000,46.9052,47.2631,43.7437,46.7461,31501.50390625,0
PCF,D,20211022,000000,47.2432,47.5216,45.7122,46.8853,14251.015625,0
PCF,D,20211025,000000,47.7005,47.9192,44.7379,46.3285,5741.4453125,0
PCF,D,20211026,000000,46.2291,46.925,44.2408,44.7379,12505.849609375,0
PCF,D,20211027,000000,44.4595,44.4595,43.4454,44.1016,4886.46484375,0
PCF,D,20211028,000000,44.2209,44.6782,43.5449,43.863,1359.921875,0
PCF,D,20211029,000000,44.3402,44.3402,42.9483,42.9483,4378.505859375,0
PCF,D,20211102,000000,42.8489,42.8887,41.7553,41.7553,6953.505859375,0
PCF,D,20211103,000000,41.7553,41.9542,40.7612,40.7612,11748.4375,0
PCF,D,20211104,000000,41.8548,41.9542,40.1647,40.6617,17762.470703125,0
PCF,D,20211105,000000,40.7612,41.636,40.3635,40.9401,6753.33984375,0
PCF,D,20211108,000000,40.9401,41.0594,39.8068,40.0255,10431.767578125,0
PCF,D,20211109,000000,40.5623,41.7553,39.7869,39.9857,6055.2734375,0
PCF,D,20211110,000000,40.0056,40.622,39.3693,39.8664,18550.05859375,0
PCF,D,20211112,000000,39.9658,41.1588,39.9658,40.7612,26692.490234375,0
PCF,D,20211115,000000,41.7553,41.9542,40.3635,40.6617,5963.740234375,0
PCF,D,20211116,000000,40.96,41.4571,40.2641,40.7413,4977.998046875,0
PCF,D,20211117,000000,40.7612,41.4372,39.3296,40.2641,4985.0390625,0
PCF,D,20211118,000000,40.1647,41.2583,38.8126,41.2583,8984.3359375,0
PCF,D,20211119,000000,41.2185,41.2185,39.9062,40.2641,3696.533203125,0
PCF,D,20211122,000000,40.2641,41.1986,39.9658,40.7612,6159.8828125,0
PCF,D,20211123,000000,40.7612,41.6559,39.8664,40.3635,6744.287109375,0
PCF,D,20211124,000000,40.7214,40.7214,39.8664,40.6617,6565.244140625,0
PCF,D,20211125,000000,40.3635,40.7015,40.0652,40.7015,2965.2734375,0
PCF,D,20211126,000000,40.5623,41.4571,39.8863,41.4372,6401.2890625,0
PCF,D,20211129,000000,41.4372,41.5565,39.6676,39.8664,6267.509765625,0
PCF,D,20211130,000000,44.7379,45.235,41.9542,44.6384,111294.31640625,0
PCF,D,20211201,000000,45.3344,49.1918,45.3145,46.2291,59248.134765625,0
PCF,D,20211202,000000,47.2233,47.2233,45.6326,45.732,8607.138671875,0
PCF,D,20211203,000000,45.732,47.8397,45.7122,47.3227,9306.2109375,0
PCF,D,20211206,000000,47.7204,49.1122,45.5133,48.7146,14745.8984375,0
PCF,D,20211207,000000,48.6549,50.2058,48.3169,49.6292,22746.50390625,0
PCF,D,20211208,000000,49.3508,50.3052,48.814,49.9076,13081.201171875,0
PCF,D,20211209,000000,49.7584,49.7584,46.766,48.3169,8943.095703125,0
PCF,D,20211210,000000,47.8198,48.2175,46.925,48.1181,6170.947265625,0
PCF,D,20211213,000000,48.3169,49.7087,47.7204,49.3508,9023.564453125,0
PCF,D,20211214,000000,49.3906,50.1064,48.814,49.8082,13953.28125,0
PCF,D,20211215,000000,49.7584,50.2058,49.2514,49.8082,4246.73828125,0
PCF,D,20211216,000000,49.7087,50.7029,49.7087,50.7029,6691.982421875,0
PCF,D,20211217,000000,50.6532,52.6416,50.1064,50.8023,16766.669921875,0
PCF,D,20211220,000000,50.9017,50.9017,47.9192,49.2315,14011.62109375,0
PCF,D,20211221,000000,49.0128,49.6889,48.973,49.3111,8919.9609375,0
PCF,D,20211222,000000,49.2117,49.5894,48.9134,48.9134,5446.728515625,0
PCF,D,20211223,000000,48.9134,49.2117,47.8198,48.7146,72053.73046875,0
PCF,D,20211227,000000,48.3169,48.7146,47.2233,48.0186,11184.150390625,0
PCF,D,20211228,000000,48.0186,48.3964,46.7262,47.0245,26954.013671875,0
PCF,D,20211229,000000,46.766,48.7146,46.766,48.5953,3879.599609375,0
PCF,D,20211230,000000,47.7204,48.635,47.7204,48.635,7253.251953125,0
PCF,D,20220103,000000,49.6889,50.1064,49.3111,49.7087,1999.6484375,0
PCF,D,20220104,000000,49.7087,52.4924,49.6093,52.2936,12995.703125,0
PCF,D,20220105,000000,51.8959,54.5802,51.2497,54.5802,20767.978515625,0
PCF,D,20220107,000000,54.5802,55.5744,52.741,54.9779,15877.490234375,0
PCF,D,20220110,000000,55.1767,55.6738,53.9837,54.3317,16746.552734375,0
PCF,D,20220111,000000,54.4311,55.3258,53.8843,54.6796,4533.408203125,0
PCF,D,20220112,000000,54.5802,55.1767,53.9837,55.1767,8114.267578125,0
PCF,D,20220113,000000,55.3755,55.972,54.779,55.7732,8477.3828125,0
PCF,D,20220114,000000,55.8726,55.972,54.7293,54.7293,5685.1171875,0
PCF,D,20220117,000000,54.779,55.5744,54.3317,54.9779,1564.111328125,0
PCF,D,20220118,000000,54.9779,56.5685,54.9779,55.6738,10759.677734375,0
PCF,D,20220119,000000,55.2264,55.3258,54.2819,55.3258,11895.29296875,0
PCF,D,20220120,000000,54.7293,54.8287,54.3317,54.7293,7650.56640625,0
PCF,D,20220121,000000,54.7293,54.7293,52.741,54.6796,10915.5859375,0
PCF,D,20220124,000000,53.7849,54.6796,49.5099,49.6292,50638.984375,0
PCF,D,20220125,000000,49.3111,50.4047,49.3111,50.0567,12373.076171875,0
PCF,D,20220126,000000,50.007,53.6854,49.7584,52.1942,6057.28515625,0
PCF,D,20220127,000000,52.4924,52.6913,51.2994,52.1942,4803.984375,0
PCF,D,20220128,000000,52.6416,52.6416,49.8082,52.1942,7486.611328125,0
PCF,D,20220131,000000,52.6913,54.1825,52.393,54.1825,3363.59375,0
PCF,D,20220201,000000,54.6299,55.6738,54.0334,54.6796,8974.27734375,0
PCF,D,20220202,000000,54.6796,56.32,54.2322,56.32,10777.783203125,0
PCF,D,20220203,000000,56.4691,56.668,55.9223,56.4194,3960.068359375,0
PCF,D,20220204,000000,56.3697,57.0656,55.7235,57.0656,9800.087890625,0
PCF,D,20220207,000000,56.8668,57.0656,56.668,57.0656,5954.6875,0
PCF,D,20220208,000000,57.0656,57.4633,56.8668,56.9662,2648.427734375,0
PCF,D,20220209,000000,56.9662,56.9662,56.1709,56.9662,2510.625,0
PCF,D,20220210,000000,56.32,57.2645,56.1709,57.165,3735.76171875,0
PCF,D,20220211,000000,57.165,57.3639,56.0715,57.165,2092.1875,0
PCF,D,20220214,000000,55.7732,55.8229,52.4924,55.5744,15814.12109375,0
PCF,D,20220215,000000,54.6796,55.5744,54.1825,55.3755,4717.48046875,0
PCF,D,20220216,000000,55.2761,56.0217,54.4311,54.9779,4051.6015625,0
PCF,D,20220217,000000,54.9779,55.0276,54.1825,54.7293,5339.1015625,0
PCF,D,20220218,000000,55.3755,55.972,54.3814,55.1767,49180.48828125,0
PCF,D,20220221,000000,55.127,55.1767,50.9017,53.3375,22712.3046875,0
PCF,D,20220222,000000,52.4924,55.1767,50.7029,55.0773,17687.03125,0
PCF,D,20220223,000000,55.0773,57.4633,55.0773,56.9165,14015.64453125,0
PCF,D,20220224,000000,49.7584,54.1825,44.4197,54.0831,45900.380859375,0
PCF,D,20220225,000000,53.6854,54.6796,50.9017,54.6796,18173.8671875,0
PCF,D,20220228,000000,53.6854,56.668,51.6971,56.668,16081.6796875,0
PCF,D,20220301,000000,55.1767,55.1767,51.2,51.3988,18360.95703125,0
PCF,D,20220302,000000,50.7029,53.6854,48.7344,50.7029,33869.296875,0
PCF,D,20220303,000000,49.7087,51.5977,49.2117,49.4701,13901.982421875,0
PCF,D,20220304,000000,49.2117,51.6971,48.3964,51.6971,14897.783203125,0
PCF,D,20220307,000000,51.4983,52.6913,48.1181,52.6913,14410.947265625,0
PCF,D,20220308,000000,52.4924,52.6913,49.2315,52.6913,23620.595703125,0
PCF,D,20220309,000000,52.6416,53.2878,51.0012,52.6913,26889.638671875,0
PCF,D,20220310,000000,52.6416,54.1825,51.1006,53.1883,19227.001953125,0
PCF,D,20220311,000000,53.1883,54.3317,51.8959,54.3317,11884.228515625,0
PCF,D,20220314,000000,54.1825,54.1825,51.7965,51.9953,6643.701171875,0
PCF,D,20220315,000000,52.6913,53.6854,51.2994,52.7907,34064.43359375,0
PCF,D,20220316,000000,53.6357,53.6854,52.6416,53.1883,2296.376953125,0
PCF,D,20220317,000000,53.6357,55.6738,52.8901,54.8784,9942.919921875,0
PCF,D,20220318,000000,55.475,55.6241,54.4808,55.6241,9979.130859375,0
PCF,D,20220321,000000,55.5744,56.0715,55.0276,55.6738,8322.48046875,0
PCF,D,20220322,000000,55.6738,55.7235,54.8287,55.7235,1451.455078125,0
PCF,D,20220323,000000,55.7235,55.7235,54.6796,54.9779,3981.19140625,0
PCF,D,20220324,000000,55.6241,55.7732,54.779,55.6738,1484.6484375,0
PCF,D,20220325,000000,55.6738,55.6738,54.779,54.779,667.890625,0
PCF,D,20220328,000000,55.6738,55.8726,54.6796,54.9779,21000.33203125,0
PCF,D,20220329,000000,55.6738,56.1212,54.6796,55.2761,4913.623046875,0
PCF,D,20220330,000000,55.7732,56.1212,53.3872,56.0715,45093.681640625,0
PCF,D,20220331,000000,56.1212,59.054,55.5744,58.8551,26256.953125,0
PCF,D,20220401,000000,58.9546,59.6505,57.7118,59.6505,45459.814453125,0
PCF,D,20220404,000000,59.6505,61.5891,58.6563,61.5394,13225.0390625,0
PCF,D,20220405,000000,61.44,62.0862,59.2031,60.3464,11969.7265625,0
PCF,D,20220406,000000,60.3464,60.3464,57.4633,58.6563,12095.458984375,0
PCF,D,20220407,000000,59.5511,61.7383,58.2089,61.5394,66387.724609375,0
PCF,D,20220408,000000,61.9868,62.5336,58.9049,61.5394,9699.501953125,0
PCF,D,20220411,000000,61.1417,61.4897,58.6563,61.44,10659.091796875,0
PCF,D,20220412,000000,61.5394,61.5891,60.6447,61.5891,9941.9140625,0
PCF,D,20220413,000000,60.6447,61.5394,60.6447,61.44,5089.6484375,0
PCF,D,20220414,000000,61.44,61.5394,60.1476,60.6447,6046.220703125,0
PCF,D,20220419,000000,59.6505,60.5452,57.861,60.3464,7171.77734375,0
PCF,D,20220420,000000,60.1476,63.6272,59.6505,63.1301,16819.98046875,0
PCF,D,20220421,000000,63.1301,63.2295,59.9487,63.1301,13624.365234375,0
PCF,D,20220422,000000,63.826,67.5045,59.8493,65.5161,138939.35546875,0
PCF,D,20220425,000000,65.4167,66.4109,62.7324,64.3231,7761.2109375,0
PCF,D,20220426,000000,64.1243,65.6155,62.2353,63.6272,4409.6875,0
PCF,D,20220427,000000,62.633,65.6155,59.2528,60.6447,8019.716796875,0
PCF,D,20220428,000000,60.6447,63.1301,59.054,63.1301,6904.21875,0
PCF,D,20220429,000000,64.3231,64.3231,60.6447,61.0423,9719.619140625,0
PCF,D,20220502,000000,60.247,60.6447,58.1592,58.1592,8905.87890625,0
PCF,D,20220504,000000,57.6621,57.7616,56.0715,56.0715,2719.84375,0
PCF,D,20220505,000000,55.8726,55.972,50.9017,51.6971,18079.31640625,0
PCF,D,20220506,000000,51.6971,51.6971,48.7146,49.659,6374.130859375,0
PCF,D,20220509,000000,49.4105,49.8082,46.7262,46.7262,5389.39453125,0
PCF,D,20220510,000000,45.8812,47.621,44.8373,46.5274,8373.779296875,0
PCF,D,20220511,000000,46.428,49.3111,46.428,47.7204,3946.9921875,0
PCF,D,20220512,000000,46.7262,47.7204,42.1033,44.8373,13265.2734375,0
PCF,D,20220513,000000,45.732,46.6268,43.9425,46.6268,2897.880859375,0
PCF,D,20220516,000000,46.7262,48.2672,45.2847,47.7204,4111.953125,0
PCF,D,20220517,000000,46.925,51.2,46.925,51.1006,4776.826171875,0
PCF,D,20220518,000000,51.2,51.6971,50.3052,51.6971,2359.74609375,0
PCF,D,20220519,000000,50.3052,53.6854,47.8198,53.6854,4317.1484375,0
PCF,D,20220520,000000,51.7965,53.586,50.8023,52.6913,4233.662109375,0
PCF,D,20220523,000000,52.393,53.2878,51.1006,52.0948,1368.974609375,0
PCF,D,20220524,000000,52.5918,52.5918,49.8082,50.7029,1131.591796875,0
PCF,D,20220525,000000,50.7029,53.6854,49.7087,53.6854,1438.37890625,0
PCF,D,20220526,000000,53.586,53.586,51.6971,53.2878,357.080078125,0
PCF,D,20220527,000000,51.7965,51.7965,50.2058,51.4983,1614.404296875,0
PCF,D,20220530,000000,50.9017,51.4983,50.2058,51.4983,2374.833984375,0
PCF,D,20220531,000000,51.5977,51.5977,48.3169,50.7029,6619.560546875,0
PCF,D,20220601,000000,48.9134,49.5596,48.2175,48.7146,1742.1484375,0
PCF,D,20220602,000000,48.2672,50.5041,48.0186,50.5041,5054.443359375,0
PCF,D,20220603,000000,50.5041,54.6796,50.5041,50.8023,6062.314453125,0
PCF,D,20220606,000000,50.7029,52.5918,50.4047,51.6971,1526.89453125,0
PCF,D,20220607,000000,51.6971,52.1942,51.6971,51.7965,357.080078125,0
PCF,D,20220608,000000,52.1942,52.393,50.8023,51.6971,8564.892578125,0
PCF,D,20220609,000000,50.9017,51.6971,50.9017,51.3988,1232.177734375,0
PCF,D,20220610,000000,50.7029,51.6971,49.9076,51.0012,15107.001953125,0
PCF,D,20220613,000000,50.7029,50.7029,49.0625,50.2058,15107.001953125,0
PCF,D,20220614,000000,50.2058,50.2058,48.9134,49.6093,1516.8359375,0
PCF,D,20220615,000000,50.7029,50.7029,48.8637,49.6093,637.71484375,0
PCF,D,20220617,000000,49.659,50.3052,49.2614,50.2058,1667.71484375,0
PCF,D,20220620,000000,49.9076,49.9076,49.1122,49.5099,1316.669921875,0
PCF,D,20220621,000000,49.1122,51.2,49.1122,50.9017,819.775390625,0
PCF,D,20220622,000000,50.2058,50.2058,48.1181,48.7146,2510.625,0
PCF,D,20220623,000000,49.659,49.659,48.2175,49.3608,455.654296875,0
PCF,D,20220624,000000,49.3608,49.3608,46.3285,48.2672,1031.005859375,0
PCF,D,20220627,000000,48.6649,50.007,46.8256,50.007,1432.34375,0
PCF,D,20220628,000000,49.7087,52.6913,49.7087,52.5918,3971.1328125,0
PCF,D,20220629,000000,51.8959,55.8726,51.8959,55.8726,8502.529296875,0
PCF,D,20220630,000000,55.6738,56.668,54.1825,56.668,7370.9375,0
PCF,D,20220701,000000,57.0656,57.4633,51.6971,53.0889,8164.560546875,0
PCF,D,20220704,000000,51.6971,51.6971,49.5099,51.2,25235,0
PCF,D,20220705,000000,50.007,50.7029,49.2614,50.7029,2968.291015625,0
PCF,D,20220706,000000,49.5099,52.0948,49.5099,51.2,3112.12890625,0
PCF,D,20220707,000000,51.2,51.6,50.1,51.6,1351,0
PCF,D,20220708,000000,52.9,53.6,51.2,53.6,1448,0
PCF,D,20220711,000000,53.6,53.6,51.1,51.4,6722,0
PCF,D,20220712,000000,51.2,51.7,50.8,51.7,1855,0
PCF,D,20220713,000000,51.6,51.6,50.2,50.7,1930,0
PCF,D,20220714,000000,50.7,50.9,50.1,50.9,809,0
PCF,D,20220715,000000,51,51.4,50.3,50.3,58,0
PCF,D,20220718,000000,50.3,51.5,50.1,50.1,1537,0
PCF,D,20220719,000000,50.1,50.8,49.25,49.25,27856,0
PCF,D,20220720,000000,49.9,49.9,49.25,49.6,274,0
PCF,D,20220721,000000,50,50,49.45,49.6,56,0
PCF,D,20220722,000000,49.35,50.9,48.7,49.75,2610,0
PCF,D,20220725,000000,50.7,50.7,49.2,49.2,523,0
PCF,D,20220726,000000,50.7,50.7,48.3,49.2,5021,0
PCF,D,20220727,000000,48.95,49.85,48.35,49.4,430,0
PCF,D,20220728,000000,49.85,50.5,49.85,50.5,1417,0
PCF,D,20220729,000000,50.2,51,50,50.5,1247,0
PCF,D,20220801,000000,51.4,51.5,49.2,50.5,4399,0
PCF,D,20220802,000000,51,51,49.4,50.5,333,0
PCF,D,20220803,000000,50,51.5,49.75,51.5,1047,0
PCF,D,20220804,000000,51.5,51.5,50,51,1193,0
PCF,D,20220805,000000,51.5,51.5,49.2,50.4,967,0
PCF,D,20220808,000000,49.3,49.9,49.3,49.85,8520,0
PCF,D,20220809,000000,49.9,49.95,49.5,49.95,13432,0
PCF,D,20220810,000000,50,50,49.05,49.95,254,0
PCF,D,20220811,000000,49.3,49.8,48.9,49.15,1718,0
PCF,D,20220812,000000,49.5,49.5,49,49.05,466,0
PCF,D,20220816,000000,49.05,51.1,49.05,50.3,27789,0
PCF,D,20220817,000000,51.1,51.1,49.9,50.4,3965,0
PCF,D,20220818,000000,50,50,49.3,50,262,0
PCF,D,20220819,000000,50,50,48.8,49.5,20598,0
PCF,D,20220822,000000,48.65,49.9,48.6,49.9,273,0
PCF,D,20220823,000000,49.9,49.9,48.65,49.4,643,0
PCF,D,20220824,000000,49.9,49.9,48.4,49.2,589,0
PCF,D,20220825,000000,48.5,48.85,47.75,48.5,1033,0
PCF,D,20220826,000000,48.6,48.6,47.6,48.35,568,0
PCF,D,20220829,000000,48.3,48.3,44.15,47.7,1340,0
PCF,D,20220830,000000,47.7,47.7,46.3,47.2,387,0
PCF,D,20220831,000000,47.95,47.95,45.55,45.7,1211,0
PCF,D,20220901,000000,45.2,47.45,45.2,47.45,1411,0
PCF,D,20220902,000000,47.4,47.4,45.5,46.7,592,0
PCF,D,20220905,000000,46.5,46.5,44.9,45.8,1105,0
PCF,D,20220906,000000,45,45.4,42.9,44,3856,0
PCF,D,20220907,000000,44,44,42.9,43.95,2239,0
PCF,D,20220908,000000,44,44,42.2,43.3,2800,0
PCF,D,20220909,000000,43.3,44.95,42.8,44,2606,0
PCF,D,20220912,000000,44,44,43.3,44,9288,0
PCF,D,20220913,000000,44,45.5,44,45.05,303,0
PCF,D,20220914,000000,44,45.6,44,45,1938,0
PCF,D,20220915,000000,45,47.9,45,47,2863,0
PCF,D,20220916,000000,46.95,46.95,45.55,46.9,784,0
PCF,D,20220919,000000,46.9,46.9,45.2,45.9,736,0
PCF,D,20220920,000000,45.9,46.1,43.3,44,2464,0
PCF,D,20220921,000000,44.8,45.7,43.65,45.35,3217,0
PCF,D,20220922,000000,45,45.95,44,44,12734,0
PCF,D,20220923,000000,43.55,45,43,45,6659,0
PCF,D,20220926,000000,41,41.8,39.1,39.75,111079,0
PCF,D,20220927,000000,39.95,39.95,38.25,38.95,3809,0
PCF,D,20220928,000000,38.25,41.5,38.25,41.5,14938,0
PCF,D,20220929,000000,41.9,41.95,40.5,41.1,2864,0
PCF,D,20220930,000000,41.45,41.45,40.6,41.2,90,0
PCF,D,20221003,000000,41.25,41.25,39.1,40,3902,0
PCF,D,20221004,000000,39.15,41,39.15,40.5,2218,0
PCF,D,20221005,000000,40,40.4,39.6,40.2,557,0
PCF,D,20221006,000000,40.2,41.5,40,41.2,1727,0
PCF,D,20221007,000000,41.15,41.95,40.05,41.95,35697,0
PCF,D,20221010,000000,41.95,41.95,40.25,41.2,229,0
PCF,D,20221011,000000,41.45,41.45,40.25,40.7,539,0
PCF,D,20221012,000000,40.1,40.7,39.6,40.1,4156,0
PCF,D,20221013,000000,40.85,40.85,39.6,39.6,1327,0
PCF,D,20221014,000000,39.65,41.35,39.65,41,2554,0
PCF,D,20221017,000000,41.9,41.9,41,41.85,192,0
PCF,D,20221018,000000,41.95,43.6,41.05,43.5,3471,0
PCF,D,20221019,000000,43.2,43.9,43.05,43.9,1434,0
PCF,D,20221020,000000,43.9,43.9,42,43,2160,0
PCF,D,20221021,000000,43.5,43.5,41.35,42.1,441,0
PCF,D,20221024,000000,42.9,42.9,42.15,42.15,17,0
PCF,D,20221025,000000,41.3,43.5,41.3,43.5,2006,0
PCF,D,20221026,000000,43.5,43.9,41.7,43.9,2701,0
PCF,D,20221027,000000,45,46.4,44.1,46.4,2659,0
PCF,D,20221028,000000,46.3,46.9,44.75,46.9,782,0
PCF,D,20221031,000000,46.8,48.7,45.3,47.5,6711,0
PCF,D,20221102,000000,47,47,46,46.5,323,0
PCF,D,20221103,000000,46.45,46.45,43,44,2977,0
PCF,D,20221104,000000,44,44.65,43.6,44.4,3019,0
PCF,D,20221107,000000,44,45,43.8,44,2780,0
PCF,D,20221108,000000,44.4,44.4,42.95,43.65,1672,0
PCF,D,20221109,000000,43.65,43.65,41.7,43.6,707,0
PCF,D,20221110,000000,43.25,43.9,43,43.9,1603,0
PCF,D,20221114,000000,43.9,44,42.75,43.95,2124,0
PCF,D,20221115,000000,44,44,42.8,44,929,0
PCF,D,20221116,000000,42.7,43.45,42.5,43.2,440,0
PCF,D,20221117,000000,41.75,43.2,41.75,42,2132,0
PCF,D,20221118,000000,42.9,43,41.7,43,1577,0
PCF,D,20221121,000000,43,44,42.9,44,89,0
PCF,D,20221122,000000,44.45,44.45,42.2,44.15,302,0
PCF,D,20221123,000000,44.15,44.15,43,43.75,635,0
PCF,D,20221124,000000,44,44,42.6,43.5,1143,0
PCF,D,20221125,000000,43.5,43.5,42.2,43,1071,0
PCF,D,20221128,000000,43,43,42.15,42.7,963,0
PCF,D,20221129,000000,42.7,42.7,40.2,42,5545,0
PCF,D,20221130,000000,42,42,40.7,41,3694,0
PCF,D,20221201,000000,41.9,42,40.5,41.4,1942,0
PCF,D,20221202,000000,41.95,41.95,40.85,41,1545,0
PCF,D,20221205,000000,40.95,41.3,40.2,40.6,4171,0
PCF,D,20221206,000000,40.95,40.95,40.2,40.5,546,0
PCF,D,20221207,000000,40.2,40.7,40,40.5,3814,0
PCF,D,20221208,000000,41.85,41.85,39.5,40.9,3137,0
PCF,D,20221209,000000,41,41,39.5,40,958,0
PCF,D,20221212,000000,40,40.55,39.25,40,869,0
PCF,D,20221213,000000,40,40.5,39.65,40.5,1373,0
PCF,D,20221214,000000,40,40.5,38.5,39.85,4071,0
PCF,D,20221215,000000,40.55,40.55,39.1,40,1661,0
PCF,D,20221216,000000,40,40.65,39.5,39.7,1289,0
PCF,D,20221219,000000,39.8,39.8,39,39.6,1476,0
PCF,D,20221220,000000,39.05,39.75,39.05,39.2,1778,0
PCF,D,20221221,000000,39.05,39.75,38.65,39.4,2063,0
PCF,D,20221222,000000,39.7,39.7,39,39.45,1260,0
PCF,D,20221223,000000,39.6,39.6,38.8,39.3,1464,0
PCF,D,20221227,000000,39.2,39.4,38,38.7,3649,0
PCF,D,20221228,000000,38.9,39.45,38.7,39,6162,0
PCF,D,20221229,000000,39.6,39.6,39,39,486,0
PCF,D,20221230,000000,39,39.2,38.75,39.2,1408,0
PCF,D,20230102,000000,39.25,39.65,38.9,39.45,1453,0
PCF,D,20230103,000000,39.25,40.75,38.9,40.75,2974,0
PCF,D,20230104,000000,40.75,41.7,40.55,41.45,1397,0
PCF,D,20230105,000000,41.4,41.4,40.2,41,1915,0
PCF,D,20230109,000000,41,41.3,39,40.95,2168,0
PCF,D,20230110,000000,40.9,40.9,38.7,39.45,5517,0
PCF,D,20230111,000000,40.4,40.4,39.5,39.5,1023,0
PCF,D,20230112,000000,39.5,40,39,39.8,2822,0
PCF,D,20230113,000000,39.95,40,39.2,39.55,2225,0
PCF,D,20230116,000000,40,40.05,39.5,39.5,2582,0
PCF,D,20230117,000000,40.45,40.45,39.3,39.6,347,0
PCF,D,20230118,000000,39.7,39.8,39,39.5,1538,0
PCF,D,20230119,000000,39.5,39.65,39.1,39.5,5602,0
PCF,D,20230120,000000,39.6,39.6,38.8,38.85,2812,0
PCF,D,20230123,000000,39.05,39.5,39,39.25,393,0
PCF,D,20230124,000000,39.4,39.45,38.8,39.15,2086,0
PCF,D,20230125,000000,39.45,39.5,38.7,39.5,2199,0
PCF,D,20230126,000000,38.75,39.5,38.7,39.5,1545,0
PCF,D,20230127,000000,39.45,40.35,39,40.3,2923,0
PCF,D,20230130,000000,39.2,39.8,38.5,39,4560,0
PCF,D,20230131,000000,39.75,39.85,38.75,39.75,1672,0
PCF,D,20230201,000000,38,39.9,36.5,37.9,18906,0
PCF,D,20230202,000000,37.8,38.6,37.3,37.7,5627,0
PCF,D,20230203,000000,38.25,38.25,37.35,37.55,3178,0
PCF,D,20230206,000000,37.3,37.4,36.75,36.95,6507,0
PCF,D,20230207,000000,36.95,37.1,36.5,37,1811,0
PCF,D,20230208,000000,37,38.5,36.4,37.2,5247,0
PCF,D,20230209,000000,37.2,38.5,36.6,37.2,3053,0
PCF,D,20230210,000000,37.2,37.2,36.2,37,1414,0
PCF,D,20230213,000000,37,37,36.15,36.6,1161,0
PCF,D,20230214,000000,36.9,37,36,37,1812,0
PCF,D,20230215,000000,37,38.05,36.5,38,3099,0
PCF,D,20230216,000000,38,38,37,37.8,473,0
PCF,D,20230217,000000,37.95,37.95,36.45,37.2,3236,0
PCF,D,20230220,000000,37.1,37.1,37,37,1160,0
PCF,D,20230221,000000,36.9,37.8,36.9,37.5,2906,0
PCF,D,20230222,000000,37.7,37.7,36.5,37,884,0
PCF,D,20230223,000000,37,37,36.7,37,354,0
PCF,D,20230224,000000,37.2,37.2,36.65,36.95,1092,0
PCF,D,20230227,000000,36.65,37.2,36.65,37.2,1034,0
PCF,D,20230228,000000,37.2,37.2,36.65,36.8,525,0
PCF,D,20230301,000000,36.8,37.2,36.8,37.2,1387,0
PCF,D,20230302,000000,37.4,37.4,36.3,36.3,1366,0
PCF,D,20230303,000000,36.6,36.85,36.35,36.5,567,0
PCF,D,20230306,000000,36.75,37.3,36.75,37.1,1744,0
PCF,D,20230307,000000,37.1,37.4,36.6,37.4,2843,0
PCF,D,20230308,000000,37,37.3,36.8,37.3,192,0
PCF,D,20230309,000000,37.3,37.3,35.95,36.55,4921,0
PCF,D,20230310,000000,35.95,36.6,35.55,36.15,2716,0
PCF,D,20230313,000000,36.05,36.05,35,35.75,2346,0
PCF,D,20230314,000000,35.75,35.75,35.2,35.65,592,0
PCF,D,20230315,000000,35.65,35.65,34.2,34.95,2731,0
PCF,D,20230316,000000,34.95,34.95,34,34.95,671,0
PCF,D,20230317,000000,34.95,35.75,34.9,35,5480,0
PCF,D,20230320,000000,35,36,35,36,1565,0
PCF,D,20230321,000000,37,37.4,35.25,37.35,3338,0
PCF,D,20230322,000000,37.3,37.9,37,37.9,1688,0
PCF,D,20230323,000000,37.1,37.9,37.05,37.9,569,0
PCF,D,20230324,000000,37.9,37.9,36.95,37.8,1719,0
PCF,D,20230327,000000,37.9,37.9,36.7,37.1,2151,0
PCF,D,20230328,000000,37.1,37.1,36.55,36.75,576,0
PCF,D,20230329,000000,40,41.75,38.2,40.95,22382,0
PCF,D,20230330,000000,41,41.65,39.5,40.5,10680,0
PCF,D,20230331,000000,40.5,40.55,40,40.1,2827,0
PCF,D,20230403,000000,40.85,40.85,39.9,40,944,0
PCF,D,20230404,000000,40.2,40.2,39.5,39.6,767,0
PCF,D,20230405,000000,40,40,38.6,39.2,764,0
PCF,D,20230406,000000,39.4,39.4,38.4,38.4,1081,0
PCF,D,20230411,000000,38.4,39.95,38.4,38.9,714,0
PCF,D,20230412,000000,38.95,39.15,38.65,38.8,2149,0
PCF,D,20230413,000000,39,39.4,38.65,39.4,1435,0
PCF,D,20230414,000000,39,40,39,39,1889,0
PCF,D,20230417,000000,39.1,39.9,39,39.7,636,0
PCF,D,20230418,000000,39.7,39.7,38.4,38.4,1603,0
PCF,D,20230419,000000,38.4,39,38.4,39,518,0
PCF,D,20230420,000000,39,39,38.45,39,609,0
PCF,D,20230421,000000,39,39,38.4,38.5,824,0
PCF,D,20230424,000000,38.8,38.8,38.25,38.25,1151,0
PCF,D,20230425,000000,38.2,38.7,38.2,38.2,1274,0
PCF,D,20230426,000000,38.2,38.3,38.05,38.05,492,0
PCF,D,20230427,000000,38.1,38.1,36.75,37.9,982,0
PCF,D,20230428,000000,38.3,38.8,37.4,38.7,1860,0
PCF,D,20230502,000000,38.7,41.5,38.2,39.9,5327,0
PCF,D,20230504,000000,40.2,40.5,39.15,40.1,1876,0
PCF,D,20230505,000000,40.1,40.1,39,39.8,892,0
PCF,D,20230508,000000,40,40.8,39,40.2,5067,0
PCF,D,20230509,000000,40.2,40.85,39.9,40.85,5158,0
PCF,D,20230510,000000,40.85,40.95,40,40.9,1159,0
PCF,D,20230511,000000,40,40.95,40,40.85,1296,0
PCF,D,20230512,000000,40.85,40.95,40.25,40.95,1008,0
PCF,D,20230515,000000,40.95,40.95,40.25,40.8,2227,0
PCF,D,20230516,000000,40.7,40.85,40.7,40.75,688,0
PCF,D,20230517,000000,40,40.65,40,40.15,1169,0
PCF,D,20230518,000000,40.75,40.9,39.55,40.9,1860,0
PCF,D,20230519,000000,40.9,41.5,40.8,41.5,1878,0
PCF,D,20230522,000000,41.45,41.45,40.1,40.7,5373,0
PCF,D,20230523,000000,40.9,40.9,39.45,40.45,5139,0
PCF,D,20230524,000000,40.35,40.35,39.4,40.3,1187,0
PCF,D,20230525,000000,40.3,40.3,39.5,39.8,844,0
PCF,D,20230526,000000,40,40,39.2,40,1001,0
PCF,D,20230529,000000,39.25,39.9,39.05,39.25,3070,0
PCF,D,20230530,000000,39.8,39.8,39,39.05,1598,0
PCF,D,20230531,000000,39.1,39.4,39,39,3796,0
PCF,D,20230601,000000,39,40.75,39,39.8,3534,0
PCF,D,20230602,000000,40,40.8,39.35,40.8,3414,0
PCF,D,20230605,000000,40.8,40.8,39.5,39.5,5979,0
PCF,D,20230606,000000,39.55,41.25,39.55,41,3257,0
PCF,D,20230607,000000,41.25,42.2,41.2,42.15,7911,0
PCF,D,20230609,000000,42.15,43.55,42,43,5808,0
PCF,D,20230612,000000,43,43,41.8,42.5,1421,0
PCF,D,20230613,000000,42.5,42.5,40.35,40.8,4107,0
PCF,D,20230614,000000,40.8,43.7,39.65,42.5,130540,0
PCF,D,20230615,000000,43.4,44.95,42.8,44.2,109553,0
PCF,D,20230616,000000,44.4,46,43.6,45.8,9640,0
PCF,D,20230619,000000,47.2,48.45,46,48,25221,0
PCF,D,20230620,000000,48,48,46,46.7,3402,0
PCF,D,20230621,000000,46,46.4,45.25,45.9,2398,0
PCF,D,20230622,000000,45.2,45.7,45.15,45.4,1759,0
PCF,D,20230623,000000,45.4,45.5,43.55,44,2798,0
PCF,D,20230626,000000,43.9,43.9,42,43.1,5240,0
PCF,D,20230627,000000,43,44.8,42.2,44.8,6480,0
PCF,D,20230628,000000,44.95,47,44.25,47,4144,0
PCF,D,20230629,000000,47,48.5,46,48.5,13911,0
PCF,D,20230630,000000,48.5,49.5,46.55,49.5,11749,0
PCF,D,20230703,000000,49.5,49.5,47.4,48,1195,0
PCF,D,20230704,000000,48,48.75,46.15,46.3,2046,0
PCF,D,20230705,000000,47.7,47.7,46.1,46.4,1061,0
PCF,D,20230706,000000,46.35,47.6,44.5,46.15,2662,0
PCF,D,20230707,000000,46.15,46.3,45.2,45.9,593,0
PCF,D,20230710,000000,45.3,45.5,43.5,45.4,2208,0
PCF,D,20230711,000000,43,43.5,42.5,42.85,6748,0
PCF,D,20230712,000000,42.85,43.75,42.5,42.5,1466,0
PCF,D,20230713,000000,43.25,43.4,42.6,42.6,1762,0
PCF,D,20230714,000000,43.2,44,42.55,44,1073,0
PCF,D,20230717,000000,43.1,43.9,43.1,43.65,4102,0
PCF,D,20230718,000000,44,44,42.65,43,4440,0
PCF,D,20230719,000000,42.95,43.5,42.5,43.1,1495,0
PCF,D,20230720,000000,43.05,43.1,42.6,43,844,0
PCF,D,20230721,000000,43.05,43.05,42.5,42.5,908,0
PCF,D,20230724,000000,42.9,43.05,42.5,43,1694,0
PCF,D,20230725,000000,43,43.35,42.75,42.8,341,0
PCF,D,20230726,000000,43.35,43.4,42.6,43,392,0
PCF,D,20230727,000000,42.7,43.25,42.6,43.2,2238,0
PCF,D,20230728,000000,43.15,43.15,42.3,42.95,3271,0
PCF,D,20230731,000000,43,43,42.2,42.8,704,0
PCF,D,20230801,000000,42.7,42.7,42,42.15,1274,0
PCF,D,20230802,000000,42.45,42.45,41.5,41.5,2109,0
PCF,D,20230803,000000,41.5,42,41.1,42,2208,0
PCF,D,20230804,000000,42.4,42.8,41.6,42.5,1003,0
PCF,D,20230807,000000,41.8,43,41.8,43,927,0
PCF,D,20230808,000000,43,43,42,42.75,1167,0
PCF,D,20230809,000000,42.5,42.85,42.1,42.85,443,0
PCF,D,20230810,000000,42.6,42.6,41.35,41.5,5369,0
PCF,D,20230811,000000,41.5,41.7,41.2,41.4,3285,0
PCF,D,20230814,000000,41.2,41.9,40.6,41.9,3593,0
PCF,D,20230816,000000,41.5,42.45,40.65,41.5,1596,0
PCF,D,20230817,000000,41.45,41.8,40.65,41.7,3949,0
PCF,D,20230818,000000,41.65,41.65,40.85,41.25,265,0
PCF,D,20230821,000000,41.25,42,41.25,42,1621,0
PCF,D,20230822,000000,42,42,41.5,41.5,979,0
PCF,D,20230823,000000,41.5,41.5,41,41.5,664,0
PCF,D,20230824,000000,42,42,40.8,40.8,1680,0
PCF,D,20230825,000000,40.85,41.45,40.65,41.45,300,0
PCF,D,20230828,000000,41,41.5,41,41.5,614,0
PCF,D,20230829,000000,41.95,41.95,40.65,41.85,173,0
PCF,D,20230830,000000,41.85,41.85,40.6,41.75,618,0
PCF,D,20230831,000000,41.75,43,41.25,42,1598,0
PCF,D,20230901,000000,41.9,42,41.55,42,963,0
PCF,D,20230904,000000,41.55,42.8,41.55,42.8,1195,0
PCF,D,20230905,000000,42.8,42.8,41.6,42.5,514,0
PCF,D,20230906,000000,42.5,42.5,41.5,41.5,284,0
PCF,D,20230907,000000,41.5,42.4,41.5,42.1,984,0
PCF,D,20230908,000000,42.1,42.25,41.15,42.25,126,0
PCF,D,20230911,000000,42.15,42.15,41.2,41.25,452,0
PCF,D,20230912,000000,42.15,42.15,40.7,40.7,720,0
PCF,D,20230913,000000,40.25,40.5,40.05,40.2,2324,0
PCF,D,20230914,000000,40.2,40.2,39.8,40.2,1686,0
PCF,D,20230915,000000,40.2,40.2,39.6,40.2,5110,0
PCF,D,20230918,000000,40,41.25,40,40,877,0
PCF,D,20230919,000000,40,40.75,39.55,40,745,0
PCF,D,20230920,000000,40.1,40.1,39.55,40,1021,0
PCF,D,20230921,000000,39.55,40,39.5,40,291,0
PCF,D,20230922,000000,38.65,38.8,36.9,38.8,11338,0
PCF,D,20230925,000000,38.8,38.8,37.55,38,3333,0
PCF,D,20230926,000000,38.25,38.95,37.5,38.8,3194,0
PCF,D,20230927,000000,38.85,38.85,37.2,38.25,1627,0
PCF,D,20230928,000000,37.2,37.8,36.8,37.5,2788,0
PCF,D,20230929,000000,37.5,38.25,36.9,37.9,1349,0
PCF,D,20231002,000000,37.95,37.95,36.6,37.5,1036,0
PCF,D,20231003,000000,36.5,36.5,34.5,34.5,9984,0
PCF,D,20231004,000000,35,35.35,34.15,34.6,3096,0
PCF,D,20231005,000000,34.6,35.1,34.2,34.5,2481,0
PCF,D,20231006,000000,35.2,35.2,33.45,34,2288,0
PCF,D,20231009,000000,34.4,34.4,33.3,33.9,523,0
PCF,D,20231010,000000,34,34.75,33,33.8,3772,0
PCF,D,20231011,000000,33.85,33.85,33.2,33.6,629,0
PCF,D,20231012,000000,33.2,34.75,33.2,34.5,2306,0
PCF,D,20231013,000000,34,34.2,32.9,33.2,9786,0
PCF,D,20231016,000000,34.4,34.4,33.2,33.3,670,0
PCF,D,20231017,000000,32.3,32.55,31.3,32.2,8038,0
PCF,D,20231018,000000,32.2,34.4,31.6,34.4,39495,0
PCF,D,20231019,000000,34,38,33.25,38,4328,0
PCF,D,20231020,000000,37.6,37.6,34.4,37.6,5275,0
PCF,D,20231023,000000,37.2,37.2,35.6,37.2,1130,0
PCF,D,20231024,000000,37.2,39,35.85,39,19357,0
PCF,D,20231025,000000,37.1,39.4,37.1,39,23894,0
PCF,D,20231026,000000,39,39,38,38,341,0
PCF,D,20231027,000000,38,38,36.95,37.7,855,0
PCF,D,20231030,000000,36.3,38.5,36.05,38,3610,0
PCF,D,20231031,000000,38.5,38.5,37.7,38.4,3199,0
PCF,D,20231102,000000,38.9,39,36.7,38.5,2742,0
PCF,D,20231103,000000,38.9,38.9,36.5,38.9,1743,0
PCF,D,20231106,000000,37.8,38.4,37.15,38.3,1591,0
PCF,D,20231107,000000,38.1,38.1,37.1,37.9,1638,0
PCF,D,20231108,000000,37.95,37.95,37,37.6,2995,0
PCF,D,20231109,000000,37.2,37.2,35.5,35.55,12158,0
PCF,D,20231110,000000,36,36.5,35.1,36.5,2325,0
PCF,D,20231113,000000,36.5,36.7,35.55,36.6,945,0
PCF,D,20231114,000000,36.95,37,35.7,37,11193,0
PCF,D,20231115,000000,37,37,36,37,615,0
PCF,D,20231116,000000,37,37,35,35.5,2551,0
PCF,D,20231117,000000,35.5,36.95,35.2,36.95,1230,0
PCF,D,20231120,000000,35.95,36.95,35.4,36.95,1352,0
PCF,D,20231121,000000,36.95,36.95,35.3,36.4,3553,0
PCF,D,20231122,000000,36.4,36.9,36,36.9,2420,0
PCF,D,20231123,000000,36.9,36.95,35.5,36.8,3217,0
PCF,D,20231124,000000,36.95,36.95,36.05,36.95,3377,0
PCF,D,20231127,000000,36,36,34.4,34.9,4138,0
PCF,D,20231128,000000,34.85,35.5,34.2,35.5,1644,0
PCF,D,20231129,000000,34.4,34.4,29.8,30,40861,0
PCF,D,20231130,000000,30,31,28.7,31,56333,0
PCF,D,20231201,000000,30.5,30.5,29.4,30,7315,0
PCF,D,20231204,000000,30,30,28.7,29,3804,0
PCF,D,20231205,000000,29,29,26.1,26.4,22652,0
PCF,D,20231206,000000,26.2,26.35,25.5,25.7,28238,0
PCF,D,20231207,000000,25.4,25.75,24.55,25.65,7535,0
PCF,D,20231208,000000,25.6,25.65,25.05,25.45,6991,0
PCF,D,20231211,000000,25.5,25.75,24.9,25.6,44336,0
PCF,D,20231212,000000,25.7,27.4,25.7,27,12068,0
PCF,D,20231213,000000,26.95,28.3,26.15,28.1,12899,0
PCF,D,20231214,000000,28,30.3,28,29.7,4246,0
PCF,D,20231215,000000,29.7,29.8,28.1,29.8,18520,0
PCF,D,20231218,000000,29.6,30.2,29.1,29.15,2274,0
PCF,D,20231219,000000,29.5,29.5,28.5,28.95,1899,0
PCF,D,20231220,000000,28.9,28.9,27,28.1,15166,0
PCF,D,20231221,000000,28.7,29.8,28.6,29.8,18100,0
PCF,D,20231222,000000,31.8,31.8,30,30.7,22155,0
PCF,D,20231227,000000,31.8,31.8,30.75,31,34111,0
PCF,D,20231228,000000,31.8,32.75,31,32.5,19288,0
PCF,D,20231229,000000,32.15,32.45,29.45,29.45,8419,0
PCF,D,20240102,000000,29.7,30.7,29.45,30.7,4447,0
PCF,D,20240103,000000,30.65,32.5,30.6,31.35,2705,0
PCF,D,20240104,000000,31.35,31.85,30.1,30.65,2178,0
PCF,D,20240105,000000,30.4,31.5,30.4,30.95,1190,0
PCF,D,20240108,000000,30.95,30.95,30.1,30.5,538,0
PCF,D,20240109,000000,30.5,30.85,30.25,30.35,215,0
PCF,D,20240110,000000,30.35,31,28.5,31,4134,0
PCF,D,20240111,000000,30.9,30.95,30.35,30.95,310,0
PCF,D,20240112,000000,30.95,30.95,29.55,29.55,1117,0
PCF,D,20240115,000000,29.55,30.25,29.55,29.8,226,0
PCF,D,20240116,000000,29.8,29.8,29.3,29.75,725,0
PCF,D,20240117,000000,29.75,29.75,28,29,1454,0
PCF,D,20240118,000000,29,29,28.6,28.8,653,0
PCF,D,20240119,000000,28.9,29.1,28.4,29.1,502,0
PCF,D,20240122,000000,29,29,28.3,28.3,662,0
PCF,D,20240123,000000,28.35,28.8,28.05,28.05,1435,0
PCF,D,20240124,000000,28.05,28.35,27.9,28,2874,0
PCF,D,20240125,000000,28.4,28.4,26.4,27,3502,0
PCF,D,20240126,000000,27.2,27.4,26.4,27.3,500,0
PCF,D,20240129,000000,26.95,27.8,26.65,27.5,463,0
PCF,D,20240130,000000,27.5,27.5,27.1,27.4,184,0
PCF,D,20240131,000000,27.4,27.9,27.3,27.7,8479,0
PCF,D,20240201,000000,27.7,27.75,26.4,27.5,2978,0
PCF,D,20240202,000000,27.7,27.7,26.8,27.1,1368,0
PCF,D,20240205,000000,27.6,27.6,26.5,27,705,0
PCF,D,20240206,000000,27,27,26.25,26.3,4260,0
PCF,D,20240207,000000,26.8,26.8,25.8,26.6,2843,0
PCF,D,20240208,000000,26.6,26.6,25.8,25.9,350,0
PCF,D,20240209,000000,26,26.5,25.9,26,2739,0
PCF,D,20240212,000000,26.05,26.35,25.85,26.35,691,0
PCF,D,20240213,000000,26.35,26.35,25.8,25.8,2625,0
PCF,D,20240214,000000,25.75,26.55,25.75,26,1808,0
PCF,D,20240215,000000,25.9,26,25.55,26,824,0
PCF,D,20240216,000000,26,26,25.35,25.5,5308,0
PCF,D,20240219,000000,25.5,25.5,25.2,25.4,2480,0
PCF,D,20240220,000000,25.25,25.5,25.1,25.1,6286,0
PCF,D,20240221,000000,25.1,25.4,25,25.1,1803,0
PCF,D,20240222,000000,25.1,25.1,24.5,24.95,4753,0
PCF,D,20240223,000000,24.55,24.65,23.65,24.15,3330,0
PCF,D,20240226,000000,24.3,24.85,24.3,24.8,2281,0
PCF,D,20240227,000000,24.6,24.65,24.2,24.55,4124,0
PCF,D,20240228,000000,24.35,24.35,24,24.1,1149,0
PCF,D,20240229,000000,24.3,24.35,24,24,4350,0
PCF,D,20240301,000000,24,24.3,23.95,24.3,2582,0
PCF,D,20240304,000000,24.3,24.3,24.05,24.3,246,0
PCF,D,20240305,000000,24.3,24.3,23.4,23.6,1658,0
PCF,D,20240306,000000,23.6,23.95,23.5,23.95,526,0
PCF,D,20240307,000000,23.95,24,23.25,24,645,0
PCF,D,20240308,000000,24.2,24.2,23.7,23.7,129,0
PCF,D,20240311,000000,23.7,23.95,23.3,23.65,591,0
PCF,D,20240312,000000,23.8,23.8,23.5,23.75,422,0
PCF,D,20240313,000000,23.8,23.8,23,23.05,3318,0
PCF,D,20240314,000000,23.05,24,23.05,23.6,4803,0
PCF,D,20240315,000000,23.9,24,23,23.7,890,0
PCF,D,20240318,000000,23.5,23.65,22.1,23.2,2350,0
PCF,D,20240319,000000,22.8,23.1,21.6,22.55,1294,0
PCF,D,20240320,000000,22.6,23.7,22.6,23.7,1413,0
PCF,D,20240321,000000,23.7,23.9,22.8,22.95,635,0
PCF,D,20240322,000000,23.5,23.5,22.6,23.15,219,0
PCF,D,20240325,000000,23.15,23.2,21.5,21.5,10988,0
PCF,D,20240326,000000,21.5,21.95,21.5,21.95,1203,0
PCF,D,20240327,000000,21.95,22.85,21.6,21.6,1448,0
PCF,D,20240328,000000,22.5,22.5,21.5,22.1,855,0
PCF,D,20240402,000000,22,22.4,21.5,22.3,2377,0
PCF,D,20240403,000000,22.3,22.45,22.05,22.1,98,0
PCF,D,20240404,000000,22.1,22.35,21.3,22.1,1593,0
PCF,D,20240405,000000,22.2,22.3,21.65,22.3,310,0
PCF,D,20240408,000000,21,21,19.3,19.76,25578,0
PCF,D,20240409,000000,19.6,20.25,19.26,19.28,5283,0
PCF,D,20240410,000000,19.4,19.8,19,19.1,3701,0
PCF,D,20240411,000000,19.1,19.3,19,19.06,3244,0
PCF,D,20240412,000000,19.1,19.2,19,19.02,3067,0
PCF,D,20240415,000000,19.02,19.2,17.8,18,8286,0
PCF,D,20240416,000000,18.48,18.48,18,18.34,1283,0
PCF,D,20240417,000000,18.34,19,18.32,18.86,2165,0
PCF,D,20240418,000000,18.9,18.98,18,18.02,1875,0
PCF,D,20240419,000000,18,18.5,18,18,1606,0
PCF,D,20240422,000000,18,18.56,17.68,18,1326,0
PCF,D,20240423,000000,18,18.36,16.9,17.5,9808,0
PCF,D,20240424,000000,17.5,17.8,17.02,17.8,2094,0
PCF,D,20240425,000000,17.48,17.48,17.02,17.48,2081,0
PCF,D,20240426,000000,17.48,17.78,17.04,17.78,1465,0
PCF,D,20240429,000000,17.78,19.26,17.26,18.74,3562,0
PCF,D,20240430,000000,18.6,18.6,17.2,18.46,3801,0
PCF,D,20240502,000000,18.46,18.46,17.2,17.7,1954,0
PCF,D,20240506,000000,17.58,17.58,16.96,17,4668,0
PCF,D,20240507,000000,17.04,17.54,17.02,17.48,3102,0
PCF,D,20240508,000000,17.48,17.58,16.8,16.9,6755,0
PCF,D,20240509,000000,16.88,17,16.2,16.32,9205,0
PCF,D,20240510,000000,16.48,17.02,16.18,16.34,3357,0
PCF,D,20240513,000000,16.34,17,16,16.8,4843,0
PCF,D,20240514,000000,16.8,17.6,16.26,16.74,6912,0
PCF,D,20240515,000000,17,17.04,16.48,16.68,2648,0
PCF,D,20240516,000000,16.68,17,16,16.26,9522,0
PCF,D,20240517,000000,16.26,16.94,16.18,16.32,3791,0
PCF,D,20240520,000000,16.3,16.8,16.3,16.5,4636,0
PCF,D,20240521,000000,16.5,17,16.5,17,2718,0
PCF,D,20240522,000000,16.98,17,16.5,16.84,6200,0
PCF,D,20240523,000000,16.84,17.18,16.66,16.94,8901,0
PCF,D,20240524,000000,16.92,16.92,16.52,16.76,1360,0
PCF,D,20240527,000000,16.76,16.94,16.58,16.6,7270,0
PCF,D,20240528,000000,17.8,19.54,17.04,19,82450,0
PCF,D,20240529,000000,19.2,19.8,19,19.06,23275,0
PCF,D,20240531,000000,19.04,19.04,18.38,18.5,28829,0
PCF,D,20240603,000000,18.6,18.6,18,18.54,2896,0
PCF,D,20240604,000000,18.5,18.6,18.3,18.6,1028,0
PCF,D,20240605,000000,18.16,18.6,18.16,18.16,964,0
PCF,D,20240606,000000,18.16,18.34,17.22,17.36,2695,0
PCF,D,20240607,000000,17.68,17.68,16.9,17.58,8142,0
PCF,D,20240610,000000,17.14,17.3,17.12,17.3,663,0
PCF,D,20240611,000000,17.3,17.3,16.92,17.28,1840,0
PCF,D,20240612,000000,17.28,17.28,16.94,17.28,150,0
PCF,D,20240613,000000,17.3,17.3,16.7,17.2,3673,0
PCF,D,20240614,000000,17.2,17.56,16.64,17.56,902,0
PCF,D,20240617,000000,17.58,17.58,17.5,17.58,528,0
PCF,D,20240618,000000,17.58,17.66,17.4,17.66,739,0
PCF,D,20240619,000000,17.12,18.8,16.8,18.78,7485,0
PCF,D,20240620,000000,18.8,19.18,18.78,18.86,5620,0
PCF,D,20240621,000000,18.86,18.86,18.3,18.8,1766,0
PCF,D,20240624,000000,18.5,19.24,18.3,19.24,2790,0
PCF,D,20240625,000000,19.22,19.24,18.6,19.1,2386,0
PCF,D,20240626,000000,19.1,19.1,18.02,18.92,2471,0
PCF,D,20240627,000000,18.96,19.1,18.92,19.1,977,0
PCF,D,20240628,000000,19.1,19.1,18.56,18.84,721,0
PCF,D,20240701,000000,18.84,19.1,18.84,19.1,1368,0
PCF,D,20240702,000000,19.1,19.1,18.04,18.44,890,0
PCF,D,20240703,000000,18.48,19.06,18.18,19.06,1465,0
PCF,D,20240704,000000,18.56,19,18.56,18.98,628,0
PCF,D,20240705,000000,18.96,18.98,18.66,18.76,827,0
PCF,D,20240708,000000,18.98,18.98,18.74,18.98,677,0
PCF,D,20240709,000000,19,19,18.32,18.9,3888,0
PCF,D,20240710,000000,18.96,18.96,18.42,18.88,773,0
PCF,D,20240711,000000,18.88,18.88,18.72,18.72,770,0
PCF,D,20240712,000000,18.6,18.96,18.48,18.74,297,0
PCF,D,20240715,000000,18.74,18.8,18.54,18.7,755,0
PCF,D,20240716,000000,18.7,18.72,18.3,18.56,2231,0
PCF,D,20240717,000000,18.6,18.6,18.34,18.34,219,0
PCF,D,20240718,000000,18.48,18.52,18.3,18.52,365,0
PCF,D,20240719,000000,18.52,18.52,18.06,18.06,677,0
PCF,D,20240722,000000,18.02,18.64,18.02,18.64,386,0
PCF,D,20240723,000000,18.64,18.94,17.5,18.48,2430,0
PCF,D,20240724,000000,18.46,18.46,17.74,18.16,1036,0
PCF,D,20240725,000000,18.16,18.16,17.6,17.78,1708,0
PCF,D,20240726,000000,17.9,18.2,17.6,17.6,1678,0
PCF,D,20240729,000000,17.6,18.1,17.6,18.1,277,0
PCF,D,20240730,000000,18.1,18.1,17.62,17.88,68,0
PCF,D,20240731,000000,18.1,18.1,17.96,17.98,128,0
PCF,D,20240801,000000,18.02,18.1,17.74,17.74,1545,0
PCF,D,20240802,000000,18.1,18.1,17.72,17.74,925,0
PCF,D,20240805,000000,17.7,17.7,17.1,17.1,2590,0
PCF,D,20240806,000000,17.1,17.3,17,17,2134,0
PCF,D,20240807,000000,17,17.42,17,17.06,142,0
PCF,D,20240808,000000,17.1,17.42,17,17.02,1967,0
PCF,D,20240809,000000,17.02,17.04,16.84,16.84,2265,0
PCF,D,20240812,000000,16.86,17.26,16.8,16.98,1080,0
PCF,D,20240813,000000,16.8,17,16.3,17,1972,0
PCF,D,20240814,000000,17,17,16.5,16.5,872,0
PCF,D,20240816,000000,16.5,17,16.5,16.76,121,0
PCF,D,20240819,000000,16.76,17,16.76,16.94,255,0
PCF,D,20240820,000000,16.8,17,16.74,16.98,2109,0
PCF,D,20240821,000000,16.9,17,16.5,16.9,758,0
PCF,D,20240822,000000,16.34,16.88,16.3,16.46,3290,0
PCF,D,20240823,000000,16.8,16.8,16.32,16.66,108,0
PCF,D,20240826,000000,16.34,16.86,16.3,16.84,347,0
PCF,D,20240827,000000,16.84,16.84,16.8,16.8,5,0
PCF,D,20240828,000000,16.8,17,16.5,16.9,845,0
PCF,D,20240829,000000,16.24,16.5,16.04,16.5,3535,0
PCF,D,20240830,000000,16.5,16.66,16.3,16.66,523,0
PCF,D,20240902,000000,16.76,17,16.6,16.6,1163,0
PCF,D,20240903,000000,16.6,16.86,16.54,16.84,500,0
PCF,D,20240904,000000,16.84,16.84,16.34,16.8,926,0
PCF,D,20240905,000000,16.38,16.84,16.38,16.8,580,0
PCF,D,20240906,000000,16.8,16.88,16.6,16.88,563,0
PCF,D,20240909,000000,16.8,16.8,16.7,16.7,430,0
PCF,D,20240910,000000,16.72,16.88,16.72,16.88,1789,0
PCF,D,20240911,000000,16.88,16.88,16.18,16.52,3059,0
PCF,D,20240912,000000,16.5,16.5,15.76,15.94,5267,0
PCF,D,20240913,000000,15.9,16.18,15.9,15.92,186,0
PCF,D,20240916,000000,15.92,16.22,15.9,15.92,708,0
PCF,D,20240917,000000,15.92,16.18,15.92,15.94,495,0
PCF,D,20240918,000000,15.94,16.2,15.76,15.88,1343,0
PCF,D,20240919,000000,15.9,15.9,15.4,15.66,2082,0
PCF,D,20240920,000000,15.7,15.7,15,15.2,2893,0
PCF,D,20240923,000000,14.9,14.9,14.44,14.66,2921,0
PCF,D,20240924,000000,14.86,14.86,14.46,14.86,2900,0
PCF,D,20240925,000000,14.84,14.84,14.44,14.44,12633,0
PCF,D,20240926,000000,14.44,14.66,14.4,14.4,2236,0
PCF,D,20240927,000000,14.66,14.7,14.12,14.6,3084,0
PCF,D,20240930,000000,14.48,14.58,14.22,14.5,955,0
PCF,D,20241001,000000,14.1,14.44,13.04,13.4,9963,0
PCF,D,20241002,000000,13.4,13.66,12.8,12.82,8528,0
PCF,D,20241003,000000,12.9,13,12.5,12.66,4987,0
PCF,D,20241004,000000,12.66,12.98,12.5,12.74,6524,0
PCF,D,20241007,000000,12.74,12.78,12.1,12.1,2673,0
PCF,D,20241008,000000,12.58,12.58,11.5,11.5,6416,0
PCF,D,20241009,000000,11.88,11.88,11.32,11.4,3498,0
PCF,D,20241010,000000,11.5,11.5,11,11,3507,0
PCF,D,20241011,000000,11,11.24,9.96,10.6,35893,0
PCF,D,20241014,000000,10.56,11.32,10.36,10.8,26468,0
PCF,D,20241015,000000,10.62,11.98,10.56,11.54,19969,0
PCF,D,20241016,000000,11.54,12.1,11.54,11.62,8143,0
PCF,D,20241017,000000,11.62,11.9,11.2,11.5,3727,0
PCF,D,20241018,000000,11.5,11.5,11.1,11.5,1590,0
PCF,D,20241021,000000,11.5,11.5,11.06,11.42,1996,0
PCF,D,20241022,000000,11.4,11.5,11.12,11.38,1280,0
PCF,D,20241023,000000,11.38,12.26,11.08,11.42,4134,0
PCF,D,20241024,000000,11.42,11.52,10.86,11.48,5550,0
PCF,D,20241025,000000,11.36,11.36,10.96,11.34,845,0
PCF,D,20241028,000000,11.32,11.36,11,11.36,4683,0
PCF,D,20241029,000000,11.38,11.38,11.1,11.3,1879,0
PCF,D,20241030,000000,11.3,11.56,11.3,11.3,533,0
PCF,D,20241031,000000,11.3,11.56,10.9,11,3582,0
PCF,D,20241104,000000,10.6,11.24,10.24,10.58,5760,0
PCF,D,20241105,000000,10.66,10.66,10.58,10.62,769,0
PCF,D,20241106,000000,10.62,10.88,10.62,10.76,372,0
PCF,D,20241107,000000,10.78,10.78,10.5,10.7,1897,0
PCF,D,20241108,000000,10.7,11.18,10.7,10.96,2252,0
PCF,D,20241112,000000,10.62,11,10.62,10.64,341,0
PCF,D,20241113,000000,10.6,10.78,10.58,10.78,795,0
PCF,D,20241114,000000,10.62,10.88,9.5,10,14110,0
PCF,D,20241115,000000,10.2,10.2,9,9.53,4238,0
PCF,D,20241118,000000,9.79,9.79,8.55,8.65,15822,0
PCF,D,20241119,000000,8.75,9.12,8.75,8.9,6161,0
PCF,D,20241120,000000,8.9,9.04,8.9,8.92,716,0
PCF,D,20241121,000000,9,9.09,8.92,9,1159,0
PCF,D,20241122,000000,9,9.54,9,9.29,3906,0
PCF,D,20241125,000000,9.04,9.49,9.04,9.48,1503,0
PCF,D,20241126,000000,9.14,9.3,9.08,9.25,693,0
PCF,D,20241127,000000,9.25,9.42,6.12,7.45,130113,0
PCF,D,20241128,000000,7.5,7.67,7,7.59,13896,0
PCF,D,20241129,000000,7.71,9.24,7.71,8.07,13749,0
PCF,D,20241202,000000,8.29,8.53,7.84,8.53,5280,0
PCF,D,20241203,000000,8.8,9.08,7.99,8.44,11247,0
PCF,D,20241204,000000,8.44,8.78,8,8.3,7416,0
PCF,D,20241205,000000,8.3,8.69,8.28,8.67,3210,0
PCF,D,20241206,000000,8.78,9,8.47,8.9,5986,0
PCF,D,20241209,000000,8.9,9.05,8.7,8.83,2715,0
PCF,D,20241210,000000,8.8,9.2,8.7,9.15,11498,0
PCF,D,20241211,000000,8.95,9.01,8.43,8.8,6770,0
PCF,D,20241212,000000,8.7,8.8,8.25,8.26,4560,0
PCF,D,20241213,000000,8,8,7.85,7.85,5559,0
PCF,D,20241216,000000,7.51,7.85,7.51,7.85,4055,0
PCF,D,20241217,000000,7.83,7.9,7.69,7.9,2425,0
PCF,D,20241218,000000,7.9,8.48,7.9,8.48,20192,0
PCF,D,20241219,000000,8.04,8.43,8.04,8.2,7851,0
PCF,D,20241220,000000,8,8.12,7.8,7.98,14409,0
PCF,D,20241223,000000,7.95,8.01,7.6,8,14997,0
PCF,D,20241227,000000,8,8,7.76,7.99,3736,0
PCF,D,20241230,000000,7.76,7.99,7.7,7.81,15371,0
PCF,D,20250102,000000,7.5,7.5,7.1,7.2,31773,0
PCF,D,20250103,000000,7.2,7.34,7.2,7.2,3659,0
PCF,D,20250107,000000,7.3,7.78,7.3,7.53,9968,0
PCF,D,20250108,000000,7.54,7.54,7.29,7.3,2291,0
PCF,D,20250109,000000,7.44,7.44,7.18,7.34,2348,0
PCF,D,20250110,000000,7.05,7.2,7,7.2,14563,0
PCF,D,20250113,000000,7.33,7.33,7.2,7.2,1457,0
PCF,D,20250114,000000,7.39,7.42,7.14,7.37,4954,0
PCF,D,20250115,000000,7.37,7.39,7.21,7.37,1614,0
PCF,D,20250116,000000,7.3,7.3,7.26,7.29,329,0
PCF,D,20250117,000000,7.29,7.29,7.2,7.2,1151,0
PCF,D,20250120,000000,7.2,7.35,7.15,7.3,4377,0
PCF,D,20250121,000000,7.34,7.35,7.21,7.33,1769,0
PCF,D,20250122,000000,7.33,7.37,7.2,7.24,3031,0
PCF,D,20250123,000000,7.38,7.38,7,7.11,7574,0
PCF,D,20250124,000000,7.2,7.39,7.2,7.38,516,0
PCF,D,20250127,000000,7.38,7.45,7.24,7.24,7467,0
PCF,D,20250128,000000,7.61,8.78,7.61,8.37,62597,0
PCF,D,20250129,000000,8.36,8.37,8.06,8.1,11864,0
PCF,D,20250130,000000,8.01,8.21,8,8.09,4876,0
PCF,D,20250131,000000,8,8,7.65,7.74,5178,0
PCF,D,20250203,000000,7.56,7.61,7.35,7.57,7946,0
PCF,D,20250204,000000,7.57,7.57,7.37,7.43,1755,0
PCF,D,20250205,000000,7.43,7.98,7.43,7.64,7254,0
PCF,D,20250206,000000,7.69,7.7,7.49,7.5,9442,0
PCF,D,20250207,000000,7.55,7.71,7.55,7.7,4039,0
PCF,D,20250210,000000,7.7,8.2,7.7,7.82,10670,0
PCF,D,20250211,000000,7.82,9.04,7.82,9,17235,0
PCF,D,20250212,000000,9.38,9.8,9.04,9.15,25389,0
PCF,D,20250213,000000,9,9.15,8.61,9,17144,0
PCF,D,20250214,000000,9,9.18,8.91,8.91,3067,0
PCF,D,20250217,000000,8.91,9.45,8.8,9.37,6775,0
PCF,D,20250218,000000,9.4,9.4,9,9,4158,0
PCF,D,20250219,000000,8.9,9.2,8.9,9.05,3686,0
PCF,D,20250220,000000,9.05,9.15,8.62,8.98,9723,0
PCF,D,20250221,000000,8.98,8.98,8.71,8.71,1498,0
PCF,D,20250224,000000,8.75,9,8.75,8.98,7904,0
PCF,D,20250225,000000,8.98,8.98,8.71,8.9,1922,0
PCF,D,20250226,000000,8.9,8.94,8.71,8.92,3836,0
PCF,D,20250227,000000,8.92,9.29,8.92,9.06,6229,0
PCF,D,20250228,000000,9.06,9.06,8.91,9,5081,0
PCF,D,20250303,000000,9,9.19,8.96,9.19,5375,0
PCF,D,20250304,000000,9.19,9.19,8.9,9,1172,0
PCF,D,20250305,000000,8.9,9.38,8.78,9.35,6669,0
PCF,D,20250306,000000,9.34,9.34,9.08,9.2,3083,0
PCF,D,20250307,000000,9.2,9.2,8.52,8.79,10237,0
PCF,D,20250310,000000,8.78,8.78,8.21,8.43,9067,0
PCF,D,20250311,000000,8.37,8.37,8,8.18,2571,0
PCF,D,20250312,000000,7.98,7.98,7.71,7.9,3351,0
PCF,D,20250313,000000,7.7,7.87,7.62,7.85,13343,0
PCF,D,20250314,000000,8.35,9.1,8.35,8.91,56550,0
PCF,D,20250317,000000,8.92,12,8.92,12,201251,0
PCF,D,20250318,000000,13,17.28,13,17.28,452910,0
PCF,D,20250319,000000,20,23.2,18.8,19.4,672192,0
PCF,D,20250320,000000,19,19,16.34,17.2,354250,0
PCF,D,20250321,000000,17,17.48,12.5,12.5,430813,0
PCF,D,20250324,000000,13.12,14.86,13.12,14.14,241210,0
PCF,D,20250325,000000,14.2,14.42,12.82,13.18,95800,0
PCF,D,20250326,000000,13.18,13.78,12.9,13.1,47351,0
PCF,D,20250327,000000,13.12,13.32,12.12,12.5,70743,0
PCF,D,20250328,000000,12.5,12.66,11.96,12.2,85303,0
PCF,D,20250331,000000,12.5,13.6,12.26,13,61212,0
PCF,D,20250401,000000,13.02,13.24,12.3,12.5,41817,0
PCF,D,20250402,000000,12.5,12.68,11.88,12.16,28733,0
PCF,D,20250403,000000,12.02,12.56,11.72,11.92,36700,0
PCF,D,20250404,000000,11.92,12.2,10.74,10.84,32427,0
PCF,D,20250407,000000,10.5,11.2,9.6,10.7,42119,0
PCF,D,20250408,000000,10.7,11.4,10.56,10.96,32854,0
PCF,D,20250409,000000,10.58,10.86,9.76,9.97,71557,0
PCF,D,20250410,000000,10.52,10.78,9.8,9.99,114372,0
PCF,D,20250411,000000,9.87,10.16,9.75,9.8,16479,0
PCF,D,20250414,000000,9.88,10.3,9.79,10.04,18858,0
PCF,D,20250415,000000,10.1,10.46,9.69,9.76,39182,0
PCF,D,20250416,000000,9.71,9.8,9.5,9.75,16061,0
PCF,D,20250417,000000,9.52,9.98,9.35,9.98,45540,0
PCF,D,20250422,000000,10.22,10.24,9.83,9.86,21350,0
PCF,D,20250423,000000,9.86,10.22,9.45,9.87,48787,0
PCF,D,20250424,000000,9.87,10.04,9.83,9.99,13167,0
PCF,D,20250425,000000,9.96,10.86,9.71,10.54,46004,0
PCF,D,20250428,000000,10.28,10.4,10.02,10.3,19890,0
PCF,D,20250429,000000,10.24,10.48,10,10.3,12650,0
PCF,D,20250430,000000,10.3,10.34,9.56,9.85,29870,0
PCF,D,20250502,000000,9.69,10.18,9.68,9.96,7325,0
PCF,D,20250505,000000,9.96,10,9.48,9.69,12567,0
PCF,D,20250506,000000,9.65,9.7,9.49,9.51,12510,0
PCF,D,20250507,000000,9.46,9.66,9.41,9.52,12195,0
PCF,D,20250508,000000,9.42,9.96,9.42,9.87,9849,0
PCF,D,20250509,000000,9.87,10.42,9.7,9.82,26452,0
PCF,D,20250512,000000,9.9,10.18,9.84,9.9,22713,0
PCF,D,20250513,000000,9.85,10.12,9.76,9.76,18860,0
PCF,D,20250514,000000,9.77,9.96,9.7,9.83,5149,0
PCF,D,20250515,000000,9.8,9.8,9.31,9.59,15296,0
PCF,D,20250516,000000,9.67,9.67,9.35,9.39,10576,0
PCF,D,20250519,000000,9.43,9.58,9.02,9.15,11061,0
PCF,D,20250520,000000,9.3,9.3,9,9.18,13565,0
PCF,D,20250521,000000,9.03,9.03,8.8,8.91,15274,0
PCF,D,20250522,000000,8.91,9.03,8.8,8.88,6492,0
PCF,D,20250523,000000,8.88,8.99,8.6,8.68,20390,0
PCF,D,20250526,000000,8.68,8.98,8.5,8.56,14861,0
PCF,D,20250527,000000,8.6,8.84,8.5,8.51,15447,0
PCF,D,20250528,000000,8.51,8.65,8.17,8.17,27848,0
PCF,D,20250529,000000,8.21,8.46,8.2,8.22,20593,0
PCF,D,20250530,000000,8.22,8.38,7.9,8.36,21401,0
PCF,D,20250602,000000,6.2,7,6.14,6.14,355687,0
PCF,D,20250603,000000,5.99,6,5.4,5.6,339835,0
PCF,D,20250604,000000,5.59,6.1,5.5,5.65,141952,0
PCF,D,20250605,000000,5.64,5.78,5.22,5.22,158806,0
PCF,D,20250606,000000,5.25,5.39,4.93,5,122790,0
PCF,D,20250609,000000,5.03,5.35,5.03,5.15,123214,0
PCF,D,20250610,000000,5.28,5.3,4.97,5.01,111319,0
PCF,D,20250611,000000,5.04,5.1,4.97,4.99,94342,0
PCF,D,20250612,000000,4.995,5.04,4.88,4.96,42748,0
PCF,D,20250613,000000,4.97,5.19,4.9,4.9,99116,0
PCF,D,20250616,000000,4.905,5.08,4.9,4.98,52786,0
PCF,D,20250617,000000,4.98,5.13,4.92,5,120815,0
PCF,D,20250618,000000,5.05,6.85,4.94,6.85,527490,0
PCF,D,20250620,000000,7.4,7.4,5.62,5.9,513371,0
PCF,D,20250623,000000,5.8,5.88,5.25,5.29,197475,0
PCF,D,20250624,000000,5.3,6.3,5.27,5.51,400048,0
PCF,D,20250625,000000,5.61,5.71,5.09,5.22,150762,0
PCF,D,20250626,000000,5.29,5.54,5.2,5.21,99956,0
PCF,D,20250627,000000,5.29,5.56,5.2,5.36,154100,0
PCF,D,20250630,000000,5.38,5.38,5.16,5.25,36331,0
PCF,D,20250701,000000,5.1,5.33,5.06,5.2,69474,0
PCF,D,20250702,000000,5.3,5.6,5.18,5.43,102065,0
PCF,D,20250703,000000,5.42,5.58,5.36,5.38,33699,0
PCF,D,20250704,000000,5.35,5.47,5.35,5.35,10911,0
PCF,D,20250707,000000,5.48,5.78,5.37,5.55,73260,0
PCF,D,20250708,000000,5.62,5.7,5.44,5.48,47858,0
PCF,D,20250709,000000,5.48,5.55,5.27,5.27,32600,0
PCF,D,20250710,000000,5.38,5.38,5.05,5.15,100722,0
PCF,D,20250711,000000,5.14,5.25,5.06,5.12,45237,0
PCF,D,20250714,000000,5.12,5.22,5.07,5.1,24245,0
PCF,D,20250715,000000,5.08,5.19,5.08,5.11,41444,0
PCF,D,20250716,000000,5.1,5.1,4.93,5,113274,0
PCF,D,20250717,000000,5.04,5.07,4.99,5.06,24349,0
PCF,D,20250718,000000,5,5.18,5,5.06,68002,0
PCF,D,20250721,000000,5.15,5.24,5.06,5.06,27701,0
PCF,D,20250722,000000,5.14,5.18,5.01,5.02,16005,0
PCF,D,20250723,000000,5.09,5.1,5,5.01,44585,0
PCF,D,20250724,000000,4.995,5.15,4.98,5.02,54739,0
PCF,D,20250725,000000,5.07,5.09,5,5,36782,0
PCF,D,20250728,000000,5,5.09,5,5.01,24474,0
PCF,D,20250729,000000,5.01,5.08,4.99,5.06,29504,0
PCF,D,20250730,000000,5.06,6.01,5,5.48,273552,0
PCF,D,20250731,000000,5.43,5.67,5.15,5.17,124413,0
PCF,D,20250801,000000,5.17,5.29,5.11,5.27,38722,0
PCF,D,20250804,000000,5.21,5.37,5.1,5.12,54001,0
PCF,D,20250805,000000,5.23,5.52,5.1,5.39,49797,0
PCF,D,20250806,000000,5.38,5.66,5.24,5.5,79769,0
PCF,D,20250807,000000,5.02,5.22,4.81,5.09,144073,0
PCF,D,20250808,000000,5.1,5.17,4.92,5.12,43831,0
PCF,D,20250811,000000,5.05,5.14,4.95,5.08,25698,0
PCF,D,20250812,000000,5.07,5.11,4.6,4.6,53574,0
PCF,D,20250813,000000,4.65,4.945,4.61,4.93,56709,0
PCF,D,20250814,000000,4.93,4.95,4.8,4.9,13543,0
PCF,D,20250818,000000,4.9,5.09,4.8,5.03,19456,0
PCF,D,20250819,000000,5.07,5.13,4.97,5.05,19897,0
PCF,D,20250820,000000,5.05,5.11,4.92,4.99,15168,0
PCF,D,20250821,000000,5.08,5.37,5.01,5.23,110579,0
PCF,D,20250822,000000,5.28,5.29,5.14,5.27,33875,0
PCF,D,20250825,000000,5.29,5.36,5.2,5.26,31427,0
PCF,D,20250826,000000,5.34,5.34,5.2,5.28,28581,0
PCF,D,20250827,000000,5.28,5.35,5.15,5.16,18073,0
PCF,D,20250828,000000,5.16,5.27,5.14,5.2,12690,0
PCF,D,20250829,000000,5.2,5.35,5.11,5.22,15258,0
PCF,D,20250901,000000,5.11,5.28,5.01,5.1,54975,0
PCF,D,20250902,000000,5.1,5.25,5.03,5.2,22809,0
PCF,D,20250903,000000,5.19,5.22,5,5.09,19497,0
PCF,D,20250904,000000,5.03,5.1,4.98,5.07,10500,0
PCF,D,20250905,000000,5.07,5.16,5,5,10091,0
PCF,D,20250908,000000,5,5.07,4.94,5,14050,0
PCF,D,20250909,000000,5,5.07,4.945,5,8536,0
PCF,D,20250910,000000,5.05,5.05,4.9,4.95,20108,0
PCF,D,20250911,000000,5,5.08,4.96,5,6326,0
PCF,D,20250912,000000,5,5.08,4.96,5,5531,0
PCF,D,20250915,000000,5,5.07,4.8,5,36151,0
PCF,D,20250916,000000,4.995,5.16,4.95,5.02,20118,0
PCF,D,20250917,000000,5,5.11,4.98,5.07,3938,0
PCF,D,20250918,000000,4.98,5.07,4.97,5.05,26591,0
PCF,D,20250919,000000,5.06,5.07,4.955,5.06,18857,0
PCF,D,20250922,000000,5.06,5.14,4.905,5.05,28724,0
PCF,D,20250923,000000,5.11,5.14,4.12,4.27,593280,0
PCF,D,20250924,000000,4.265,4.265,3.84,4,619310,0
PCF,D,20250925,000000,3.79,3.79,3.09,3.24,1682605,0
PCF,D,20250926,000000,3.3,3.44,3.3,3.37,659628,0
PCF,D,20250929,000000,3.435,3.435,3.205,3.3,209999,0
PCF,D,20250930,000000,3.24,3.27,3.19,3.27,75683,0
PCF,D,20251001,000000,3.21,3.35,3.21,3.29,75580,0
PCF,D,20251002,000000,3.335,3.34,3.25,3.3,37145,0
PCF,D,20251003,000000,3.3,3.34,3.12,3.3,149004,0
PCF,D,20251006,000000,3.35,3.58,3.3,3.58,241612,0
PCF,D,20251007,000000,3.62,3.98,3.62,3.89,575488,0
PCF,D,20251008,000000,3.96,3.96,3.665,3.74,148469,0
PCF,D,20251009,000000,3.77,3.87,3.73,3.84,55891,0
PCF,D,20251010,000000,3.89,4.06,3.75,3.97,151583,0
PCF,D,20251013,000000,3.9,4.16,3.9,3.94,96516,0
PCF,D,20251014,000000,3.915,4.04,3.9,3.97,82396,0
PCF,D,20251015,000000,4.02,4.08,3.9,3.92,28782,0
PCF,D,20251016,000000,3.9,3.95,3.65,3.72,106338,0
PCF,D,20251017,000000,3.72,3.8,3.625,3.76,39255,0
PCF,D,20251020,000000,3.815,3.82,3.64,3.73,45509,0
PCF,D,20251021,000000,3.74,3.815,3.665,3.76,45597,0
PCF,D,20251022,000000,3.77,4.145,3.705,4.04,237058,0
PCF,D,20251023,000000,4.06,4.22,3.8,4.07,265178,0
PCF,D,20251024,000000,4.08,4.1,3.92,4.06,42138,0
PCF,D,20251027,000000,4.1,4.275,4.02,4.185,125219,0
PCF,D,20251028,000000,4.21,4.21,3.885,3.98,119031,0
PCF,D,20251029,000000,4.01,4.01,3.905,3.935,28727,0
PCF,D,20251030,000000,3.935,3.97,3.88,3.965,21344,0
PCF,D,20251031,000000,3.89,4,3.825,4,64746,0
PCF,D,20251103,000000,4.045,4.075,3.9,3.99,15382,0
PCF,D,20251104,000000,3.995,4.075,3.88,4,31961,0
PCF,D,20251105,000000,4.05,4.05,3.735,3.89,64055,0
PCF,D,20251106,000000,3.89,3.94,3.84,3.9,10701,0
PCF,D,20251107,000000,3.9,3.91,3.8,3.8,16488,0
PCF,D,20251110,000000,3.8,3.8,3.75,3.78,30423,0
PCF,D,20251112,000000,3.835,3.835,3.75,3.755,21250,0
PCF,D,20251113,000000,3.755,3.78,3.705,3.71,42352,0
PCF,D,20251114,000000,3.75,3.75,3.555,3.68,43446,0
PCF,D,20251117,000000,3.685,3.685,3.495,3.51,67101,0
PCF,D,20251118,000000,3.51,3.51,3.415,3.42,28465,0
PCF,D,20251119,000000,3.41,3.465,3.39,3.41,23452,0
PCF,D,20251120,000000,3.4,3.455,3.4,3.41,17567,0
PCF,D,20251121,000000,3.43,3.655,3.35,3.43,58158,0
PCF,D,20251124,000000,3.43,3.43,3.17,3.3,73057,0
PCF,D,20251125,000000,3.3,3.37,3.27,3.345,17486,0
PCF,D,20251126,000000,3.31,3.32,3.215,3.28,77031,0
PCF,D,20251127,000000,3.28,3.32,3.23,3.3,60086,0
PCF,D,20251128,000000,3.315,3.315,3.25,3.295,35181,0
PCF,D,20251201,000000,3.275,3.28,2.95,3.08,216503,0
PCF,D,20251202,000000,3.04,3.125,3.02,3.07,43011,0
PCF,D,20251203,000000,3.02,3.03,2.945,2.99,92204,0
PCF,D,20251204,000000,2.985,3.1,2.85,3.06,153037,0
PCF,D,20251205,000000,3.09,3.1,2.98,3.02,29927,0
PCF,D,20251208,000000,3.01,3.08,2.95,3.01,49992,0
PCF,D,20251209,000000,3.01,3.01,2.9,2.9,54625,0
PCF,D,20251210,000000,2.945,3.03,2.88,3.02,65576,0
PCF,D,20251211,000000,3.03,3.19,2.96,3.105,68586,0
PCF,D,20251212,000000,3.125,3.22,3.035,3.155,59474,0
PCF,D,20251215,000000,3.195,3.2,3.04,3.04,34811,0
PCF,D,20251216,000000,3.04,3.075,2.98,2.985,30058,0
PCF,D,20251217,000000,2.98,2.995,2.82,2.92,91970,0
PCF,D,20251218,000000,2.93,3.23,2.93,3.23,112232,0
PCF,D,20251219,000000,3.23,3.44,3.2,3.33,110510,0
PCF,D,20251222,000000,3.33,3.53,3.235,3.41,105144,0
PCF,D,20251223,000000,3.365,3.45,3.18,3.4,196285,0
PCF,D,20251229,000000,3.41,4.07,3.41,3.79,277669,0
PCF,D,20251230,000000,3.8,3.985,3.8,3.93,121075,0
PCF,D,20260102,000000,3.92,3.975,3.65,3.73,83689,0
PCF,D,20260105,000000,3.73,3.73,3.6,3.645,61505,0
PCF,D,20260107,000000,3.645,3.68,3.415,3.48,92217,0
PCF,D,20260108,000000,3.47,3.47,3.17,3.38,254485,0
PCF,D,20260109,000000,3.38,3.67,3.33,3.65,111189,0
PCF,D,20260112,000000,3.65,3.665,3.53,3.58,39312,0
PCF,D,20260113,000000,3.58,3.63,3.47,3.55,22528,0
PCF,D,20260114,000000,3.605,3.62,3.55,3.62,41615,0
PCF,D,20260115,000000,3.625,4.27,3.58,3.98,280209,0
PCF,D,20260116,000000,3.965,4.05,3.825,3.935,163196,0
PCF,D,20260119,000000,3.985,4.03,3.825,3.85,65436,0
PCF,D,20260120,000000,3.86,3.93,3.59,3.64,49463,0
PCF,D,20260121,000000,3.68,3.88,3.52,3.7,100115,0
PCF,D,20260122,000000,3.735,3.9,3.625,3.835,55548,0
PCF,D,20260123,000000,3.85,4.04,3.77,4,78154,0
PCF,D,20260126,000000,4.01,4.18,3.975,4.125,142518,0
PCF,D,20260127,000000,4.125,4.295,4.125,4.275,50347,0
PCF,D,20260128,000000,4.225,4.275,4.14,4.22,10997,0
PCF,D,20260129,000000,4.22,4.22,3.9,4.165,52701,0
PCF,D,20260130,000000,4.02,4.15,4,4.15,19549,0
PCF,D,20260202,000000,4.15,4.15,3.94,3.96,50709,0
PCF,D,20260203,000000,3.965,3.995,3.85,3.86,25144,0
PCF,D,20260204,000000,3.885,3.885,3.725,3.77,18095,0
PCF,D,20260205,000000,3.77,3.77,3.69,3.7,9843,0
PCF,D,20260206,000000,3.68,3.695,3.64,3.64,16368,0
PCF,D,20260209,000000,3.62,3.95,3.54,3.87,50562,0
PCF,D,20260210,000000,3.9,4.13,3.9,3.96,19968,0
PCF,D,20260211,000000,3.96,4.02,3.83,3.87,13978,0
PCF,D,20260212,000000,3.9,3.915,3.7,3.83,21012,0
PCF,D,20260213,000000,3.8,3.8,3.745,3.78,7897,0
PCF,D,20260216,000000,3.85,3.94,3.8,3.875,9762,0
PCF,D,20260217,000000,3.83,3.985,3.83,3.88,2887,0
PCF,D,20260218,000000,3.925,3.98,3.655,3.81,13457,0
PCF,D,20260219,000000,3.78,3.865,3.78,3.8,7026,0
PCF,D,20260220,000000,3.8,3.865,3.725,3.85,9940,0
PCF,D,20260223,000000,3.89,3.895,3.735,3.81,6210,0
PCF,D,20260224,000000,3.845,3.885,3.76,3.76,2079,0
PCF,D,20260225,000000,3.83,3.83,3.67,3.78,5316,0
PCF,D,20260226,000000,3.73,3.815,3.685,3.8,15525,0
PCF,D,20260227,000000,3.78,3.885,3.78,3.86,5349,0
PCF,D,20260302,000000,3.85,3.85,3.56,3.735,13652,0
PCF,D,20260303,000000,3.64,3.84,3.4,3.4,45573,0
PCF,D,20260304,000000,3.42,3.6,3.42,3.57,14500,0
PCF,D,20260305,000000,3.58,3.665,3.52,3.52,8046,0
PCF,D,20260306,000000,3.57,3.62,3.545,3.6,4167,0
PCF,D,20260309,000000,3.605,3.605,3.4,3.515,7384,0
PCF,D,20260310,000000,3.525,3.77,3.525,3.66,40370,0
PCF,D,20260311,000000,3.66,3.66,3.55,3.6,10130,0
PCF,D,20260312,000000,3.645,3.645,3.435,3.46,18522,0
PCF,D,20260313,000000,3.545,3.59,3.425,3.475,15394,0
PCF,D,20260316,000000,3.45,3.49,3.4,3.44,18404,0
PCF,D,20260317,000000,3.4,3.55,3.24,3.415,81587,0
PCF,D,20260318,000000,3.38,3.38,3.255,3.31,11176,0
PCF,D,20260319,000000,3.34,3.34,3.285,3.31,11434,0
PCF,D,20260320,000000,3.32,3.32,3.24,3.275,5386,0
PCF,D,20260323,000000,3.27,3.33,3.24,3.285,26055,0
PCF,D,20260324,000000,3.3,3.33,3.14,3.23,30737,0
PCF,D,20260325,000000,3.25,3.285,3.16,3.16,20516,0
PCF,D,20260326,000000,3.2,3.23,3.15,3.22,12024,0
PCF,D,20260327,000000,3.22,3.22,3.16,3.185,16266,0
PCF,D,20260330,000000,3.19,3.4,3.16,3.34,22278,0
PCF,D,20260331,000000,3.39,3.39,3.265,3.34,4558,0
PCF,D,20260401,000000,3.31,3.39,3.31,3.35,7537,0
PCF,D,20260402,000000,3.35,3.35,3.21,3.3,8704,0
PCF,D,20260407,000000,3.3,3.38,3.17,3.2,22219,0
PCF,D,20260408,000000,3.205,3.335,3.2,3.33,13479,0
PCF,D,20260409,000000,3.35,3.36,3.24,3.3,5977,0
PCF,D,20260410,000000,3.25,3.39,3.25,3.33,9138,0
PCF,D,20260413,000000,3.34,3.46,3.3,3.37,24585,0
PCF,D,20260414,000000,3.37,3.48,3.32,3.44,43041,0
PCF,D,20260415,000000,3.44,3.615,3.32,3.52,28952,0
PCF,D,20260416,000000,3.86,4.17,3.68,3.75,794722,0
PCF,D,20260417,000000,3.75,3.785,3.51,3.6,84118,0
PCF,D,20260420,000000,3.495,3.6,3.475,3.58,16038,0
PCF,D,20260421,000000,3.505,3.6,3.38,3.505,86262,0
PCF,D,20260422,000000,3.545,3.585,3.34,3.36,45551,0
PCF,D,20260423,000000,3.4,3.41,3.285,3.3,33801,0
PCF,D,20260424,000000,3.305,3.67,3.25,3.59,96054,0
PCF,D,20260427,000000,3.96,4.14,3.835,3.985,387900,0
PCF,D,20260428,000000,4,4,3.63,3.76,63504,0
PCF,D,20260429,000000,3.83,3.83,3.6,3.6,45882,0
PCF,D,20260430,000000,3.615,3.675,3.615,3.64,13356,0
PCF,D,20260504,000000,3.675,3.745,3.61,3.68,9519,0
PCF,D,20260505,000000,3.735,3.735,3.64,3.64,4638,0
PCF,D,20260506,000000,3.64,3.695,3.6,3.695,7584,0
PCF,D,20260507,000000,3.8,3.85,3.695,3.695,12317,0
PCF,D,20260508,000000,3.7,3.75,3.615,3.67,26008,0
PCF,D,20260511,000000,3.685,3.775,3.645,3.695,4532,0
PCF,D,20260512,000000,3.695,3.705,3.56,3.61,27550,0
PCF,D,20260513,000000,3.6,3.64,3.56,3.6,9311,0
PCF,D,20260514,000000,3.56,3.65,3.56,3.63,3339,0
PCF,D,20260515,000000,3.625,3.625,3.51,3.575,23826,0
PCF,D,20260518,000000,3.525,3.57,3.5,3.56,5849,0
PCF,D,20260519,000000,3.5,3.535,3.425,3.475,6907,0
PCF,D,20260520,000000,3.495,3.65,3.42,3.65,29303,0
PCF,D,20260521,000000,3.6,3.68,3.54,3.65,11600,0
PCF,D,20260522,000000,3.645,3.7,3.56,3.69,7239,0
PCF,D,20260525,000000,3.69,3.7,3.585,3.645,8400,0
PCF,D,20260526,000000,3.645,3.645,3.57,3.61,13698,0
PCF,D,20260527,000000,3.64,3.64,3.53,3.55,11792,0
PCF,D,20260528,000000,3.59,3.68,3.51,3.64,20892,0
PCF,D,20260529,000000,3.565,3.685,3.56,3.65,16413,0
PCF,D,20260601,000000,3.64,3.64,3.4,3.42,38417,0
PCF,D,20260602,000000,3.495,3.575,3.425,3.57,11334,0
PCF,D,20260603,000000,3.57,3.6,3.5,3.54,9132,0
PCF,D,20260605,000000,3.6,3.61,3.45,3.465,26143,0
PCF,D,20260608,000000,3.61,3.635,3.36,3.48,61730,0
PCF,D,20260609,000000,3.48,3.53,3.2,3.39,43221,0
PCF,D,20260610,000000,3.35,3.505,3.3,3.47,9524,0
PCF,D,20260611,000000,3.47,3.47,3.365,3.43,4370,0
PCF,D,20260612,000000,3.39,3.45,3.28,3.345,25574,0
PCF,D,20260615,000000,3.305,3.355,3.3,3.3,9327,0
PCF,D,20260616,000000,3.34,3.34,3.235,3.28,13577,0
PCF,D,20260617,000000,3.29,3.345,3.29,3.31,17171,0
PCF,D,20260618,000000,3.3,3.36,3.3,3.32,6061,0
PCF,D,20260619,000000,3.35,3.35,3.27,3.275,4530,0
PCF,D,20260622,000000,3.275,3.335,3.255,3.33,5630,0
PCF,D,20260623,000000,3.33,3.335,3.3,3.325,1780,0
PCF,D,20260624,000000,3.325,3.325,3.245,3.275,4624,0
PCF,D,20260625,000000,3.32,3.32,3.245,3.295,5818,0
PCF,D,20260626,000000,3.295,3.295,3.22,3.25,7703,0
PCF,D,20260629,000000,3.215,3.3,3.2,3.25,25298,0
PCF,D,20260630,000000,3.25,3.25,3.205,3.24,10460,0
PCF,D,20260701,000000,3.235,3.235,3.19,3.2,13034,0
PCF,D,20260702,000000,3.19,3.245,3.17,3.185,8147,0
PCF,D,20260703,000000,3.24,3.245,3.18,3.195,6074,0
PCF,D,20260706,000000,3.24,3.24,3.165,3.19,5775,0
PCF,D,20260707,000000,3.18,3.35,3.17,3.23,21650,0
PCF,D,20260708,000000,3.23,3.26,3.19,3.2,6334,0
PCF,D,20260709,000000,3.245,3.25,3.17,3.19,2816,0
PCF,D,20260710,000000,3.2,3.2,3.16,3.2,6011,0
PCF,D,20260713,000000,3.18,3.195,3.17,3.17,3086,0
PCF,D,20260714,000000,3.2,3.225,3.16,3.16,10518,0
PCF,D,20260715,000000,3.16,3.2,3.16,3.18,1743,0
PCF,D,20260716,000000,3.165,3.245,3.12,3.245,42512,0
PCF,D,20260717,000000,3.24,3.28,3.19,3.275,23429,0
PCF,D,20260720,000000,3.275,3.28,3.22,3.28,6446,0
PCF,D,20260721,000000,3.215,3.3,3.21,3.24,11549,0
PCF,D,20260722,000000,3.24,3.27,3.185,3.23,10223,0
PCF,D,20260723,000000,3.23,3.23,3.18,3.215,5400,0
PCF,D,20260724,000000,3.165,3.21,3.165,3.2,1202,0
PCF,D,20260727,000000,3.205,3.265,3.185,3.255,10235,0
PCF,D,20260728,000000,3.225,3.25,3.205,3.25,3494,0
PCF,D,20260729,000000,3.23,3.435,3.23,3.41,61182,0
PCF,D,20260730,000000,3.44,3.565,3.41,3.53,38667,0
PCF,D,20260731,000000,3.545,3.545,3.46,3.53,17436,0
PCF,D,20260803,000000,3.59,3.67,3.515,3.62,52408,0
PCF,D,20260804,000000,3.62,3.75,3.58,3.725,33254,0
PCF,D,20260805,000000,3.7,3.765,3.68,3.68,57097,0
PCF,D,20260806,000000,3.625,3.73,3.625,3.72,9107,0
PCF,D,20260807,000000,3.7,4.05,3.7,3.97,96962,0
PCF,D,20260810,000000,3.935,4,3.83,3.89,19904,0
PCF,D,20260811,000000,3.89,3.94,3.8,3.83,22707,0
PCF,D,20260812,000000,3.88,3.885,3.66,3.74,40801,0
PCF,D,20260813,000000,3.74,3.74,3.63,3.67,29752,0
PCF,D,20260814,000000,3.61,3.65,3.525,3.6,21342,0
PCF,D,20260817,000000,3.55,3.65,3.55,3.65,10238,0
PCF,D,20260818,000000,3.645,3.695,3.6,3.67,8349,0
