<TICKER>,<PER>,<DATE>,<TIME>,<OPEN>,<HIGH>,<LOW>,<CLOSE>,<VOL>,<OPENINT>
PCO,D,20210526,000000,40.7511,43.662,40.7511,43.662,19230676.479257,0
PCO,D,20210527,000000,43.662,43.662,42.5947,42.6917,6205470.241394349,0
PCO,D,20210528,000000,43.2544,43.5115,42.3229,43.3175,2926938.431245167,0
PCO,D,20210531,000000,43.3175,43.3175,42.3279,42.6917,946200.6015052338,0
PCO,D,20210601,000000,42.6819,42.9731,42.4006,42.6917,935623.0866280374,0
PCO,D,20210602,000000,42.6917,42.7839,42.0852,42.4346,239587.9780193501,0
PCO,D,20210604,000000,42.4491,42.6869,42.2551,42.5413,597007.5959958388,0
PCO,D,20210607,000000,42.5316,42.9294,42.4055,42.5947,738094.7212583519,0
PCO,D,20210608,000000,42.6917,42.9197,42.5947,42.5947,982484.476712454,0
PCO,D,20210609,000000,42.5947,42.8712,42.517,42.5995,651141.2208043612,0
PCO,D,20210610,000000,42.6917,42.779,42.2066,42.3958,756002.1870082583,0
PCO,D,20210611,000000,42.3035,42.5752,42.1774,42.3035,301063.92144671176,0
PCO,D,20210614,000000,42.2551,42.5316,41.2363,41.9155,1267435.2862435377,0
PCO,D,20210615,000000,42.1096,42.1096,41.246,41.5759,609186.7339967965,0
PCO,D,20210616,000000,41.7214,42.2017,40.9452,42.2017,457705.5487580069,0
PCO,D,20210617,000000,42.0125,42.5752,41.2897,42.488,786588.6538318535,0
PCO,D,20210618,000000,42.42,42.7402,41.8184,42.6869,310497.41980693577,0
PCO,D,20210621,000000,42.6723,42.9731,42.0319,42.7305,182378.9070066424,0
PCO,D,20210622,000000,42.6917,44.4333,42.5947,44.1956,702099.426794152,0
PCO,D,20210623,000000,44.2635,45.6025,43.7784,45.554,449069.77002313116,0
PCO,D,20210624,000000,45.554,50.1045,45.1174,48.0961,584256.4497363948,0
PCO,D,20210625,000000,47.2519,49.7261,47.2519,48.9984,1260432.0499977472,0
PCO,D,20210628,000000,49.0761,50.3956,48.7753,49.7746,1103618.3048861509,0
PCO,D,20210629,000000,49.7746,50.3956,49.0081,49.4835,619720.96176254,0
PCO,D,20210630,000000,49.1051,49.4835,47.0773,47.543,1330865.3335593496,0
PCO,D,20210701,000000,47.543,48.9984,46.8639,48.8141,731832.5191348165,0
PCO,D,20210702,000000,48.9984,50.3471,48.6783,49.8717,1545528.1805458518,0
PCO,D,20210705,000000,50.2597,51.2009,49.8717,50.3374,176941.22129173562,0
PCO,D,20210706,000000,50.4538,51.2688,50.0657,50.0851,264765.6172023406,0
PCO,D,20210707,000000,50.1725,51.3271,50.0463,50.9389,1318702.6858865644,0
PCO,D,20210708,000000,51.23,51.23,49.9687,50.4538,280796.2774771056,0
PCO,D,20210709,000000,50.6479,50.6479,49.9202,50.2501,165504.14805854365,0
PCO,D,20210712,000000,50.4441,50.7934,50.2113,50.677,33310.4629086026,0
PCO,D,20210713,000000,50.6867,51.8316,50.6867,51.5502,164217.9024610828,0
PCO,D,20210714,000000,51.6667,52.2294,50.1336,50.4538,520229.6586698378,0
PCO,D,20210715,000000,51.4144,51.4144,50.0657,50.4538,1124045.6989099286,0
PCO,D,20210716,000000,50.4538,51.8316,50.4538,51.3271,73997.2557379004,0
PCO,D,20210719,000000,51.3271,51.4241,49.0372,51.4241,256587.44507425392,0
PCO,D,20210720,000000,51.036,52.1421,50.5509,51.4629,377565.64577582205,0
PCO,D,20210721,000000,51.4629,52.4429,51.4629,52.1518,314734.40350177686,0
PCO,D,20210722,000000,51.9092,53.3355,51.4241,52.9377,386968.22477072245,0
PCO,D,20210723,000000,53.3452,53.3452,52.4041,52.7146,323560.851656148,0
PCO,D,20210726,000000,52.8115,53.3452,51.9092,52.6078,288788.9334132508,0
PCO,D,20210727,000000,52.7825,53.6557,52.6369,53.1124,272154.31486916525,0
PCO,D,20210728,000000,53.3161,53.811,52.6952,52.8795,261619.05645791104,0
PCO,D,20210729,000000,53.4228,53.4228,51.036,52.4913,200009.12911414722,0
PCO,D,20210730,000000,52.4913,53.1511,51.4241,51.9092,180402.1289169549,0
PCO,D,20210802,000000,52.3846,54.1796,52.0451,53.2385,583338.1445862844,0
PCO,D,20210803,000000,53.3743,53.84,52.5981,52.9571,676278.664812431,0
PCO,D,20210804,000000,52.9571,53.9565,52.734,53.9565,577508.813577279,0
PCO,D,20210805,000000,53.9565,54.7229,52.8892,54.3349,760516.4143455009,0
PCO,D,20210806,000000,54.6551,54.6551,53.7916,54.0923,81499.32441091149,0
PCO,D,20210809,000000,54.0923,54.4901,52.9377,53.3646,181794.53100202672,0
PCO,D,20210810,000000,53.3743,54.4319,53.3743,53.4616,640339.0252058133,0
PCO,D,20210811,000000,53.5587,54.2378,53.3743,53.4616,1057325.831123688,0
PCO,D,20210812,000000,53.3646,54.5192,53.1026,53.3646,193352.18975998063,0
PCO,D,20210813,000000,53.5199,55.732,53.3452,54.4416,383487.73488079826,0
PCO,D,20210816,000000,55.5865,55.5865,53.3743,54.3349,197928.25582787034,0
PCO,D,20210817,000000,54.3349,55.2858,53.8498,54.2767,118073.84165217327,0
PCO,D,20210818,000000,54.3349,54.8103,53.8692,54.5484,547614.9405369319,0
PCO,D,20210819,000000,54.5484,55.1887,52.8795,54.0147,399929.6227143669,0
PCO,D,20210820,000000,54.0147,54.82,52.9959,53.8498,798562.6933761649,0
PCO,D,20210823,000000,54.0535,54.3349,53.4228,53.6654,31389.33967649755,0
PCO,D,20210824,000000,53.5975,53.9273,53.3355,53.8498,39376.842385088836,0
PCO,D,20210825,000000,53.7236,53.8692,53.3646,53.6557,61274.967552758375,0
PCO,D,20210826,000000,53.3646,53.811,51.9868,53.3646,176593.89375460072,0
PCO,D,20210827,000000,53.2287,53.452,52.6078,52.6078,74947.51089884507,0
PCO,D,20210830,000000,52.6369,53.7916,52.4041,53.3646,190659.11304029688,0
PCO,D,20210831,000000,53.4908,53.4908,51.56,52.2003,273614.739557949,0
PCO,D,20210901,000000,52.2003,52.4817,50.6673,51.133,516806.8849285176,0
PCO,D,20210902,000000,51.036,51.133,49.0081,50.4538,245523.4655159665,0
PCO,D,20210903,000000,50.4538,50.4538,49.4157,50.0657,352684.8324999379,0
PCO,D,20210906,000000,50.1627,50.9293,49.9784,50.4538,275585.3337745717,0
PCO,D,20210907,000000,50.4538,51.6278,50.2695,50.871,380197.9144103694,0
PCO,D,20210908,000000,50.9583,51.4435,48.7073,49.6679,314582.8986116914,0
PCO,D,20210909,000000,49.4933,49.8717,48.62,49.2798,421565.96392229677,0
PCO,D,20210910,000000,49.5806,50.2501,48.6394,48.8626,155540.8979057757,0
PCO,D,20210913,000000,48.9984,50.2403,48.2222,48.5618,272461.44723137945,0
PCO,D,20210914,000000,48.62,48.9887,48.13,48.5132,158560.6892523786,0
PCO,D,20210915,000000,48.5132,48.9305,47.0773,48.5084,400253.24540475366,0
PCO,D,20210916,000000,48.4163,48.8044,46.6989,46.7086,219533.67767047667,0
PCO,D,20210917,000000,46.7086,47.5236,46.0973,46.4757,258562.16187291985,0
PCO,D,20210920,000000,46.2816,46.5728,45.4133,46.1313,182911.75073571873,0
PCO,D,20210921,000000,46.3641,48.4648,46.2914,47.7856,327910.1757116647,0
PCO,D,20210922,000000,48.8529,48.8529,48.0281,48.6103,165066.12371645967,0
PCO,D,20210923,000000,48.9984,50.9875,48.2756,50.7934,844334.6911556808,0
PCO,D,20210924,000000,50.8904,50.9001,48.6297,49.6776,566162.4371490362,0
PCO,D,20210927,000000,49.6873,50.1821,48.1398,49.6679,383881.44146591844,0
PCO,D,20210928,000000,49.1925,50.153,48.4745,48.9984,582187.9441962473,0
PCO,D,20210929,000000,48.5132,49.6,48.5132,48.8238,119960.95358242237,0
PCO,D,20210930,000000,49.3186,49.5515,48.5326,49.4835,127611.43520898664,0
PCO,D,20211001,000000,49.4253,51.8025,48.6297,51.3077,214412.40012738117,0
PCO,D,20211004,000000,51.2883,51.2883,48.8432,49.3671,597067.3734354643,0
PCO,D,20211005,000000,49.3671,50.1045,48.9499,49.9687,572365.8924784571,0
PCO,D,20211006,000000,49.9687,50.7352,48.5084,48.5084,1120303.425060265,0
PCO,D,20211007,000000,48.5132,48.979,46.4175,46.8639,743756.0570490994,0
PCO,D,20211008,000000,46.7668,47.2083,45.6025,45.8644,500269.14706244593,0
PCO,D,20211011,000000,46.0683,47.0579,45.8984,46.5243,552365.1856961445,0
PCO,D,20211012,000000,46.1846,46.8541,45.9421,46.3787,132296.74970101967,0
PCO,D,20211013,000000,46.2332,47.9311,46.2332,46.6892,150286.6670917888,0
PCO,D,20211014,000000,47.7468,48.3193,46.7619,47.0579,489860.65804901836,0
PCO,D,20211015,000000,47.5236,47.6497,45.6267,46.0877,461317.9612733117,0
PCO,D,20211018,000000,46.5582,46.7717,45.1222,45.7723,359590.1574222039,0
PCO,D,20211019,000000,45.6025,46.0731,44.6322,44.6322,416509.61704638076,0
PCO,D,20211020,000000,43.9628,46.0439,43.8754,45.6025,224402.4470634296,0
PCO,D,20211021,000000,45.0203,46.4757,45.0203,45.7965,126108.7540542607,0
PCO,D,20211022,000000,45.8936,46.2866,44.8311,45.0009,88140.80408241629,0
PCO,D,20211025,000000,45.6025,46.7474,45.1416,46.7474,234521.32468832628,0
PCO,D,20211026,000000,46.6698,46.6746,45.2144,45.6995,83277.1879170173,0
PCO,D,20211027,000000,45.5928,46.0683,45.0786,45.7965,265461.30292212113,0
PCO,D,20211028,000000,46.0003,46.1167,45.4084,45.6899,184611.28518300483,0
PCO,D,20211029,000000,45.8936,46.8105,45.127,45.7965,203200.0076155406,0
PCO,D,20211102,000000,46.0877,47.543,45.2823,46.6698,414352.4759923058,0
PCO,D,20211103,000000,47.1549,47.1549,46.1119,46.1119,192251.46035446122,0
PCO,D,20211104,000000,46.5728,46.9996,45.8014,46.0877,175746.70314473467,0
PCO,D,20211105,000000,46.5728,46.7668,45.5492,45.845,335298.87337848934,0
PCO,D,20211108,000000,46.0779,46.306,45.8062,46.1846,45263.8895426983,0
PCO,D,20211109,000000,46.0877,47.053,45.845,46.4757,406574.19432240404,0
PCO,D,20211110,000000,46.4757,46.9463,45.976,46.204,99060.49326919366,0
PCO,D,20211112,000000,46.3205,46.3205,45.6025,46.1701,114861.3195950534,0
PCO,D,20211115,000000,45.9226,46.9075,45.5782,46.5728,220115.99238407073,0
PCO,D,20211116,000000,46.5728,46.5728,44.6371,45.9032,183292.05892919877,0
PCO,D,20211117,000000,46.1459,47.1501,45.3599,46.5728,248764.8456473884,0
PCO,D,20211118,000000,46.5728,46.5728,45.8014,46.3108,300520.7712625275,0
PCO,D,20211119,000000,46.4757,46.956,45.4133,46.4127,401086.00697746867,0
PCO,D,20211122,000000,47.0094,47.0579,45.7287,46.3787,613308.2853944297,0
PCO,D,20211123,000000,46.3787,46.3787,45.52,46.1846,407287.40101586794,0
PCO,D,20211124,000000,45.7965,46.8493,44.1713,45.9226,620771.1895380309,0
PCO,D,20211125,000000,45.7431,46.5194,45.2144,45.6995,189498.6061951519,0
PCO,D,20211126,000000,44.773,44.8748,43.9288,44.5352,254261.27815640997,0
PCO,D,20211129,000000,44.6322,45.1174,44.1034,44.9719,354692.529954949,0
PCO,D,20211130,000000,44.4867,45.8984,42.4055,45.292,440016.57985638716,0
PCO,D,20211201,000000,44.3072,46.2816,44.3072,45.127,436617.5109618151,0
PCO,D,20211202,000000,45.1174,46.0877,44.4964,45.5054,407230.71551277465,0
PCO,D,20211203,000000,46.2816,46.8639,45.1174,45.4084,518563.1048788969,0
PCO,D,20211206,000000,45.6025,46.0827,44.7486,45.6801,229893.72634489724,0
PCO,D,20211207,000000,45.6995,46.9123,45.6995,46.4467,251728.98213640886,0
PCO,D,20211208,000000,46.4757,48.5132,46.4757,47.2229,215156.52618616866,0
PCO,D,20211209,000000,47.5527,48.9305,47.1549,47.1549,185974.82919377464,0
PCO,D,20211210,000000,47.543,48.3823,47.024,47.6109,245982.10276826625,0
PCO,D,20211213,000000,47.9311,49.4447,47.4024,47.543,438322.19863665506,0
PCO,D,20211214,000000,49.1925,49.8619,45.6413,45.6413,468810.7541367257,0
PCO,D,20211215,000000,46.2428,47.9311,45.6995,46.7668,1053739.184746153,0
PCO,D,20211216,000000,46.7183,47.4168,45.5879,46.1846,602272.1332649335,0
PCO,D,20211217,000000,46.1313,48.1737,44.6759,45.0882,6346046.166483513,0
PCO,D,20211220,000000,45.4084,45.8742,44.7292,45.0688,136220.41716058188,0
PCO,D,20211221,000000,45.6025,45.9906,43.9724,44.3314,316046.41523700743,0
PCO,D,20211222,000000,44.3412,44.7486,42.6917,43.5213,318785.8710046765,0
PCO,D,20211223,000000,44.2247,44.6322,43.759,44.3751,119636.3002465248,0
PCO,D,20211227,000000,44.8408,44.8408,42.2841,43.1865,177920.33452698227,0
PCO,D,20211228,000000,43.1914,43.8754,42.7887,43.7978,145904.36237992687,0
PCO,D,20211229,000000,43.7105,44.3848,43.7105,44.2247,58153.142300587664,0
PCO,D,20211230,000000,44.4382,45.4812,44.0549,45.132,118436.62887196992,0
PCO,D,20220103,000000,45.3065,45.5492,43.6522,43.7153,327340.22874420014,0
PCO,D,20220104,000000,44.477,45.0688,43.9385,44.9233,151853.2482681835,0
PCO,D,20220105,000000,44.8748,44.8748,43.1283,44.3896,408139.74485328794,0
PCO,D,20220107,000000,43.856,44.2829,43.6232,44.1471,144061.56820664153,0
PCO,D,20220110,000000,44.1471,44.2247,43.2787,43.4485,73975.61218217389,0
PCO,D,20220111,000000,43.5455,44.1131,42.7402,43.3418,201930.25234625227,0
PCO,D,20220112,000000,43.5455,43.856,42.3035,42.9634,190167.49513165196,0
PCO,D,20220113,000000,43.662,44.05,40.8482,40.9452,697021.4363625095,0
PCO,D,20220114,000000,41.0422,41.9155,40.1836,41.5953,194953.812883742,0
PCO,D,20220117,000000,41.6244,41.8136,41.1489,41.4643,121765.61387180861,0
PCO,D,20220118,000000,41.702,41.702,40.169,40.169,144090.42628094356,0
PCO,D,20220119,000000,40.5571,40.8821,39.1987,39.1987,178040.92005174424,0
PCO,D,20220120,000000,39.2521,40.0719,38.9465,39.9216,98446.22854476522,0
PCO,D,20220121,000000,39.9168,39.9168,38.9223,39.0047,121381.18309628544,0
PCO,D,20220124,000000,39.1017,39.2957,36.8701,37.7531,225668.07975067478,0
PCO,D,20220125,000000,37.6366,38.7233,37.0351,38.0781,157883.55515179218,0
PCO,D,20220126,000000,37.6463,40.3388,37.2097,39.5432,183036.45884252386,0
PCO,D,20220127,000000,38.8591,39.5384,38.0102,39.3297,145297.31217407392,0
PCO,D,20220128,000000,39.3345,40.6542,38.3352,38.4613,109650.37589251951,0
PCO,D,20220131,000000,38.7039,38.9611,38.0829,38.0829,116695.86860425242,0
PCO,D,20220201,000000,38.3255,38.7816,37.8597,38.3255,153568.24239813135,0
PCO,D,20220202,000000,38.374,39.1017,38.3255,39.1017,15565.83914940053,0
PCO,D,20220203,000000,39.1017,40.8093,39.1017,40.5231,165679.3577953773,0
PCO,D,20220204,000000,40.3146,40.8773,39.6208,40.8773,225341.36512375562,0
PCO,D,20220207,000000,41.3333,41.3333,38.8543,39.3491,151435.83683631517,0
PCO,D,20220208,000000,39.7809,39.9313,39.0095,39.6839,146354.75446814034,0
PCO,D,20220209,000000,40.1496,40.237,39.2957,39.776,94405.06749697344,0
PCO,D,20220210,000000,40.1496,40.1496,38.4225,38.6651,147814.14851141325,0
PCO,D,20220211,000000,38.6651,39.0968,38.3255,38.8106,99547.98859579542,0
PCO,D,20220214,000000,38.3352,38.8009,37.0641,38.2285,139524.6666681617,0
PCO,D,20220215,000000,38.1315,39.3928,38.1315,39.1793,34833.75697354427,0
PCO,D,20220216,000000,39.2957,39.2957,38.8106,39.2763,64151.49917336202,0
PCO,D,20220217,000000,39.2957,39.2957,38.4225,39.1017,77672.53762936317,0
PCO,D,20220218,000000,38.8106,39.1502,38.6214,39.1502,81359.15662144459,0
PCO,D,20220221,000000,38.3352,39.1939,37.8986,38.7912,171501.47428580726,0
PCO,D,20220222,000000,37.8889,38.374,37.3552,38.1315,377124.5294972056,0
PCO,D,20220223,000000,37.8403,38.7622,37.8403,38.6166,393141.79138033045,0
PCO,D,20220224,000000,37.5978,37.5978,34.7841,37.1272,1209245.0407045619,0
PCO,D,20220225,000000,37.1612,39.0968,37.1612,38.8446,349443.452368516,0
PCO,D,20220228,000000,38.6651,40.3533,38.2867,40.266,95548.05336843508,0
PCO,D,20220301,000000,40.0041,41.5225,39.5286,40.3533,687936.2961849311,0
PCO,D,20220302,000000,40.169,41.0374,36.2879,39.8924,241944.03365700686,0
PCO,D,20220303,000000,40.0477,43.4679,39.7469,41.7214,300442.4422037078,0
PCO,D,20220304,000000,43.1186,43.5649,39.3249,39.5432,420996.01695483207,0
PCO,D,20220307,000000,39.7857,40.2175,36.8701,39.8974,204125.5272842264,0
PCO,D,20220308,000000,38.7766,39.8246,38.0538,39.2957,302286.2670225039,0
PCO,D,20220309,000000,38.4225,41.0374,38.3255,40.7949,448804.8941268592,0
PCO,D,20220310,000000,41.1393,41.5273,39.9798,39.9847,380279.3354057215,0
PCO,D,20220311,000000,40.7511,40.7511,38.9271,39.7227,329222.1874468953,0
PCO,D,20220314,000000,40.266,40.9452,39.3734,40.9258,197550.0089254119,0
PCO,D,20220315,000000,41.0374,41.6681,40.266,40.8482,104470.35155530923,0
PCO,D,20220316,000000,41.6681,41.6681,39.8974,41.1393,319251.7227755518,0
PCO,D,20220317,000000,41.5759,43.3854,40.8531,42.9342,535701.7090777567,0
PCO,D,20220318,000000,43.3126,44.9719,42.5462,44.3848,1550904.0275301114,0
PCO,D,20220321,000000,44.9427,46.0343,43.6668,45.6025,404270.70160579734,0
PCO,D,20220322,000000,45.3939,45.5928,43.9628,44.6613,269111.8493213251,0
PCO,D,20220323,000000,44.477,45.1174,44.1471,44.6322,169101.1008911867,0
PCO,D,20220324,000000,44.0889,45.5928,44.0598,44.9719,430978.84937230503,0
PCO,D,20220325,000000,44.3023,45.5006,44.2489,45.1756,411238.8959042213,0
PCO,D,20220328,000000,44.7826,45.3987,43.662,44.8748,336585.11897595023,0
PCO,D,20220329,000000,45.1174,45.3357,44.3314,44.3314,290913.0938109807,0
PCO,D,20220330,000000,44.6322,45.0882,43.8123,44.6322,145544.66709666254,0
PCO,D,20220331,000000,44.3848,44.7147,42.4443,43.4388,439020.976292968,0
PCO,D,20220401,000000,43.8463,45.2483,43.007,44.3896,662627.7650220708,0
PCO,D,20220404,000000,45.2775,45.5248,44.1568,44.7196,390518.79855538014,0
PCO,D,20220405,000000,45.0688,45.0688,43.9045,44.312,116874.17027761838,0
PCO,D,20220406,000000,44.6322,44.6613,43.0022,43.8948,146763.92073592235,0
PCO,D,20220407,000000,44.3654,44.3654,43.5115,43.6862,77849.80865721837,0
PCO,D,20220408,000000,44.5595,44.6322,43.0507,44.1471,106884.12334156997,0
PCO,D,20220411,000000,43.8657,44.4818,43.2932,44.3314,166457.4951560207,0
PCO,D,20220412,000000,44.5643,44.5643,43.691,43.691,113045.3222050485,0
PCO,D,20220413,000000,43.6232,44.1471,43.235,43.6814,240534.11059825163,0
PCO,D,20220414,000000,43.5067,44.2635,43.3515,43.662,96740.51022441444,0
PCO,D,20220419,000000,43.8366,43.8366,42.42,43.0798,141798.27066495555,0
PCO,D,20220420,000000,42.6917,43.3321,41.8767,42.3035,239345.7763243154,0
PCO,D,20220421,000000,43.3709,43.3903,41.2945,41.9931,106609.9716357009,0
PCO,D,20220422,000000,41.1587,41.799,40.3436,40.3825,94916.26767032327,0
PCO,D,20220425,000000,39.3734,41.411,39.0047,41.0422,364934.05439562915,0
PCO,D,20220426,000000,41.5273,41.5273,39.3345,40.8676,263634.9990770084,0
PCO,D,20220427,000000,40.5765,41.4692,39.8974,40.5571,134059.1535244637,0
PCO,D,20220428,000000,41.5273,41.5273,40.0137,40.0137,131046.57669643628,0
PCO,D,20220429,000000,40.4213,40.9646,40.0525,40.5377,70786.7949718021,0
PCO,D,20220502,000000,41.2363,41.2363,38.6166,39.7227,53736.82628686977,0
PCO,D,20220504,000000,38.9271,40.9646,38.83,40.2466,124586.49063482981,0
PCO,D,20220505,000000,39.451,41.2363,39.451,40.3825,45755.507451343205,0
PCO,D,20220506,000000,39.4122,40.1302,39.0241,39.2375,66189.08534818588,0
PCO,D,20220509,000000,38.8106,39.1987,37.9762,37.9762,102737.836451678,0
PCO,D,20220510,000000,38.5195,40.3242,37.8597,38.8106,293359.8462535866,0
PCO,D,20220511,000000,38.5971,40.3436,38.5389,39.2957,261975.65980464296,0
PCO,D,20220512,000000,38.5389,39.7033,37.8792,39.1987,129775.79078163719,0
PCO,D,20220513,000000,39.2181,40.2466,39.1017,39.548,148223.3147791953,0
PCO,D,20220516,000000,39.2375,40.8482,39.2375,40.693,71028.99666683681,0
PCO,D,20220517,000000,41.1005,41.1199,40.3048,40.6348,279063.7623734744,0
PCO,D,20220518,000000,40.2854,40.8482,39.0629,39.3151,71344.37419313731,0
PCO,D,20220519,000000,38.5195,38.9077,38.3255,38.4613,55471.40268152256,0
PCO,D,20220520,000000,38.4613,39.9749,38.4613,38.8106,86886.50849578978,0
PCO,D,20220523,000000,39.4122,40.2078,39.2957,39.548,113563.73689697385,0
PCO,D,20220524,000000,39.2957,39.9555,38.2673,38.5583,89099.30440744724,0
PCO,D,20220525,000000,39.3345,39.4316,37.4717,38.7718,72790.36984477003,0
PCO,D,20220526,000000,39.2763,39.7421,38.4225,39.0047,131067.18960665201,0
PCO,D,20220527,000000,39.0047,39.4316,38.4419,39.0435,117520.3850128812,0
PCO,D,20220530,000000,39.6839,39.6839,38.2091,38.4807,106630.58454591663,0
PCO,D,20220531,000000,38.4807,38.8106,37.4911,37.5105,121884.138105549,0
PCO,D,20220601,000000,37.5493,38.4419,37.5493,37.8403,132496.69493011216,0
PCO,D,20220602,000000,38.3838,38.3838,37.0641,38.3255,113126.74320040061,0
PCO,D,20220603,000000,38.5971,38.5971,37.297,37.8403,70186.95928452467,0
PCO,D,20220606,000000,37.8403,39.6257,37.6463,38.8106,119655.88251122972,0
PCO,D,20220607,000000,38.8106,39.2569,38.3838,38.8689,29896.964976879462,0
PCO,D,20220608,000000,38.6166,38.7718,37.1029,37.6657,95946.91318110924,0
PCO,D,20220609,000000,37.8015,38.3255,36.0163,37.0447,180250.62402686934,0
PCO,D,20220610,000000,36.2879,36.7537,35.1819,35.1819,112663.9833660577,0
PCO,D,20220613,000000,34.3862,35.3953,33.5906,34.9296,162249.36953548156,0
PCO,D,20220614,000000,35.6281,36.1715,34.231,35.8028,318045.8675279322,0
PCO,D,20220615,000000,36.2879,36.2879,34.0563,34.6579,176980.38582114546,0
PCO,D,20220617,000000,34.6967,35.8028,33.9593,34.8713,274075.4381012703,0
PCO,D,20220620,000000,35.5699,35.7058,34.4833,34.8519,265915.8175923778,0
PCO,D,20220621,000000,35.3953,35.4729,34.522,34.9684,76648.07599164193,0
PCO,D,20220622,000000,34.2698,35.2207,33.513,34.9296,67835.02622891107,0
PCO,D,20220623,000000,34.4833,36.4626,34.4833,35.4341,300195.0872811192,0
PCO,D,20220624,000000,35.7446,36.0744,35.1236,35.3953,65507.82866555635,0
PCO,D,20220627,000000,35.1819,36.7537,35.1819,36.6761,397260.2508414312,0
PCO,D,20220628,000000,36.7149,37.4717,35.7252,35.8999,282322.66347857966,0
PCO,D,20220629,000000,35.8028,36.0357,34.619,35.2207,489592.690216214,0
PCO,D,20220630,000000,34.9684,35.4729,33.2219,33.804,465459.09493564966,0
PCO,D,20220701,000000,33.8622,34.328,33.4936,33.6877,127986.59017491274,0
PCO,D,20220704,000000,34.328,34.7937,33.7652,34.0757,47413.81607819784,0
PCO,D,20220705,000000,34.7355,34.7355,33.3966,33.5324,146474.3093473915,0
PCO,D,20220706,000000,34.2116,34.8908,33.2607,33.5324,278382.5056908449,0
PCO,D,20220707,000000,34.0369,34.4445,33.3966,33.9593,109175.24831204719,0
PCO,D,20220708,000000,33.7652,33.9593,33.513,33.804,248622.61656689993,0
PCO,D,20220711,000000,33.9593,34.3474,32.698,33.086,218766.87741045188,0
PCO,D,20220712,000000,33.086,34.1534,32.1158,33.1248,988578.6836177314,0
PCO,D,20220713,000000,33.1442,34.1534,33.0084,33.2413,182692.22324192134,0
PCO,D,20220714,000000,33.9593,33.9593,32.1741,32.8144,327759.70146708994,0
PCO,D,20220715,000000,32.892,33.3189,32.2322,32.5427,216485.02824957177,0
PCO,D,20220718,000000,32.8338,34.0563,32.6203,33.6683,164276.64925519758,0
PCO,D,20220719,000000,33.6683,33.7265,32.8144,33.5518,129746.93270733517,0
PCO,D,20220720,000000,33.9593,33.9593,33.3577,33.4742,74457.95428122173,0
PCO,D,20220721,000000,33.4742,33.804,32.8144,32.8532,93957.76734529232,0
PCO,D,20220722,000000,33.5324,33.5324,32.2128,33.1637,275090.62392939447,0
PCO,D,20220725,000000,33.0084,33.2219,32.698,32.9697,129814.95531104706,0
PCO,D,20220726,000000,32.989,32.989,31.6306,32.0188,367226.21001161716,0
PCO,D,20220727,000000,31.6306,32.1741,31.2232,32.0188,202810.4236124635,0
PCO,D,20220728,000000,31.4366,32.6786,31.3396,32.6397,159150.21848454818,0
PCO,D,20220729,000000,32.6397,33.1248,32.6397,32.9115,124172.17113949386,0
PCO,D,20220801,000000,32.989,36.0744,32.989,35.4923,207298.88481193638,0
PCO,D,20220802,000000,34.522,35.5699,34.5027,35.3176,193882.97219803542,0
PCO,D,20220803,000000,34.9684,35.3953,33.6683,34.1728,98535.8947042036,0
PCO,D,20220804,000000,34.8519,34.8519,33.7652,34.0757,174968.56578409125,0
PCO,D,20220805,000000,33.6683,34.5802,33.4936,34.0951,225184.70700611616,0
PCO,D,20220808,000000,34.1922,35.1042,33.4742,34.8325,196421.45209110127,0
PCO,D,20220809,000000,35.1236,35.1236,34.2504,35.1042,378377.79443832143,0
PCO,D,20220810,000000,35.4147,36.1715,35.1431,35.5117,344432.4538950746,0
PCO,D,20220811,000000,36.1909,36.1909,35.2401,35.6087,74389.93167750986,0
PCO,D,20220812,000000,35.6864,36.8313,35.6087,36.385,149806.38628376255,0
PCO,D,20220816,000000,37.0447,37.5493,36.1132,36.8119,307053.002509889,0
PCO,D,20220817,000000,36.8701,37.3552,36.1132,36.9671,270737.17729183455,0
PCO,D,20220818,000000,36.9671,37.5493,36.5208,37.0447,155505.85595840897,0
PCO,D,20220819,000000,36.5984,37.7627,36.5014,36.9671,197031.59423348657,0
PCO,D,20220822,000000,36.9477,36.9865,34.6385,35.6087,69534.56067619714,0
PCO,D,20220823,000000,34.8325,36.6761,34.8325,36.579,119762.0389988407,0
PCO,D,20220824,000000,36.1327,36.7731,35.8028,36.5208,93724.84145985468,0
PCO,D,20220825,000000,36.5984,37.9374,36.5402,37.1612,98558.5689054409,0
PCO,D,20220826,000000,36.9089,37.8015,36.5014,36.8701,101179.50043936963,0
PCO,D,20220829,000000,36.1327,36.1327,35.0654,35.5117,44801.1297083554,0
PCO,D,20220830,000000,35.8805,36.1715,34.5027,34.6385,40925.90258780015,0
PCO,D,20220831,000000,35.337,35.337,33.8622,34.3862,71854.54372097636,0
PCO,D,20220901,000000,33.7652,34.6385,33.4742,34.1339,58653.005373318854,0
PCO,D,20220902,000000,34.1534,34.5996,33.4742,33.9011,90320.61933772863,0
PCO,D,20220905,000000,33.1831,33.7071,32.5621,33.2995,236961.89325786746,0
PCO,D,20220906,000000,32.989,33.9205,32.989,33.4548,78618.67020826471,0
PCO,D,20220907,000000,32.6203,34.7743,32.6009,34.4639,259566.01060042536,0
PCO,D,20220908,000000,34.2504,34.7355,33.2413,33.9205,233123.76937570047,0
PCO,D,20220909,000000,34.1339,35.0072,33.4742,35.0072,79538.00600388579,0
PCO,D,20220912,000000,34.3086,35.2595,34.0175,34.619,94800.83537311525,0
PCO,D,20220913,000000,35.2207,35.2207,33.0084,33.2801,77701.39570366518,0
PCO,D,20220914,000000,33.8816,34.7355,33.4354,34.2698,246122.27055773317,0
PCO,D,20220915,000000,34.2892,34.7743,33.4742,34.5608,190713.73725236856,0
PCO,D,20220916,000000,33.8622,34.9296,32.1546,33.3966,468791.17187202076,0
PCO,D,20220919,000000,32.8532,34.231,32.8532,33.8622,70504.39810184675,0
PCO,D,20220920,000000,33.7652,34.2504,33.4354,34.0757,93436.26071683461,0
PCO,D,20220921,000000,33.7652,34.5027,33.4936,34.5027,60820.452882501755,0
PCO,D,20220922,000000,33.804,34.5027,33.3577,33.4548,72336.8858200242,0
PCO,D,20220923,000000,33.3771,33.5324,32.0188,32.7174,104039.5417318007,0
PCO,D,20220926,000000,32.1352,33.2219,31.8053,32.5815,109239.14833371592,0
PCO,D,20220927,000000,33.2413,33.3383,32.1158,32.6203,77687.99731202496,0
PCO,D,20220928,000000,31.9606,32.1935,30.9127,31.0097,439689.86522946804,0
PCO,D,20220929,000000,31.0097,31.3978,29.7096,29.7096,187149.76507607067,0
PCO,D,20220930,000000,30.0394,30.0976,28.2348,29.011,469187.97039367334,0
PCO,D,20221003,000000,29.011,29.011,27.478,28.6228,514147.8195106898,0
PCO,D,20221004,000000,28.6422,29.923,28.6422,29.205,402625.79137058294,0
PCO,D,20221005,000000,28.8945,30.2335,28.7199,29.8066,112200.19288620402,0
PCO,D,20221006,000000,30.0782,30.3887,28.8363,29.2244,211402.91523588615,0
PCO,D,20221007,000000,29.0886,29.2244,28.2542,28.6228,156242.76749862093,0
PCO,D,20221010,000000,28.1183,28.9916,27.9437,28.6034,128715.25655103842,0
PCO,D,20221011,000000,28.6228,29.1079,28.0019,28.9722,142789.75164633163,0
PCO,D,20221012,000000,28.9722,30.3693,28.9528,29.7872,228894.00019943484,0
PCO,D,20221013,000000,30.544,30.5828,29.205,29.5155,414973.95523530967,0
PCO,D,20221014,000000,30.8544,30.8544,29.5931,30.0782,269529.2607531934,0
PCO,D,20221017,000000,30.0782,30.9321,29.7096,30.6603,206564.03456274598,0
PCO,D,20221018,000000,31.0485,32.271,31.0485,31.6306,173548.33627022817,0
PCO,D,20221019,000000,32.2128,32.2128,30.0782,30.3499,168484.7748757367,0
PCO,D,20221020,000000,30.1947,30.7962,29.6707,30.7962,239149.95367726605,0
PCO,D,20221021,000000,30.1753,30.7768,29.4379,29.6707,135199.04745939295,0
PCO,D,20221024,000000,29.923,31.262,29.7678,30.7768,158687.45865020528,0
PCO,D,20221025,000000,31.8441,31.8441,30.1753,30.2335,85767.2274710762,0
PCO,D,20221026,000000,30.8156,31.8441,30.2529,31.5336,203732.85134461694,0
PCO,D,20221027,000000,31.3784,31.8247,30.7574,31.0873,210648.48272199082,0
PCO,D,20221028,000000,31.2232,32.5233,30.8738,31.9218,140895.42519750705,0
PCO,D,20221031,000000,31.9218,32.892,31.5724,32.5815,158625.6199195581,0
PCO,D,20221102,000000,33.086,35.2982,32.989,35.2207,489172.1868478133,0
PCO,D,20221103,000000,34.9296,34.9296,33.3771,33.3771,237918.33229187684,0
PCO,D,20221104,000000,33.7652,34.3668,33.4742,33.4742,171756.04372697137,0
PCO,D,20221107,000000,33.4936,34.5027,33.1054,33.8428,195032.14194256178,0
PCO,D,20221108,000000,33.8428,34.2116,33.3771,33.5518,67354.74542088482,0
PCO,D,20221109,000000,33.5906,33.9593,33.1442,33.3771,82077.51654246241,0
PCO,D,20221110,000000,33.3771,34.2504,32.9503,33.9593,291063.56805555546,0
PCO,D,20221114,000000,36.8701,40.4795,36.8506,37.8403,2600521.6608786313,0
PCO,D,20221115,000000,38.8106,40.1108,37.6269,38.8494,2273946.1711034346,0
PCO,D,20221116,000000,38.7718,39.1017,37.9568,38.3061,897735.5270060343,0
PCO,D,20221117,000000,39.0629,39.1017,37.6269,37.8403,657175.650270013,0
PCO,D,20221118,000000,37.8015,38.9271,37.4135,38.3838,705806.658696449,0
PCO,D,20221121,000000,39.7615,41.3722,38.6554,38.8106,1295096.7811075225,0
PCO,D,20221122,000000,39.1017,39.1017,37.7821,38.5777,842077.5774870594,0
PCO,D,20221123,000000,38.8494,39.5286,38.3061,38.733,890468.4455094823,0
PCO,D,20221124,000000,39.0823,39.1987,38.4225,38.8106,617479.3077765806,0
PCO,D,20221125,000000,39.6839,40.3631,38.8494,39.3734,1073975.9093504352,0
PCO,D,20221128,000000,39.6257,39.6257,37.4717,37.7821,1224120.3473617358,0
PCO,D,20221129,000000,37.7433,38.5583,36.4044,38.0926,1652319.5457914511,0
PCO,D,20221130,000000,38.7912,40.4795,38.4225,39.878,17422981.969487008,0
PCO,D,20221201,000000,39.1212,39.7809,37.5493,38.0732,1839726.9722452182,0
PCO,D,20221202,000000,38.7912,38.7912,36.3073,36.6761,918883.3422418516,0
PCO,D,20221205,000000,37.1612,37.7627,36.579,37.4717,418206.0595571345,0
PCO,D,20221206,000000,37.8209,38.3449,37.0253,38.2091,703638.1805417553,0
PCO,D,20221207,000000,38.4031,39.1017,37.7239,37.8015,414270.0243514429,0
PCO,D,20221208,000000,38.2091,38.5971,37.5687,38.2285,443125.0067169177,0
PCO,D,20221209,000000,38.4613,38.9853,37.7433,38.6942,884948.3081537128,0
PCO,D,20221212,000000,38.6942,38.7136,37.9568,38.1509,407040.0460932793,0
PCO,D,20221213,000000,38.6942,39.0047,37.7239,37.9956,1155972.0048975458,0
PCO,D,20221214,000000,38.5583,39.2763,38.112,38.3255,618688.2549607324,0
PCO,D,20221215,000000,38.7136,38.7136,36.8119,37.0059,425157.76352738583,0
PCO,D,20221216,000000,37.4523,37.5687,36.4432,37.1224,872739.2814329421,0
PCO,D,20221219,000000,37.1224,37.8403,36.9865,37.6075,258259.1520927488,0
PCO,D,20221220,000000,37.3552,38.2091,37.0641,38.2091,234173.99715119138,0
PCO,D,20221221,000000,38.2285,38.9853,37.9762,38.733,252733.8615094252,0
PCO,D,20221222,000000,38.9271,39.3928,38.5389,38.9077,317460.4608778058,0
PCO,D,20221223,000000,39.1017,39.2375,38.2673,38.5389,324517.29069015733,0
PCO,D,20221227,000000,38.9077,39.2181,38.3644,39.0047,104123.02401817436,0
PCO,D,20221228,000000,39.0629,39.8586,38.7136,39.0823,187205.41993365312,0
PCO,D,20221229,000000,39.1212,39.6645,38.6166,38.8106,209940.42925608085,0
PCO,D,20221230,000000,39.0047,39.0047,37.8986,38.3449,360227.09634786966,0
PCO,D,20230102,000000,38.8106,39.16,38.4613,39.0629,102248.27983405467,0
PCO,D,20230103,000000,39.1793,39.6257,38.7912,38.8494,988796.1498205073,0
PCO,D,20230104,000000,39.3734,39.4898,38.7136,38.9465,955067.2448345256,0
PCO,D,20230105,000000,39.2375,40.4989,39.2181,39.9168,1400315.3813036624,0
PCO,D,20230109,000000,40.6542,41.0616,39.9555,40.2854,644055.5329177076,0
PCO,D,20230110,000000,40.266,40.8482,40.0719,40.3242,820885.4444942784,0
PCO,D,20230111,000000,40.7511,40.9452,39.6063,39.9749,1037029.3290797799,0
PCO,D,20230112,000000,40.4601,41.1587,39.5868,40.169,1100256.339229967,0
PCO,D,20230113,000000,40.3825,40.7511,39.451,39.5868,475546.022549712,0
PCO,D,20230116,000000,39.5868,40.2854,39.5286,39.9168,205090.21148232208,0
PCO,D,20230117,000000,39.9168,40.9064,39.451,40.6154,341498.206125867,0
PCO,D,20230118,000000,39.2569,41.0422,39.0435,40.3242,6932330.926585134,0
PCO,D,20230119,000000,40.3048,40.7511,39.2181,39.6257,3197133.4889983283,0
PCO,D,20230120,000000,39.9943,40.7511,39.2957,39.3151,8354713.458920235,0
PCO,D,20230123,000000,39.8586,40.2078,38.9077,39.6839,1571971.4524160875,0
PCO,D,20230124,000000,39.9749,40.3242,39.0629,39.2569,1414216.7279531434,0
PCO,D,20230125,000000,39.2957,39.8391,38.8106,39.16,1115815.9945063028,0
PCO,D,20230126,000000,39.7809,39.7809,38.733,39.1793,951690.8501411907,0
PCO,D,20230127,000000,39.3928,39.9362,39.0435,39.5868,1559531.5611009006,0
PCO,D,20230130,000000,39.7809,40.3242,39.451,39.6645,1815085.2687278364,0
PCO,D,20230131,000000,39.6645,40.8676,39.548,40.6348,1631171.7305556338,0
PCO,D,20230201,000000,40.5571,41.6826,40.5377,40.7899,1301135.3331552176,0
PCO,D,20230202,000000,41.3333,42.3035,41.1587,41.7214,982037.1765607728,0
PCO,D,20230203,000000,41.9155,42.5752,41.5273,42.0707,1620244.8268502809,0
PCO,D,20230206,000000,42.0707,43.1768,41.5079,42.0902,672862.0749441755,0
PCO,D,20230207,000000,42.0707,42.3618,41.5273,42.1678,1169923.8531770555,0
PCO,D,20230208,000000,42.5558,43.3515,42.2066,42.4588,851356.4790206656,0
PCO,D,20230209,000000,42.8275,42.8275,41.7214,41.9931,501313.1909648721,0
PCO,D,20230210,000000,42.2066,42.2066,40.8482,41.3333,1079022.9804167543,0
PCO,D,20230213,000000,41.2945,42.3618,41.2557,41.8184,641562.4014271162,0
PCO,D,20230214,000000,42.0513,42.2841,41.1393,41.3916,475842.8484568184,0
PCO,D,20230215,000000,41.605,42.3618,40.7511,42.1096,1107891.3611738696,0
PCO,D,20230216,000000,42.5364,42.6529,41.9543,42.2841,305059.734092029,0
PCO,D,20230217,000000,42.6723,42.6723,41.6632,42.3229,457602.48420692823,0
PCO,D,20230220,000000,42.2066,42.5364,42.0125,42.2841,309854.2970082053,0
PCO,D,20230221,000000,42.3812,42.4006,41.2363,41.4886,445807.7769814936,0
PCO,D,20230222,000000,41.3528,42.0319,41.1199,41.702,422684.21430149954,0
PCO,D,20230223,000000,42.0707,42.2648,41.8573,42.0513,446789.9821532726,0
PCO,D,20230224,000000,42.42,42.42,41.6438,42.2066,474757.57873396075,0
PCO,D,20230227,000000,42.2066,43.138,41.8379,42.6917,548588.9005446245,0
PCO,D,20230228,000000,43.0216,43.3515,42.0707,42.7499,2340153.8080708147,0
PCO,D,20230301,000000,42.847,42.847,42.0513,42.5947,377526.4812464122,0
PCO,D,20230302,000000,42.6917,42.6917,41.3722,41.5079,266105.4563663624,0
PCO,D,20230303,000000,41.702,41.7602,41.4692,41.5661,414443.1727972549,0
PCO,D,20230306,000000,42.129,42.7693,41.8184,42.226,393657.11413572344,0
PCO,D,20230307,000000,42.6917,42.7305,41.9349,42.1678,321638.6977785321,0
PCO,D,20230308,000000,42.6529,42.6529,41.9543,42.1096,220432.40055588202,0
PCO,D,20230309,000000,42.1096,42.1096,41.3528,41.4886,349021.91835460457,0
PCO,D,20230310,000000,41.1393,41.1393,40.1884,40.887,537783.6130095446,0
PCO,D,20230313,000000,41.0422,41.1393,39.4122,39.8586,768451.3541330419,0
PCO,D,20230314,000000,39.8974,41.1975,39.7809,40.887,1033893.0747904582,0
PCO,D,20230315,000000,41.081,41.081,39.9168,40.0719,1456728.7939820434,0
PCO,D,20230316,000000,39.8974,40.4407,38.7718,39.9749,721325.0881523534,0
PCO,D,20230317,000000,39.9362,40.4601,38.5583,38.9465,789543.514511277,0
PCO,D,20230320,000000,38.2285,39.2181,37.6463,39.1987,560331.0448490091,0
PCO,D,20230321,000000,39.0241,40.266,39.0241,39.7809,328619.25982308545,0
PCO,D,20230322,000000,40.2272,40.4019,39.8197,40.169,275193.68848047307,0
PCO,D,20230323,000000,40.6542,40.8482,39.9555,40.5571,455388.65764975996,0
PCO,D,20230324,000000,40.266,40.7511,39.6257,40.1108,549710.2428603597,0
PCO,D,20230327,000000,41.0422,41.0422,39.9749,40.0719,213177.68680545958,0
PCO,D,20230328,000000,39.878,40.9646,39.548,40.0137,734511.1668173491,0
PCO,D,20230329,000000,40.9064,40.9452,39.9749,40.4407,593806.4110393375,0
PCO,D,20230330,000000,40.0719,41.1781,40.0719,40.6154,648056.4987905788,0
PCO,D,20230331,000000,41.1005,41.1005,40.0913,40.266,491944.62327182764,0
PCO,D,20230403,000000,40.6542,41.0034,39.9943,40.0331,206255.871555021,0
PCO,D,20230404,000000,40.5183,40.5183,39.0823,39.6839,167713.85203366878,0
PCO,D,20230405,000000,40.1884,40.1884,38.8689,38.9659,262675.46810646664,0
PCO,D,20230406,000000,39.2957,39.2957,38.7524,38.8494,171521.05655051218,0
PCO,D,20230411,000000,39.1793,39.9943,38.8106,39.1017,311137.45066913386,0
PCO,D,20230412,000000,39.9555,39.9555,39.1987,39.6063,790121.7066428278,0
PCO,D,20230413,000000,40.0525,40.0525,39.4122,39.4122,484377.623931637,0
PCO,D,20230414,000000,39.4898,39.8586,38.3255,38.5971,379242.5060218708,0
PCO,D,20230417,000000,39.0047,39.0047,37.7627,38.4613,438573.67614128685,0
PCO,D,20230418,000000,38.6166,39.4316,38.2673,38.9659,435250.8750145129,0
PCO,D,20230419,000000,38.733,38.9465,38.3061,38.5001,293532.99469939864,0
PCO,D,20230420,000000,39.0241,39.7033,38.9853,39.0823,713094.3531032167,0
PCO,D,20230421,000000,38.8106,39.6451,38.8106,39.1987,927225.3870061532,0
PCO,D,20230424,000000,39.5868,39.6645,38.8883,39.3734,165079.52210809986,0
PCO,D,20230425,000000,39.5674,39.7227,39.1017,39.1017,296434.26181226113,0
PCO,D,20230426,000000,39.548,39.5674,38.6554,38.7524,589994.0532949402,0
PCO,D,20230427,000000,38.9077,39.1212,38.6554,38.8106,568921.4751814102,0
PCO,D,20230428,000000,39.1017,39.1987,38.5195,38.6942,594133.1256662568,0
PCO,D,20230502,000000,39.16,39.2957,38.3449,38.5001,310355.19072644727,0
PCO,D,20230504,000000,39.1793,39.4316,38.0926,38.1509,335443.1637499994,0
PCO,D,20230505,000000,38.1509,38.9077,38.015,38.6166,434846.8619742848,0
PCO,D,20230508,000000,39.0047,39.0047,38.3644,38.4613,151899.62731616883,0
PCO,D,20230509,000000,38.3255,39.16,38.2285,39.0047,334543.41021908325,0
PCO,D,20230510,000000,39.1017,39.1987,38.5195,38.9077,703505.2272708641,0
PCO,D,20230511,000000,39.1017,39.2375,38.6166,38.6942,277501.3037791228,0
PCO,D,20230512,000000,38.6942,39.3345,38.4419,38.83,655710.0723536754,0
PCO,D,20230515,000000,39.1987,40.0137,38.6554,38.7718,798765.7305417898,0
PCO,D,20230516,000000,38.8106,40.4213,38.6166,39.7809,688986.523960422,0
PCO,D,20230517,000000,40.1496,40.1496,39.1017,39.1793,126361.26220440326,0
PCO,D,20230518,000000,39.548,39.7033,39.1406,39.1793,163269.7085911597,0
PCO,D,20230519,000000,39.7809,40.7899,39.2569,40.6542,419542.8067846239,0
PCO,D,20230522,000000,40.7511,41.8767,40.5571,41.5273,733465.0616239014,0
PCO,D,20230523,000000,41.702,41.9931,40.4989,40.5183,247780.5791845878,0
PCO,D,20230524,000000,40.5571,40.8287,39.9362,40.0137,294958.3774408157,0
PCO,D,20230525,000000,40.6736,40.6736,39.0241,39.0435,185742.93395384782,0
PCO,D,20230526,000000,39.4898,39.8586,39.0823,39.6839,168375.52645159338,0
PCO,D,20230529,000000,40.0719,40.3048,39.5092,40.0913,113476.13202855704,0
PCO,D,20230530,000000,40.0137,40.0137,39.2569,39.4898,250197.4429073809,0
PCO,D,20230531,000000,39.3928,39.3928,38.4807,38.8106,941603.9225271284,0
PCO,D,20230601,000000,38.83,39.878,38.4419,39.3734,238776.86000236156,0
PCO,D,20230602,000000,39.9749,40.1884,39.5286,40.0719,378479.8283438892,0
PCO,D,20230605,000000,40.2466,41.1393,40.0719,40.6154,380923.48884996277,0
PCO,D,20230606,000000,39.7809,40.1496,38.2479,39.5092,1721111.0110543715,0
PCO,D,20230607,000000,39.3928,39.6839,38.83,38.9077,643033.1325710078,0
PCO,D,20230609,000000,39.5868,39.5868,37.3941,37.3941,757468.7955701067,0
PCO,D,20230612,000000,37.3552,37.6463,36.5208,36.9671,463063.87476858316,0
PCO,D,20230613,000000,37.0641,37.2776,35.764,36.0938,500407.2535608912,0
PCO,D,20230614,000000,35.9969,37.0641,35.9969,36.579,389363.44493778906,0
PCO,D,20230615,000000,36.8701,37.3747,36.5402,36.7537,406456.7007341744,0
PCO,D,20230616,000000,37.0059,38.112,37.0059,37.5105,1538006.5296081356,0
PCO,D,20230619,000000,38.015,38.015,37.2776,37.4523,160210.75271514693,0
PCO,D,20230620,000000,37.3164,38.0344,37.297,37.8403,428472.31949007354,0
PCO,D,20230621,000000,37.9374,38.0926,37.2776,37.2776,235146.92651337336,0
PCO,D,20230622,000000,37.2388,37.2388,36.482,36.482,445264.6267973094,0
PCO,D,20230623,000000,36.5402,36.6373,35.4923,35.4923,281100.3179027875,0
PCO,D,20230626,000000,35.4923,36.2879,35.4923,35.9387,279060.6704369421,0
PCO,D,20230627,000000,36.0744,36.2879,35.667,35.8999,466294.94844489713,0
PCO,D,20230628,000000,36.1327,36.385,35.8028,36.1521,350563.76403874037,0
PCO,D,20230629,000000,35.9581,36.2491,35.8028,35.8805,239248.8956463015,0
PCO,D,20230630,000000,35.8999,36.2297,35.6281,35.7252,462318.7180642848,0
PCO,D,20230703,000000,35.6281,36.2491,35.2207,35.9775,744328.0653075856,0
PCO,D,20230704,000000,35.9775,36.1909,35.5311,35.7446,323725.7549378737,0
PCO,D,20230705,000000,35.5117,35.764,34.9684,35.3176,353918.5151763487,0
PCO,D,20230706,000000,35.1042,35.2013,34.8325,35.1236,412516.89633759594,0
PCO,D,20230707,000000,35.1431,35.4147,34.7743,34.7743,302035.8201633829,0
PCO,D,20230710,000000,34.7355,34.9878,34.5608,34.7355,450232.33815929777,0
PCO,D,20230711,000000,35.2595,35.4147,34.8325,34.9296,487781.84605376306,0
PCO,D,20230712,000000,34.8325,35.6087,34.7355,35.3176,1313116.5872181046,0
PCO,D,20230713,000000,35.861,35.8805,34.0563,34.2892,1449164.886578385,0
PCO,D,20230714,000000,34.2504,34.8713,34.2504,34.5027,631066.307545272,0
PCO,D,20230717,000000,34.4445,34.7355,33.804,33.8622,621619.4107934078,0
PCO,D,20230718,000000,33.9593,34.5027,33.9205,34.4833,375235.35627593496,0
PCO,D,20230719,000000,34.7355,34.8908,34.4251,34.4251,180681.43385037789,0
PCO,D,20230720,000000,34.6385,34.6579,33.7652,33.7652,214410.33883635962,0
PCO,D,20230721,000000,33.7652,34.4251,33.5518,34.2504,650407.4012006816,0
PCO,D,20230724,000000,34.3474,35.0654,34.328,34.5608,467145.23099129554,0
PCO,D,20230725,000000,34.9296,34.949,34.4445,34.4445,255734.07059132314,0
PCO,D,20230726,000000,34.4445,34.5802,33.7652,33.9011,266290.97255830385,0
PCO,D,20230727,000000,33.7846,33.8622,32.8144,33.1831,601400.2071628086,0
PCO,D,20230728,000000,32.9503,33.2801,32.5039,33.1248,423643.7452720413,0
PCO,D,20230731,000000,33.1248,33.9593,32.989,33.513,452491.51311894064,0
PCO,D,20230801,000000,33.4742,33.8816,33.0278,33.8428,567918.6570994155,0
PCO,D,20230802,000000,33.9593,33.9593,32.8338,32.8338,469360.0881939746,0
PCO,D,20230803,000000,32.795,33.1054,32.5039,32.7756,413650.6063994605,0
PCO,D,20230804,000000,32.9115,33.2413,32.5427,32.795,375175.57883630943,0
PCO,D,20230807,000000,32.7174,32.9697,32.6397,32.795,216512.85567836298,0
PCO,D,20230808,000000,32.6009,32.7368,31.9023,32.0382,286325.69064247236,0
PCO,D,20230809,000000,32.0188,32.4845,31.8053,31.9412,233827.7002595673,0
PCO,D,20230810,000000,32.0188,32.3874,31.4173,32.0382,666966.7826224797,0
PCO,D,20230811,000000,31.8247,32.1352,31.553,31.553,272942.7586849165,0
PCO,D,20230814,000000,31.456,31.7471,31.1067,31.6889,189887.1595527182,0
PCO,D,20230816,000000,31.2426,32.2128,30.7186,30.9515,798736.8724674878,0
PCO,D,20230817,000000,30.9709,31.3396,30.3693,30.544,336843.81099915755,0
PCO,D,20230818,000000,30.5246,31.0097,30.3499,30.4276,260816.18360500876,0
PCO,D,20230821,000000,30.4664,30.7768,29.8841,30.0588,215924.35709170418,0
PCO,D,20230822,000000,29.6902,30.2917,29.205,29.9812,625138.0345672311,0
PCO,D,20230823,000000,29.9424,30.4664,29.9424,30.1947,267196.9099622847,0
PCO,D,20230824,000000,30.544,31.1844,30.4664,30.9709,526839.1883305083,0
PCO,D,20230825,000000,30.9709,31.2814,30.3111,30.447,325877.7427643948,0
PCO,D,20230828,000000,31.0679,31.0679,30.1947,30.6992,330101.3280675957,0
PCO,D,20230829,000000,31.359,32.1352,30.9515,31.6112,666600.9034661507,0
PCO,D,20230830,000000,31.65,31.98,30.6798,31.0873,425078.4038230553,0
PCO,D,20230831,000000,31.1455,31.65,31.1455,31.3978,1635971.4466993639,0
PCO,D,20230901,000000,31.553,32.2128,31.262,31.7277,228013.82893322365,0
PCO,D,20230904,000000,32.0382,32.4069,31.1067,31.7277,380554.5177571014,0
PCO,D,20230905,000000,31.9218,32.3098,31.553,31.9412,837778.7550615711,0
PCO,D,20230906,000000,32.2516,32.2516,30.9321,31.3396,602268.0106828904,0
PCO,D,20230907,000000,31.3396,31.4366,30.02,30.4664,471838.79064741486,0
PCO,D,20230908,000000,31.2426,31.2426,29.923,30.02,576306.0502661918,0
PCO,D,20230911,000000,30.6022,30.6022,29.5931,29.7872,352018.00485445943,0
PCO,D,20230912,000000,29.3602,29.3602,27.4586,27.6525,2044047.291530983,0
PCO,D,20230913,000000,27.5749,27.9631,27.0316,27.0704,998085.3578092213,0
PCO,D,20230914,000000,27.148,27.3421,26.3912,26.4883,1041795.0339216542,0
PCO,D,20230915,000000,26.5271,26.8569,26.236,26.4495,1666605.3232164553,0
PCO,D,20230918,000000,26.5853,26.7212,25.6344,25.9644,720354.2200811931,0
PCO,D,20230919,000000,26.1583,26.1583,24.9164,25.0523,1077507.931515899,0
PCO,D,20230920,000000,25.0523,25.9449,25.0329,25.615,549825.6751575677,0
PCO,D,20230921,000000,25.7121,25.7315,25.2657,25.3627,359929.2397952525,0
PCO,D,20230922,000000,25.3239,25.9838,25.0911,25.3433,1448420.7605195977,0
PCO,D,20230925,000000,25.4403,25.5568,24.7806,25.2463,564581.4269354906,0
PCO,D,20230926,000000,25.2463,25.5374,24.9553,25.3433,738291.5745509121,0
PCO,D,20230927,000000,25.4792,25.8091,25.2269,25.4598,681354.593953052,0
PCO,D,20230928,000000,25.0135,25.0135,19.4441,20.1815,11077932.437212426,0
PCO,D,20230929,000000,20.3756,20.7443,19.3083,19.6382,5022488.109595637,0
PCO,D,20231002,000000,19.9486,20.298,19.3471,19.6382,2261399.092655126,0
PCO,D,20231003,000000,19.7352,19.7741,17.882,18.144,3746731.391498012,0
PCO,D,20231004,000000,17.8141,18.7164,17.7364,17.9596,2694273.2991217664,0
PCO,D,20231005,000000,18.1052,18.9202,17.426,18.435,4033731.1243045386,0
PCO,D,20231006,000000,18.6291,19.0172,17.9111,17.9305,1915062.0058561189,0
PCO,D,20231009,000000,17.9402,18.047,17.2804,17.4551,1772406.2381261894,0
PCO,D,20231010,000000,17.5618,18.8134,17.4841,18.4448,3054224.1824727454,0
PCO,D,20231011,000000,18.5321,18.7358,17.979,18.4642,4096695.3198494753,0
PCO,D,20231012,000000,19.221,21.2489,18.9687,20.7054,6766359.896110205,0
PCO,D,20231013,000000,20.8607,21.4817,20.2203,20.8413,2825604.3339791796,0
PCO,D,20231016,000000,21.3652,21.5399,20.2398,21.2489,2167965.9238748234,0
PCO,D,20231017,000000,21.2683,22.7625,20.9966,22.6848,2923602.231726753,0
PCO,D,20231018,000000,22.8013,23.2476,20.6278,20.9771,7018083.72501906,0
PCO,D,20231019,000000,20.5696,20.6666,18.047,18.1634,7060786.460467455,0
PCO,D,20231020,000000,17.8723,18.2409,16.4945,16.6012,5290445.635944881,0
PCO,D,20231023,000000,16.6401,17.3386,16.6206,16.8535,1574811.9114438135,0
PCO,D,20231024,000000,16.9796,17.9014,16.9796,17.0767,2454848.1630931203,0
PCO,D,20231025,000000,17.0767,17.329,16.7759,16.9796,1000934.0620010337,0
PCO,D,20231026,000000,16.9796,17.3872,16.6401,17.0863,1575167.4841450348,0
PCO,D,20231027,000000,17.0476,17.4647,16.9796,17.1446,990255.5438637801,0
PCO,D,20231030,000000,17.4454,17.4551,16.6206,16.7759,2601204.9788522823,0
PCO,D,20231031,000000,16.4945,16.7371,15.9415,16.543,1934556.6656926353,0
PCO,D,20231102,000000,17.0476,17.3872,16.8535,17.3192,1949171.2190355805,0
PCO,D,20231103,000000,17.3192,17.6686,17.1251,17.3774,1563928.2948499138,0
PCO,D,20231106,000000,17.6298,18.1052,17.3192,17.9402,1284925.3405615757,0
PCO,D,20231107,000000,17.7559,18.4544,17.6686,18.076,990928.5553823235,0
PCO,D,20231108,000000,18.076,18.144,17.5618,17.7462,599701.7033610333,0
PCO,D,20231109,000000,17.6394,18.047,17.2319,17.7559,1399003.3695684317,0
PCO,D,20231110,000000,17.8044,18.0178,17.426,17.6588,694106.7708580068,0
PCO,D,20231113,000000,17.6588,17.8529,17.3872,17.62,777905.4654034817,0
PCO,D,20231114,000000,17.8529,18.5321,17.6492,18.435,2032466.958571792,0
PCO,D,20231115,000000,18.6291,19.4829,18.5806,18.9493,2925865.5292684385,0
PCO,D,20231116,000000,19.1045,19.1142,18.2604,18.7844,1623094.561687604,0
PCO,D,20231117,000000,19.0172,19.1142,18.4448,18.794,950459.2287558015,0
PCO,D,20231120,000000,20.1815,20.9383,19.5412,20.6666,5216167.013982536,0
PCO,D,20231121,000000,20.7443,21.1324,19.9875,20.2592,1903956.8004774,0
PCO,D,20231122,000000,20.2592,20.8219,19.9098,20.3756,1881071.3169103975,0
PCO,D,20231123,000000,20.395,20.8995,20.1233,20.4532,1310028.7732677897,0
PCO,D,20231124,000000,20.7443,21.8116,20.6666,21.6563,3049068.893627794,0
PCO,D,20231127,000000,21.6757,21.831,21.2489,21.2877,1334033.5378595057,0
PCO,D,20231128,000000,21.3458,22.1802,21.0548,21.8698,1984509.99230941,0
PCO,D,20231129,000000,21.9474,22.3549,21.5787,21.831,1843380.6105809545,0
PCO,D,20231130,000000,21.831,22.4131,21.5011,22.0251,4110976.9746924364,0
PCO,D,20231201,000000,22.0445,22.6848,21.5593,22.5296,2096443.2480083203,0
PCO,D,20231204,000000,22.6848,23.364,22.4131,23.2087,1843911.3930190094,0
PCO,D,20231205,000000,23.2864,24.1014,23.2282,23.7909,2985080.236445136,0
PCO,D,20231206,000000,24.1014,24.1596,23.4028,23.9656,1936964.2536058316,0
PCO,D,20231207,000000,23.9656,24.1014,23.461,23.8685,1033747.7537734373,0
PCO,D,20231208,000000,23.9073,24.5671,23.461,23.7715,1469558.2693003071,0
PCO,D,20231211,000000,23.9267,24.1984,23.3058,23.6938,622541.8385255613,0
PCO,D,20231212,000000,22.3355,23.461,21.4428,23.0923,4118475.951428915,0
PCO,D,20231213,000000,23.0147,23.7909,22.549,22.7237,1600460.5556252333,0
PCO,D,20231214,000000,23.267,24.0626,23.0535,23.6744,1506172.9817164894,0
PCO,D,20231215,000000,23.8685,25.8479,23.7715,25.3239,5707170.657903017,0
PCO,D,20231218,000000,25.4209,26.3136,25.3433,25.4792,3043067.444818487,0
PCO,D,20231219,000000,25.6926,26.2748,25.3433,26.0419,1517318.382270129,0
PCO,D,20231220,000000,26.0419,26.7406,25.2463,25.6344,1256624.8454809038,0
PCO,D,20231221,000000,25.3627,25.8285,24.9941,25.1299,835071.2493047365,0
PCO,D,20231222,000000,25.2463,25.4015,24.6447,24.6641,704821.3615881377,0
PCO,D,20231227,000000,24.6835,25.7121,24.6835,25.3433,950002.6527945233,0
PCO,D,20231228,000000,25.5956,25.6538,24.8582,25.0135,480901.25662375597,0
PCO,D,20231229,000000,24.9941,25.4015,24.8388,25.2851,309239.0016382661,0
PCO,D,20240102,000000,25.518,25.615,24.5283,24.7612,674162.7495787875,0
PCO,D,20240103,000000,24.7806,24.9358,23.4028,23.9073,1165656.9807624016,0
PCO,D,20240104,000000,23.6938,24.1984,23.2087,23.4028,1039061.7620270498,0
PCO,D,20240105,000000,23.1893,23.7327,22.5102,23.5775,1152026.6938822572,0
PCO,D,20240108,000000,23.2864,23.9656,23.0729,23.4999,1176975.5297618532,0
PCO,D,20240109,000000,24.0432,24.1984,23.4805,23.5775,493340.11729343183,0
PCO,D,20240110,000000,23.5775,23.7521,23.364,23.4805,891270.2877168739,0
PCO,D,20240111,000000,23.4999,24.3925,23.4999,23.8103,840195.6187843642,0
PCO,D,20240112,000000,23.8297,24.4119,23.3834,23.4028,1248277.647489048,0
PCO,D,20240115,000000,23.4028,24.0044,22.9759,23.6551,616021.9750243291,0
PCO,D,20240116,000000,23.2864,23.5581,22.5684,22.6848,1041691.9693705756,0
PCO,D,20240117,000000,22.5102,22.7431,21.3458,22.0833,1579503.4098089114,0
PCO,D,20240118,000000,22.4131,23.267,22.3549,22.5684,1208730.7485946796,0
PCO,D,20240119,000000,22.7237,22.9564,22.0251,22.5296,1093709.6789454545,0
PCO,D,20240122,000000,22.6072,22.937,21.6369,21.8892,575409.388671808,0
PCO,D,20240123,000000,21.8504,21.8504,20.9383,21.3265,702146.8364876482,0
PCO,D,20240124,000000,21.2683,21.7922,20.9577,21.4622,1112861.1338268793,0
PCO,D,20240125,000000,21.4622,21.5787,20.9966,20.9966,458981.4879003599,0
PCO,D,20240126,000000,20.9577,21.1906,20.7637,20.9383,514404.4502428755,0
PCO,D,20240129,000000,20.9577,21.1518,20.5115,20.8025,486716.1585956104,0
PCO,D,20240130,000000,20.8025,21.5011,20.7831,21.0548,717146.8512516271,0
PCO,D,20240131,000000,20.9383,21.5593,20.7637,21.3458,476511.73739331844,0
PCO,D,20240201,000000,21.1518,22.1802,21.1324,21.734,1456502.0519696702,0
PCO,D,20240202,000000,22.0833,22.6072,21.6757,22.1414,1380019.9099052649,0
PCO,D,20240205,000000,22.2967,22.5296,21.3652,21.4234,1005101.9924466521,0
PCO,D,20240206,000000,21.5011,21.8116,21.0936,21.4234,668370.5218081702,0
PCO,D,20240207,000000,21.4817,22.0251,21.4234,21.831,761758.3421859979,0
PCO,D,20240208,000000,21.9086,22.122,21.6369,21.7145,642920.7922103322,0
PCO,D,20240209,000000,21.7922,22.0445,21.6175,21.7534,358445.1102597207,0
PCO,D,20240212,000000,21.8116,22.3937,21.6757,22.1027,661618.7630670113,0
PCO,D,20240213,000000,22.2385,22.2579,19.9875,19.9875,3304951.3771726703,0
PCO,D,20240214,000000,20.2592,20.7054,19.9098,20.7054,1998319.6115084311,0
PCO,D,20240215,000000,21.016,21.1324,20.589,20.9966,652747.9971556765,0
PCO,D,20240216,000000,20.9966,21.2489,20.589,20.9189,614317.2873494892,0
PCO,D,20240219,000000,20.8995,21.1712,20.6472,21.016,462681.50528408156,0
PCO,D,20240220,000000,20.9966,21.2489,20.7054,21.1518,648555.3312177991,0
PCO,D,20240221,000000,21.2294,21.3652,20.6084,20.6278,848709.7813489671,0
PCO,D,20240222,000000,20.9189,21.3846,20.4921,21.3071,1514426.3909668634,0
PCO,D,20240223,000000,21.3265,21.9863,21.2683,21.4428,1672091.449270369,0
PCO,D,20240226,000000,21.4428,21.6951,20.7637,21.1324,994679.0743960736,0
PCO,D,20240227,000000,21.1324,21.8698,20.9577,21.1712,1069776.0288939828,0
PCO,D,20240228,000000,20.3756,20.8607,19.5606,19.6964,3051351.773434185,0
PCO,D,20240229,000000,19.7547,20.1621,19.3859,19.4247,1671816.2669189894,0
PCO,D,20240301,000000,19.8128,19.8128,19.0269,19.4053,1115796.4122415977,0
PCO,D,20240304,000000,19.4053,19.7158,18.076,18.3574,2159577.5000625364,0
PCO,D,20240305,000000,18.2895,18.4544,17.882,18.047,1364024.2915778665,0
PCO,D,20240306,000000,18.1246,18.5612,17.9111,18.047,1145043.039901171,0
PCO,D,20240307,000000,18.047,18.5321,17.7268,18.2507,1228691.2602020716,0
PCO,D,20240308,000000,18.2507,18.338,17.7753,18.0178,1334633.373546783,0
PCO,D,20240311,000000,17.9499,18.2507,17.9499,18.2022,979355.4369417077,0
PCO,D,20240312,000000,18.2409,18.9881,18.1925,18.435,1418085.771200634,0
PCO,D,20240313,000000,18.4642,18.9299,18.3866,18.503,785348.7872823781,0
PCO,D,20240314,000000,18.5418,18.7455,17.7753,17.8431,1367315.1426938062,0
PCO,D,20240315,000000,17.7947,18.0082,17.329,17.4551,3891951.405258777,0
PCO,D,20240318,000000,17.6103,17.8335,16.7177,16.7662,2106038.5577137377,0
PCO,D,20240319,000000,16.7856,16.9408,16.4557,16.805,1908383.4229462256,0
PCO,D,20240320,000000,16.902,17.7753,16.7856,17.4841,2308024.4649175727,0
PCO,D,20240321,000000,18.2216,19.0172,18.0178,18.5806,3552092.956140571,0
PCO,D,20240322,000000,18.6776,18.9202,18.2798,18.3283,1789362.4180696402,0
PCO,D,20240325,000000,18.2119,18.2313,16.9118,17.0573,3089648.4993239697,0
PCO,D,20240326,000000,17.1155,17.5909,16.8341,17.4647,1489803.2390686758,0
PCO,D,20240327,000000,17.6298,17.7753,16.9312,17.3096,1358248.5541354222,0
PCO,D,20240328,000000,17.3678,17.6686,17.1057,17.4647,1578201.7045287886,0
PCO,D,20240402,000000,17.4647,17.6588,17.0427,17.1737,1492076.8430654698,0
PCO,D,20240403,000000,17.1737,17.4987,17.0961,17.1931,1111897.4802742945,0
PCO,D,20240404,000000,17.2028,17.4405,17.0088,17.3144,730521.5380450967,0
PCO,D,20240405,000000,17.1931,17.4647,16.7662,16.9312,1596800.7334164323,0
PCO,D,20240408,000000,16.9796,17.3484,16.8972,17.3192,842749.558360092,0
PCO,D,20240409,000000,17.3678,18.2265,17.2125,17.6055,2142112.1812367574,0
PCO,D,20240410,000000,17.9402,17.979,17.3726,17.7074,1539343.2768356253,0
PCO,D,20240411,000000,17.979,18.6631,17.8723,18.2653,2011795.3015619577,0
PCO,D,20240412,000000,18.4156,18.794,18.013,18.5321,2350057.280783957,0
PCO,D,20240415,000000,18.6291,19.7255,18.0372,18.959,2546456.058673821,0
PCO,D,20240416,000000,18.6291,19.0172,18.1925,18.435,2297542.800072879,0
PCO,D,20240417,000000,18.3526,18.6049,18.013,18.1973,1711825.925647701,0
PCO,D,20240418,000000,18.3768,18.7358,17.9984,18.3186,1269223.4562047515,0
PCO,D,20240419,000000,18.1925,18.5951,18.0566,18.5757,1204889.5327759804,0
PCO,D,20240422,000000,18.7067,19.7255,18.6873,19.6673,2170945.520046506,0
PCO,D,20240423,000000,19.8904,20.2203,19.5218,19.7741,1609984.7507904065,0
PCO,D,20240424,000000,20.0748,20.2009,19.1676,19.3471,1653544.9833037755,0
PCO,D,20240425,000000,19.3471,19.6964,18.5855,18.7844,1309267.1262353188,0
PCO,D,20240426,000000,18.9979,19.1142,18.2895,18.7116,1508868.1197271948,0
PCO,D,20240429,000000,18.8038,19.0123,18.2604,18.9202,1364253.0948812612,0
PCO,D,20240430,000000,18.9008,18.9493,18.4254,18.7164,1604098.7342783078,0
PCO,D,20240502,000000,18.6873,18.7989,18.2071,18.5563,904195.6130676408,0
PCO,D,20240506,000000,18.6776,19.1773,18.3623,19.0948,1426706.0902528479,0
PCO,D,20240507,000000,19.1142,19.3811,18.7261,18.9687,1290403.221451403,0
PCO,D,20240508,000000,18.9833,18.9929,18.4544,18.7552,1270913.7148424403,0
PCO,D,20240509,000000,18.7552,19.2112,18.5951,19.1918,1389396.7227623959,0
PCO,D,20240510,000000,19.4053,20.8219,19.4053,20.1912,4889348.291866793,0
PCO,D,20240513,000000,20.7346,20.9383,20.0263,20.4241,1847322.8296597106,0
PCO,D,20240514,000000,20.4241,20.9093,20.2398,20.7831,1613814.629508487,0
PCO,D,20240515,000000,20.3756,20.9577,19.9098,20.1233,3235111.7454252806,0
PCO,D,20240516,000000,20.1912,20.5987,19.9196,20.5987,1592200.9625017946,0
PCO,D,20240517,000000,20.5696,20.7734,20.3562,20.6666,944593.8251539185,0
PCO,D,20240520,000000,20.7152,21.1324,20.3756,20.948,1147169.2615899227,0
PCO,D,20240521,000000,20.8122,20.9287,20.4241,20.8219,1455979.514695702,0
PCO,D,20240522,000000,20.8995,21.2683,20.7443,21.2683,1829038.147652857,0
PCO,D,20240523,000000,21.3071,21.6563,20.6182,21.3071,1995214.276584433,0
PCO,D,20240524,000000,23.2864,25.0425,22.9176,24.7418,12450322.478401342,0
PCO,D,20240527,000000,24.9261,24.9358,23.5969,23.82,2131018.3129586573,0
PCO,D,20240528,000000,23.82,24.4022,23.461,23.7521,1690543.0958499704,0
PCO,D,20240529,000000,23.5581,23.9947,23.0438,23.723,1962408.8299761156,0
PCO,D,20240531,000000,23.3154,23.6842,22.7333,23.5872,18390108.79744324,0
PCO,D,20240603,000000,23.8491,24.5477,23.6938,23.8685,1914215.8458917635,0
PCO,D,20240604,000000,23.9656,24.1014,22.8982,23.0535,1266867.4005670948,0
PCO,D,20240605,000000,23.0923,23.2476,22.549,22.5684,1101206.5943909115,0
PCO,D,20240606,000000,22.7042,23.364,22.7042,23.3348,1023654.6422863103,0
PCO,D,20240607,000000,23.3543,23.3834,22.8109,23.0923,1001193.7846697517,0
PCO,D,20240610,000000,23.2766,23.2766,22.549,23.1117,618100.7870195846,0
PCO,D,20240611,000000,23.1893,23.3348,22.8013,23.2379,508724.562832934,0
PCO,D,20240612,000000,23.3931,23.6938,23.0147,23.4125,1067698.247544238,0
PCO,D,20240613,000000,23.4125,23.6066,22.549,22.549,823215.7339941653,0
PCO,D,20240614,000000,22.5586,22.7431,22.0347,22.4131,1044034.6266165922,0
PCO,D,20240617,000000,22.3258,22.7819,22.2385,22.6945,650385.757644955,0
PCO,D,20240618,000000,22.8013,22.9759,21.2973,21.3071,1916470.8982693632,0
PCO,D,20240619,000000,21.4428,21.6079,20.9189,20.9771,1035565.8124544638,0
PCO,D,20240620,000000,20.9966,21.3944,20.7637,20.9771,927012.0433854206,0
PCO,D,20240621,000000,21.0548,21.5399,20.8316,21.3652,1750877.084051381,0
PCO,D,20240624,000000,21.5302,21.8406,21.404,21.6855,734197.8505820702,0
PCO,D,20240625,000000,21.6563,22.0735,21.4622,21.5884,1100586.1457934184,0
PCO,D,20240626,000000,21.5399,21.831,21.0644,21.0742,1131048.9351557195,0
PCO,D,20240627,000000,21.1324,21.1615,20.5017,20.6958,1558995.6254352923,0
PCO,D,20240628,000000,20.8316,20.8995,20.2398,20.3368,1746462.8293286848,0
PCO,D,20240701,000000,20.4629,20.6958,20.23,20.2786,669555.7641455741,0
PCO,D,20240702,000000,20.23,20.2882,19.8031,19.9778,1019453.7311843467,0
PCO,D,20240703,000000,20.1039,20.5405,19.8516,20.2398,703155.8384427076,0
PCO,D,20240704,000000,20.2494,20.4921,19.9584,20.4629,611082.091091132,0
PCO,D,20240705,000000,20.5696,20.8705,20.0942,20.1525,1053910.2719009435,0
PCO,D,20240708,000000,20.3076,20.4823,19.6673,20.327,885222.4598595818,0
PCO,D,20240709,000000,20.4532,20.4532,19.7061,19.7837,1113035.3129182023,0
PCO,D,20240710,000000,20.1331,20.1331,19.5024,19.6188,847023.6452933213,0
PCO,D,20240711,000000,19.9875,20.3368,18.9396,19.9486,2021841.0033555885,0
PCO,D,20240712,000000,20.0845,20.1525,19.6188,19.9002,1061641.1438773489,0
PCO,D,20240715,000000,19.9002,20.0554,19.2404,19.4053,1078147.962378097,0
PCO,D,20240716,000000,19.4053,19.4441,18.7601,19.1628,1751036.8341055529,0
PCO,D,20240717,000000,18.9929,19.0123,18.2409,18.4593,2777393.8289211444,0
PCO,D,20240718,000000,18.5806,19.1385,18.3962,19.0657,1167412.17006727,0
PCO,D,20240719,000000,18.8232,19.0269,18.6145,18.7746,627060.1884448469,0
PCO,D,20240722,000000,18.9105,19.2889,18.6291,19.0511,680253.8645475324,0
PCO,D,20240723,000000,19.1822,19.2792,18.1779,18.1779,1264463.9352359418,0
PCO,D,20240724,000000,18.144,18.338,17.9208,17.9499,933284.551964064,0
PCO,D,20240725,000000,17.8529,17.9499,17.4647,17.9208,1446267.7420475658,0
PCO,D,20240726,000000,17.9499,18.3186,17.8383,18.1682,939245.8055984501,0
PCO,D,20240729,000000,18.3235,18.5903,18.2119,18.4836,821100.8494060326,0
PCO,D,20240730,000000,18.5563,19.0415,18.5563,18.7601,932910.4276436487,0
PCO,D,20240731,000000,18.925,19.0269,18.5418,18.5951,718334.1548800525,0
PCO,D,20240801,000000,18.6049,18.7552,18.2265,18.338,732591.074230755,0
PCO,D,20240802,000000,17.9499,18.2895,17.8431,18.2555,777288.1087425209,0
PCO,D,20240805,000000,17.8044,17.8917,17.0767,17.5618,1583804.293525421,0
PCO,D,20240806,000000,17.6588,17.9159,17.4891,17.7268,595269.9276646536,0
PCO,D,20240807,000000,17.8431,18.047,17.6103,17.7364,617414.377109401,0
PCO,D,20240808,000000,17.7364,17.8723,17.1737,17.7656,754325.3267622094,0
PCO,D,20240809,000000,17.8529,18.047,17.3774,17.426,720015.1377081444,0
PCO,D,20240812,000000,17.5133,17.8723,17.5036,17.8723,644429.657238123,0
PCO,D,20240813,000000,17.882,17.9451,17.6298,17.6976,487893.15576892794,0
PCO,D,20240814,000000,17.8529,17.9305,17.5521,17.5861,512367.89471356245,0
PCO,D,20240816,000000,17.9111,17.9548,17.6103,17.7704,614087.4534005838,0
PCO,D,20240819,000000,17.8383,18.2216,17.7364,18.0858,748702.1248553613,0
PCO,D,20240820,000000,18.144,18.1973,17.4745,17.4745,1160837.6823539662,0
PCO,D,20240821,000000,17.4841,17.7462,17.4841,17.6636,991807.6960030239,0
PCO,D,20240822,000000,17.7074,17.9887,17.5618,17.6006,900289.466581762,0
PCO,D,20240823,000000,17.6103,17.7559,17.5133,17.6588,1198722.1500394372,0
PCO,D,20240826,000000,17.6588,17.8044,17.4697,17.8044,911011.2718304683,0
PCO,D,20240827,000000,17.8431,17.9402,16.9796,17.3338,1623428.4908330988,0
PCO,D,20240828,000000,17.358,17.4357,16.7371,16.7856,1584026.912955751,0
PCO,D,20240829,000000,16.7856,17.5715,16.7419,17.5473,1130791.273778023,0
PCO,D,20240830,000000,17.6394,17.717,17.3629,17.5036,852729.2988410324,0
PCO,D,20240902,000000,17.5424,17.9499,17.3386,17.8723,879713.6596044308,0
PCO,D,20240903,000000,17.8723,17.9014,17.3435,17.3435,667033.7745806809,0
PCO,D,20240904,000000,17.164,17.3774,17.0185,17.2174,718840.2018258484,0
PCO,D,20240905,000000,17.3484,17.7316,17.1009,17.3726,838381.682685381,0
PCO,D,20240906,000000,17.3192,17.3484,16.5818,16.5818,989443.3952012808,0
PCO,D,20240909,000000,16.7079,16.8584,16.4072,16.6352,858364.8684940102,0
PCO,D,20240910,000000,16.6352,16.9068,16.3975,16.3975,853174.537701692,0
PCO,D,20240911,000000,16.4606,16.5916,16.2714,16.2859,759821.759271231,0
PCO,D,20240912,000000,16.4945,16.9312,16.4945,16.7856,806949.0558974304,0
PCO,D,20240913,000000,16.8632,16.936,16.5624,16.839,647512.3179608837,0
PCO,D,20240916,000000,16.839,16.8535,16.6012,16.6885,405663.10369086923,0
PCO,D,20240917,000000,16.6837,17.2852,16.6401,17.2174,775589.6049407456,0
PCO,D,20240918,000000,17.2416,17.3144,17.0039,17.1009,457458.1938354182,0
PCO,D,20240919,000000,17.2222,17.7704,17.2174,17.392,1146380.8177741715,0
PCO,D,20240920,000000,17.5618,17.5618,16.9262,16.97,3975484.1932624695,0
PCO,D,20240923,000000,17.0379,17.1495,16.6643,17.0476,538856.5149862728,0
PCO,D,20240924,000000,17.2658,17.6492,17.0669,17.6492,917569.2692155995,0
PCO,D,20240925,000000,17.683,18.6339,17.6298,18.6291,1863592.5996929782,0
PCO,D,20240926,000000,18.9202,19.939,18.6922,19.2306,4255234.365546127,0
PCO,D,20240927,000000,19.3568,20.0651,18.8086,19.8904,1729709.686550859,0
PCO,D,20240930,000000,19.6382,20.1912,19.4538,19.9098,1116669.3689892336,0
PCO,D,20241001,000000,20.0069,20.0845,19.3859,19.5024,1072130.0232406177,0
PCO,D,20241002,000000,19.4053,19.4441,18.9202,19.0172,1379461.300038419,0
PCO,D,20241003,000000,18.9396,19.5024,18.5515,19.1724,1396877.1478796802,0
PCO,D,20241004,000000,19.1724,19.6964,19.0706,19.5702,833261.4357877963,0
PCO,D,20241007,000000,19.7352,19.9875,19.221,19.5412,477874.25075857755,0
PCO,D,20241008,000000,19.0366,19.5508,18.6825,19.512,491119.07621768804,0
PCO,D,20241009,000000,19.4053,19.7255,19.2889,19.4053,771779.3084873699,0
PCO,D,20241010,000000,19.2743,19.6285,19.0706,19.2306,744772.2735227343,0
PCO,D,20241011,000000,19.2355,19.6382,19.1773,19.3423,441439.9013067827,0
PCO,D,20241014,000000,19.5024,19.5702,19.1822,19.1822,366848.9937546695,0
PCO,D,20241015,000000,19.4053,19.415,18.7989,18.8814,788310.862480377,0
PCO,D,20241016,000000,18.7795,18.8814,17.979,18.435,1466242.6826921084,0
PCO,D,20241017,000000,18.3914,18.6097,17.9693,18.1246,1001601.920292023,0
PCO,D,20241018,000000,18.1343,18.3574,18.0082,18.0082,403740.94981325336,0
PCO,D,20241021,000000,17.9984,18.1925,17.4841,17.5569,865559.8048048071,0
PCO,D,20241022,000000,17.4939,17.6152,17.2028,17.523,1429172.4249601588,0
PCO,D,20241023,000000,17.5909,17.6686,16.9845,17.1543,1044377.831571684,0
PCO,D,20241024,000000,17.2416,17.3338,16.7856,16.7856,960824.430657776,0
PCO,D,20241025,000000,16.8341,17.0233,16.5528,16.8874,654074.437928058,0
PCO,D,20241028,000000,16.9796,17.2222,16.8826,16.9602,532998.3259029652,0
PCO,D,20241029,000000,17.0573,17.0961,16.8438,17.0573,607244.9978544759,0
PCO,D,20241030,000000,17.1107,17.4745,16.902,16.9796,716522.2800720909,0
PCO,D,20241031,000000,16.902,16.9796,16.4751,16.6255,1375738.60845346,0
PCO,D,20241104,000000,16.8147,16.9796,16.6449,16.7517,396416.15216809744,0
PCO,D,20241105,000000,16.7565,16.7953,16.3393,16.4945,1029743.695964034,0
PCO,D,20241106,000000,16.6206,17.2658,16.6206,16.8924,1487329.6898427894,0
PCO,D,20241107,000000,17.0767,17.2368,16.8195,17.2368,664592.1753656288,0
PCO,D,20241108,000000,17.2513,17.3629,16.902,17.1834,1112243.7771659186,0
PCO,D,20241112,000000,17.0767,17.1446,16.514,16.6498,1203057.045057803,0
PCO,D,20241113,000000,16.6885,16.7905,15.8493,16.0627,1780848.2555050373,0
PCO,D,20241114,000000,16.1355,16.2326,14.719,16.0676,3438042.754562506,0
PCO,D,20241115,000000,16.0579,16.0579,15.1119,15.1119,2305324.173679313,0
PCO,D,20241118,000000,15.1943,15.4854,14.8451,15.0294,1015583.6572913454,0
PCO,D,20241119,000000,15.0586,15.2187,14.389,15.0828,2241388.0794177055,0
PCO,D,20241120,000000,15.3302,15.6359,15.1847,15.3011,1358718.5284883406,0
PCO,D,20241121,000000,15.4709,15.791,15.0828,15.7134,1042409.2986460826,0
PCO,D,20241122,000000,15.8638,16.0676,15.3496,15.4176,1250414.1756329075,0
PCO,D,20241125,000000,15.6892,15.893,15.5533,15.6892,938151.2600659954,0
PCO,D,20241126,000000,15.6892,16.0482,15.5243,15.7862,780181.1306912972,0
PCO,D,20241127,000000,15.796,15.8444,15.5243,15.6601,634644.7087587208,0
PCO,D,20241128,000000,15.7862,15.796,15.3836,15.3836,636316.4157772157,0
PCO,D,20241129,000000,15.3884,15.7037,15.3836,15.4272,667059.5407184504,0
PCO,D,20241202,000000,15.5194,15.8736,15.4709,15.7474,756816.3969617792,0
PCO,D,20241203,000000,15.796,15.9172,15.6115,15.6213,813009.2515008519,0
PCO,D,20241204,000000,15.7183,16.1598,15.5921,15.8687,1221181.9770104848,0
PCO,D,20241205,000000,15.9609,16.2616,15.8154,15.9415,773565.417157562,0
PCO,D,20241206,000000,16.0191,16.0579,15.2041,15.2041,2042098.3408700868,0
PCO,D,20241209,000000,15.4272,15.466,15.1216,15.3157,814968.508616856,0
PCO,D,20241210,000000,16.3005,17.5812,15.9949,16.9602,6353183.386645706,0
PCO,D,20241211,000000,16.7856,17.2319,16.4654,17.0524,1629908.15915941,0
PCO,D,20241212,000000,17.2416,17.2416,16.3101,16.4945,1697282.4868449997,0
PCO,D,20241213,000000,16.5672,16.8487,16.0093,16.7177,1224588.2604236328,0
PCO,D,20241216,000000,16.7177,17.0913,16.577,16.8826,1494504.0132433707,0
PCO,D,20241217,000000,16.7905,16.8826,15.8008,16.121,1756338.474613036,0
PCO,D,20241218,000000,16.1452,16.3345,15.9463,16.0093,1001845.1526325685,0
PCO,D,20241219,000000,15.8638,15.9415,15.3787,15.8154,1755138.8032384813,0
PCO,D,20241220,000000,15.8154,15.9705,15.5146,15.8444,1843369.2734803357,0
PCO,D,20241223,000000,15.8444,16.0725,15.5727,15.8493,1310579.1379705495,0
PCO,D,20241227,000000,15.9123,16.1744,15.7716,15.9511,631797.0352124193,0
PCO,D,20241230,000000,15.9609,16.0676,15.791,15.9317,588455.2995473369,0
PCO,D,20250102,000000,16.0531,16.4557,15.9899,16.2714,672208.6456903373,0
PCO,D,20250103,000000,16.3975,16.4072,16.1258,16.155,531506.981848858,0
PCO,D,20250107,000000,16.3975,16.7807,16.3005,16.3393,1053990.6622507847,0
PCO,D,20250108,000000,16.3393,16.3683,15.7814,15.8542,910804.1120828004,0
PCO,D,20250109,000000,15.9123,15.9949,15.7232,15.9949,595764.6375098309,0
PCO,D,20250110,000000,15.9997,16.0191,15.6601,15.9123,1033577.6972641577,0
PCO,D,20250113,000000,15.9997,15.9997,15.4078,15.5243,964773.8642551078,0
PCO,D,20250114,000000,15.5921,15.6213,15.2429,15.3399,896701.789558716,0
PCO,D,20250115,000000,15.4272,15.8978,15.2914,15.8978,1209496.5182091936,0
PCO,D,20250116,000000,15.9949,15.9997,14.4763,14.5831,6624161.734987064,0
PCO,D,20250117,000000,14.651,14.7674,13.9815,14.423,4004559.7337672524,0
PCO,D,20250120,000000,14.7384,15.0925,14.5395,14.8451,3274507.139429563,0
PCO,D,20250121,000000,14.8935,14.9421,14.5346,14.7529,1212142.1852353814,0
PCO,D,20250122,000000,14.7965,14.9858,14.651,14.8257,2157835.709149308,0
PCO,D,20250123,000000,14.8257,14.9664,14.651,14.7529,1044695.270389006,0
PCO,D,20250124,000000,14.8935,15.0294,14.748,14.9469,1192037.3832564792,0
PCO,D,20250127,000000,14.8451,15.2963,14.7529,15.272,1200136.1956802353,0
PCO,D,20250128,000000,15.2914,16.0773,15.2914,16.0725,2809296.430062013,0
PCO,D,20250129,000000,16.2034,16.3878,15.9899,16.1938,1648886.465595023,0
PCO,D,20250130,000000,16.0093,16.8341,16.0093,16.7613,2414426.2461600946,0
PCO,D,20250131,000000,16.7467,16.9894,16.577,16.7419,1830630.494967021,0
PCO,D,20250203,000000,16.2714,16.5188,15.7232,16.4945,1255182.9724113143,0
PCO,D,20250204,000000,16.5916,16.8778,16.5916,16.7856,880327.9243288592,0
PCO,D,20250205,000000,16.7371,16.8244,16.3489,16.4848,650617.6528848818,0
PCO,D,20250206,000000,16.5478,17.0573,16.5478,16.9408,1256386.766367912,0
PCO,D,20250207,000000,17.0185,17.0233,16.6837,16.8487,1343557.733024679,0
PCO,D,20250210,000000,16.8487,17.2319,16.7953,17.1495,1084743.0630016164,0
PCO,D,20250211,000000,17.2513,17.2708,16.8147,17.0088,1655900.0082959216,0
PCO,D,20250212,000000,17.0088,17.2368,16.7662,16.9214,818038.8015934874,0
PCO,D,20250213,000000,17.0863,17.1737,16.8099,16.8729,945436.8931817415,0
PCO,D,20250214,000000,16.8729,16.9602,16.5722,16.6885,1092175.047779894,0
PCO,D,20250217,000000,16.6885,17.1785,16.446,17.1446,1173926.880340948,0
PCO,D,20250218,000000,17.1446,17.261,16.8924,17.0282,1174012.4239183434,0
PCO,D,20250219,000000,17.1251,17.198,16.5382,16.5916,964404.8931622464,0
PCO,D,20250220,000000,16.6983,16.7225,16.3587,16.4557,688270.2253304258,0
PCO,D,20250221,000000,16.4945,16.7759,16.4557,16.5916,422118.389916078,0
PCO,D,20250224,000000,16.509,16.5722,15.9851,16.0531,1135768.2609496084,0
PCO,D,20250225,000000,15.9609,16.252,15.9609,15.9705,782391.8653119331,0
PCO,D,20250226,000000,16.0143,16.8924,16.0143,16.8001,2025030.851211471,0
PCO,D,20250227,000000,16.6885,16.7273,16.3005,16.3781,1132216.65651944,0
PCO,D,20250228,000000,16.3005,16.3781,16.0822,16.2374,1056324.0436872041,0
PCO,D,20250303,000000,16.2326,16.7371,16.1258,16.611,1216592.512550955,0
PCO,D,20250304,000000,16.2811,16.5334,16.0191,16.0676,1740098.5932995814,0
PCO,D,20250305,000000,16.6061,17.0379,16.5042,16.9796,2334693.44815467,0
PCO,D,20250306,000000,18.435,18.9105,16.8341,17.1203,6513170.489285012,0
PCO,D,20250307,000000,16.9796,17.0767,15.8881,16.3781,5044102.80724784,0
PCO,D,20250310,000000,16.5042,16.6595,16.2277,16.5042,1250502.811146835,0
PCO,D,20250311,000000,16.5916,16.6595,16.2714,16.4896,1940200.4805096993,0
PCO,D,20250312,000000,16.5236,16.7662,16.4266,16.6206,1950333.787171747,0
PCO,D,20250313,000000,16.611,16.6546,16.4411,16.5382,2555472.1456021764,0
PCO,D,20250314,000000,16.5382,16.8147,16.3975,16.7807,2544938.948481944,0
PCO,D,20250317,000000,16.7807,16.9312,16.5916,16.6789,1842908.5749370144,0
PCO,D,20250318,000000,16.8119,16.9399,16.6542,16.738,1202398.8732873674,0
PCO,D,20250319,000000,16.7331,16.7331,16.4227,16.536,1387180.8505161898,0
PCO,D,20250320,000000,16.6001,16.6198,16.2306,16.2306,2425904.8402211997,0
PCO,D,20250321,000000,16.2306,16.2306,15.8316,15.8612,3061322.3532508197,0
PCO,D,20250324,000000,15.9991,16.1075,15.738,15.871,1210339.6635920848,0
PCO,D,20250325,000000,15.876,15.8858,15.3686,15.5164,3541288.9738841774,0
PCO,D,20250326,000000,15.5656,15.6001,15.0238,15.2356,1782796.2408897972,0
PCO,D,20250327,000000,15.2307,15.3193,14.876,15.009,1696520.4627049873,0
PCO,D,20250328,000000,15.009,15.4868,14.94,15.1913,1153391.9250690674,0
PCO,D,20250331,000000,15.1716,15.1814,14.5509,14.6544,2560347.0994924796,0
PCO,D,20250401,000000,14.876,14.945,14.3342,14.6839,3441290.6411640896,0
PCO,D,20250402,000000,14.7775,14.8514,14.5706,14.8071,743331.2596313624,0
PCO,D,20250403,000000,14.61,14.9942,14.4376,14.5411,1216425.9448993949,0
PCO,D,20250404,000000,14.5509,14.6691,13.7923,13.817,3131771.3639000095,0
PCO,D,20250407,000000,13.0239,14.3834,12.4771,14.1174,3717792.14685309,0
PCO,D,20250408,000000,14.4425,14.4819,13.8022,14.28,1354785.3088346024,0
PCO,D,20250409,000000,13.812,14.1273,13.5953,13.9303,1438405.6981101523,0
PCO,D,20250410,000000,14.7184,14.8268,14.0633,14.1765,1515504.3466586398,0
PCO,D,20250411,000000,14.2849,14.5509,14.0879,14.1224,1319096.922496425,0
PCO,D,20250414,000000,14.3145,14.5706,14.2751,14.3785,737807.3198591174,0
PCO,D,20250415,000000,14.4327,14.9745,14.3785,14.5805,1387870.0741665673,0
PCO,D,20250416,000000,14.6199,14.7479,14.3391,14.5805,696878.1946300725,0
PCO,D,20250417,000000,14.5805,16.1961,14.5805,16.0582,6483634.475134927,0
PCO,D,20250422,000000,16.1469,16.7183,15.7627,16.6345,4292864.525840085,0
PCO,D,20250423,000000,16.7133,17.2355,16.7133,17.2355,6778505.465950409,0
PCO,D,20250424,000000,17.1419,17.1961,16.3882,17.1567,3325724.38042362,0
PCO,D,20250425,000000,17.1419,17.3882,16.9104,17.3291,2124137.552674252,0
PCO,D,20250428,000000,17.4276,17.9497,17.3094,17.4374,3579699.7428884995,0
PCO,D,20250429,000000,17.4571,17.8561,17.4571,17.7823,1238085.2295116999,0
PCO,D,20250430,000000,17.802,18.0088,17.2404,17.4571,1822089.0943597723,0
PCO,D,20250502,000000,17.4571,17.8808,17.4571,17.7034,868217.7730342274,0
PCO,D,20250505,000000,17.8167,18.3389,17.7872,18.1221,1902674.4634370473,0
PCO,D,20250506,000000,18.0187,18.1123,17.4276,17.93,1197053.5835334824,0
PCO,D,20250507,000000,17.9744,18.1763,17.802,17.93,1557414.0168748198,0
PCO,D,20250508,000000,18.0384,18.3537,17.8561,18.1517,2273048.4333188473,0
PCO,D,20250509,000000,18.265,18.3931,18.1074,18.3389,1300520.3657577524,0
PCO,D,20250512,000000,18.4226,19.0334,18.2108,18.2699,1906319.5328457449,0
PCO,D,20250513,000000,18.265,18.6985,18.2601,18.462,1633235.7238148022,0
PCO,D,20250514,000000,18.4423,18.4916,18.1271,18.3044,1271325.2985528074,0
PCO,D,20250515,000000,18.2256,18.3241,17.8808,18.1024,798100.685998695,0
PCO,D,20250516,000000,18.0335,18.4423,17.9005,18.0827,1120506.1108939124,0
PCO,D,20250519,000000,17.9251,18.2059,17.5163,18.0285,1241549.6187881923,0
PCO,D,20250520,000000,18.0285,18.4866,17.93,18.3389,1296797.1369660224,0
PCO,D,20250521,000000,18.3142,18.3339,17.999,18.1221,613397.8832098275,0
PCO,D,20250522,000000,17.3636,18.1517,16.1222,16.4523,7058819.525440319,0
PCO,D,20250523,000000,16.4523,16.6345,15.9695,16.0878,3091005.662835487,0
PCO,D,20250526,000000,16.1124,16.7478,16.1124,16.7133,1203572.2790897775,0
PCO,D,20250527,000000,16.8365,17.0926,16.5902,17.0237,1279354.3988097825,0
PCO,D,20250528,000000,17.0926,17.4769,16.8759,17.3882,1465514.8233393598,0
PCO,D,20250529,000000,17.5163,17.5163,16.7971,16.8611,1611364.292305695,0
PCO,D,20250530,000000,16.7725,17.004,16.4523,16.8365,1536923.0627803123,0
PCO,D,20250602,000000,16.6444,17.2404,16.5705,17.004,1136010.0903281774,0
PCO,D,20250603,000000,17.132,17.4325,16.7331,17.3143,1609666.1020743523,0
PCO,D,20250604,000000,17.3143,17.5803,17.2453,17.3192,1036070.6309095949,0
PCO,D,20250605,000000,17.2995,17.5163,17.0286,17.1665,842593.6760826374,0
PCO,D,20250606,000000,17.1665,17.2306,16.669,17.0532,1328875.98088779,0
PCO,D,20250609,000000,17.0532,17.2897,16.9744,17.0877,607704.428931525,0
PCO,D,20250610,000000,17.0926,17.93,17.0926,17.5261,2385515.7252749247,0
PCO,D,20250611,000000,17.6246,18.6295,17.3537,18.4029,5026126.420800247,0
PCO,D,20250612,000000,18.7182,19.0876,18.2256,19.0876,6038538.104960212,0
PCO,D,20250613,000000,18.8167,19.196,18.4423,19.0728,3095322.6999268797,0
PCO,D,20250616,000000,19.2107,19.457,19.0925,19.26,4543828.214415907,0
PCO,D,20250617,000000,19.2748,19.5014,18.797,19.0285,3681803.303665852,0
PCO,D,20250618,000000,19.1122,19.3782,18.7723,19.1319,1682162.4825362249,0
PCO,D,20250620,000000,19.2107,19.2107,18.6985,18.8265,6754644.522873201,0
PCO,D,20250623,000000,18.6246,19.8511,18.462,19.2304,3125848.506757222,0
PCO,D,20250624,000000,19.6196,19.9496,19.2157,19.7033,1963140.3892534499,0
PCO,D,20250625,000000,19.8314,20.2649,19.6639,19.7033,2330901.602616735,0
PCO,D,20250626,000000,19.7624,20.9545,19.7624,20.9348,3246735.695885437,0
PCO,D,20250627,000000,21.0924,21.2106,20.7673,21.1318,1963679.3844792973,0
PCO,D,20250630,000000,21.1811,21.4963,21.1515,21.3289,1433740.4964943423,0
PCO,D,20250701,000000,20.787,21.3781,20.3141,21.3289,1646436.539091915,0
PCO,D,20250702,000000,21.3289,21.7919,21.1417,21.3781,1373157.8391318524,0
PCO,D,20250703,000000,21.5259,21.7229,21.3289,21.6737,1603924.9401206924,0
PCO,D,20250704,000000,21.654,21.6934,21.0629,21.25,752306.3929401074,0
PCO,D,20250707,000000,21.25,21.25,20.856,20.9348,617316.0029306775,0
PCO,D,20250708,000000,20.9348,21.1712,20.6983,20.8166,872242.4737319399,0
PCO,D,20250709,000000,20.7673,21.0432,20.0974,20.9742,1920328.3334331673,0
PCO,D,20250710,000000,22.0677,22.1662,20.984,21.1318,4437002.608835084,0
PCO,D,20250711,000000,21.3289,21.4766,20.7082,20.8067,1134676.3055320124,0
PCO,D,20250714,000000,20.8067,20.8067,20.2156,20.4816,1189592.9151531074,0
PCO,D,20250715,000000,20.5309,20.6097,19.9201,20.1072,1796751.2434603274,0
PCO,D,20250716,000000,20.0481,20.5309,19.8413,20.4126,1093045.77596952,0
PCO,D,20250717,000000,20.2156,20.6491,20.0875,20.3043,2168970.5868272325,0
PCO,D,20250718,000000,20.3929,21.8707,20.3043,21.7525,2699043.462325957,0
PCO,D,20250721,000000,21.5751,22.4027,21.5751,22.2648,1438210.8071810324,0
PCO,D,20250722,000000,22.3633,22.7672,21.9889,22.4913,1493397.4219435123,0
PCO,D,20250723,000000,22.6588,23.1317,22.5111,22.6194,1234348.8049799774,0
PCO,D,20250724,000000,22.6588,22.9051,21.585,21.9988,1960810.8336163124,0
PCO,D,20250725,000000,21.7919,22.3534,21.6835,22.1071,1231616.2717446075,0
PCO,D,20250728,000000,22.0185,22.5406,21.7426,21.851,1535484.7271211299,0
PCO,D,20250729,000000,21.8608,22.5209,21.8411,22.2057,1298989.6599186223,0
PCO,D,20250730,000000,22.2155,22.9445,22.2155,22.9347,1347438.3268295473,0
PCO,D,20250731,000000,22.915,23.5159,22.915,23.0135,2611552.661004915,0
PCO,D,20250801,000000,22.9051,23.1022,22.3239,22.6194,3583406.73076947,0
PCO,D,20250804,000000,22.5012,22.7968,22.1268,22.314,1676894.3371084498,0
PCO,D,20250805,000000,22.4322,22.58,22.0776,22.1367,999020.0381814224,0
PCO,D,20250806,000000,22.1367,22.5603,21.7722,22.2648,2001814.0580006998,0
PCO,D,20250807,000000,22.2845,22.6391,22.0973,22.2057,1040099.3918349975,0
PCO,D,20250808,000000,22.2057,22.7278,21.9791,22.4519,1161114.4781354475,0
PCO,D,20250811,000000,22.4125,22.6096,22.1268,22.2746,1004843.4197458049,0
PCO,D,20250812,000000,22.1859,22.5308,22.1465,22.1859,930695.5416710249,0
PCO,D,20250813,000000,22.2648,22.7573,22.0677,22.4224,1824292.7829385197,0
PCO,D,20250814,000000,22.1662,22.6096,22.1662,22.4027,949068.0719682749,0
PCO,D,20250818,000000,22.2746,22.5603,22.0185,22.0874,1410435.804610665,0
PCO,D,20250819,000000,22.0677,22.2451,21.4471,22.0776,1468772.1410036623,0
PCO,D,20250820,000000,21.9791,22.2254,21.5653,21.6047,1310302.469319885,0
PCO,D,20250821,000000,21.5357,21.8608,21.2303,21.4077,912969.6026334075,0
PCO,D,20250822,000000,21.2796,21.6934,21.0235,21.4865,996003.2890077524,0
PCO,D,20250825,000000,21.3978,21.8707,21.3091,21.6146,739967.3609901974,0
PCO,D,20250826,000000,21.5751,22.0185,21.4274,21.9101,752632.2262122299,0
PCO,D,20250827,000000,22.0283,22.1761,21.6343,21.8214,1131249.4733616523,0
PCO,D,20250828,000000,21.8116,22.048,21.4963,21.5653,733217.2324555725,0
PCO,D,20250829,000000,21.5456,21.6047,20.9643,21.1023,1158022.6147495124,0
PCO,D,20250901,000000,21.1023,21.2303,20.324,20.5013,1050649.8934874623,0
PCO,D,20250902,000000,20.4915,20.5604,19.6048,20.4422,1608081.59821833,0
PCO,D,20250903,000000,20.4915,20.6097,20.2156,20.3043,669082.890921255,0
PCO,D,20250904,000000,20.2058,20.6294,20.127,20.6097,748270.5266162474,0
PCO,D,20250905,000000,20.6195,20.8757,20.2846,20.324,502583.10392357997,0
PCO,D,20250908,000000,20.3338,20.6195,20.2353,20.5998,783845.2265791049,0
PCO,D,20250909,000000,20.5013,20.6491,20.0974,20.5506,916025.9390270549,0
PCO,D,20250910,000000,20.6392,20.6392,19.8807,20.2649,656843.33454975,0
PCO,D,20250911,000000,20.2255,20.4422,20.127,20.2846,1799906.0403754574,0
PCO,D,20250912,000000,20.2846,20.3043,19.6688,19.6688,1449864.6757082548,0
PCO,D,20250915,000000,19.7033,19.9989,19.6639,19.8018,478613.54975566495,0
PCO,D,20250916,000000,19.989,20.1959,19.5556,19.6196,833686.5515876999,0
PCO,D,20250917,000000,19.8018,19.9989,19.6984,19.9693,724131.457942275,0
PCO,D,20250918,000000,19.9398,20.5407,19.8905,20.3338,622035.0025633799,0
PCO,D,20250919,000000,20.3437,20.4816,19.9496,20.1861,1528459.5181605073,0
PCO,D,20250922,000000,20.0974,21.5456,20.0974,21.4569,1768831.0877500423,0
PCO,D,20250923,000000,21.5357,21.8805,21.2894,21.4569,1037199.3742074149,0
PCO,D,20250924,000000,21.5554,22.1564,21.25,22.0382,1567283.4153322873,0
PCO,D,20250925,000000,23.3386,25.2695,23.112,25.0725,7766466.458961194,0
PCO,D,20250926,000000,24.974,25.7128,23.8312,25.6143,1725767.29781298,0
PCO,D,20250929,000000,25.3286,26.4025,24.7375,25.6439,1586469.0062244597,0
PCO,D,20250930,000000,25.6537,25.9985,25.1217,25.5158,1267349.320587375,0
PCO,D,20251001,000000,25.2597,25.5946,25.1414,25.3483,1100155.23465471,0
PCO,D,20251002,000000,25.4173,25.8705,25.2203,25.5946,1534170.2284064924,0
PCO,D,20251003,000000,25.5946,26.1463,25.4468,25.7128,1083449.4278242048,0
PCO,D,20251006,000000,25.7128,26.8556,25.6931,25.9985,1365815.93241141,0
PCO,D,20251007,000000,25.8902,26.6882,25.634,26.5207,1081692.3642913573,0
PCO,D,20251008,000000,26.5502,26.5995,25.2991,25.5651,1183139.1832398523,0
PCO,D,20251009,000000,25.6143,26.5699,25.6143,25.9985,814400.4700602,0
PCO,D,20251010,000000,25.9985,26.2448,25.8114,25.9493,527189.0987819025,0
PCO,D,20251013,000000,25.7917,26.0872,25.3385,26.0084,565919.6107168124,0
PCO,D,20251014,000000,25.8606,25.8803,25.368,25.6143,497681.39404482744,0
PCO,D,20251015,000000,25.6143,26.3532,25.6045,26.3039,969509.2882735799,0
PCO,D,20251016,000000,26.2842,27.6339,26.2645,27.2497,2200662.6940615275,0
PCO,D,20251017,000000,27.1118,27.4172,26.4616,27.4172,700003.5548944499,0
PCO,D,20251020,000000,27.4369,28.1561,27.3285,27.496,1084186.3591499398,0
PCO,D,20251021,000000,27.3482,27.7324,27.299,27.5847,1197077.9448996224,0
PCO,D,20251022,000000,27.5847,27.959,27.3581,27.8999,1442162.4237803249,0
PCO,D,20251023,000000,27.9787,28.5895,27.5354,28.5895,1333242.7557683848,0
PCO,D,20251024,000000,28.5994,28.9737,27.6733,27.7915,1073429.8009422075,0
PCO,D,20251027,000000,27.8802,28.2546,27.1118,27.2694,647871.2464117724,0
PCO,D,20251028,000000,27.9787,28.491,27.6142,28.4516,1587178.5310132874,0
PCO,D,20251029,000000,28.5501,28.6289,27.8014,27.8901,990069.2662388174,0
PCO,D,20251030,000000,28.0477,28.0674,27.5847,27.7817,633166.1167755149,0
PCO,D,20251031,000000,27.6142,28.0181,27.4073,27.4073,667060.8975316349,0
PCO,D,20251103,000000,27.4369,27.5847,27.1315,27.2399,592528.3128832275,0
PCO,D,20251104,000000,27.3581,27.7718,26.8162,27.0921,547254.7440258824,0
PCO,D,20251105,000000,27.0724,27.2891,26.5798,27.1216,504113.80976270995,0
PCO,D,20251106,000000,27.161,27.6733,27.161,27.2596,907136.0704997999,0
PCO,D,20251107,000000,27.3581,27.6733,27.3581,27.5847,867149.9331517575,0
PCO,D,20251110,000000,27.5847,28.225,27.5847,28.028,1283855.1612041474,0
PCO,D,20251112,000000,28.2743,28.3432,27.7718,28.1758,1145759.7120687899,0
PCO,D,20251113,000000,28.2152,28.2743,26.9147,26.9443,1016169.42488706,0
PCO,D,20251114,000000,26.7079,27.0724,26.2645,26.8458,899886.5339593049,0
PCO,D,20251117,000000,27.0822,27.23,26.4714,26.5601,460176.05581537494,0
PCO,D,20251118,000000,26.2941,26.3039,25.7325,26.1463,638834.194630755,0
PCO,D,20251119,000000,26.1365,26.5699,25.9296,26.432,398187.5446152225,0
PCO,D,20251120,000000,26.7374,26.7965,26.1956,26.1956,543522.3797218499,0
PCO,D,20251121,000000,25.9591,26.4123,25.4961,26.3631,621742.6661697,0
PCO,D,20251124,000000,26.5404,26.6488,25.8705,26.5305,966022.5677447924,0
PCO,D,20251125,000000,26.6389,27.5255,26.1857,27.496,761629.69077327,0
PCO,D,20251126,000000,27.5255,27.5847,27.033,27.1118,614363.2023431249,0
PCO,D,20251127,000000,27.161,27.3384,26.8064,27.0822,544061.3749476974,0
PCO,D,20251128,000000,26.8359,27.1807,26.3039,26.3729,561370.1255901675,0
PCO,D,20251201,000000,26.3729,26.7276,26.0182,26.1365,344518.43995187996,0
PCO,D,20251202,000000,26.3039,26.7473,25.7424,26.2153,883692.3158177399,0
PCO,D,20251203,000000,26.3926,26.7867,26.2645,26.5798,706059.384494085,0
PCO,D,20251204,000000,26.5798,27.5847,26.5798,27.4369,960563.5916155874,0
PCO,D,20251205,000000,27.5748,27.9787,27.299,27.6044,649535.9397646724,0
PCO,D,20251208,000000,27.5847,27.9492,27.1019,27.23,432990.80131698,0
PCO,D,20251209,000000,27.3876,27.8211,26.5601,27.5748,836704.3158182924,0
PCO,D,20251210,000000,27.7817,27.8605,27.2399,27.4369,641425.6349538974,0
PCO,D,20251211,000000,27.4369,28.1659,26.8753,28.1265,872464.7711979675,0
PCO,D,20251212,000000,28.0575,29.0033,27.7817,28.8161,1309298.5780235324,0
PCO,D,20251215,000000,28.9639,29.6535,28.5107,29.1314,1292687.1714868199,0
PCO,D,20251216,000000,29.0132,29.3383,28.5501,28.5501,903464.6096111174,0
PCO,D,20251217,000000,29.555,30.0377,27.0034,27.2103,2491903.8413221496,0
PCO,D,20251218,000000,27.5453,28.1758,27.3975,27.8901,1541658.3033237748,0
PCO,D,20251219,000000,27.8802,28.0674,27.3088,27.693,2333793.499788937,0
PCO,D,20251222,000000,27.693,29.3087,27.5354,29.0821,2319409.1281401897,0
PCO,D,20251223,000000,29.1609,29.6043,29.0526,29.2594,1378090.00071828,0
PCO,D,20251229,000000,29.2594,29.6535,29.2594,29.5451,570937.03708473,0
PCO,D,20251230,000000,29.555,29.7619,29.3777,29.555,664228.88871786,0
PCO,D,20260102,000000,29.4762,30.5205,29.1018,30.5205,1117388.871084915,0
PCO,D,20260105,000000,30.5205,30.7766,30.1756,30.6288,981937.6452326699,0
PCO,D,20260107,000000,30.5402,30.7667,30.0673,30.7667,1233962.0682925049,0
PCO,D,20260108,000000,30.6091,30.8751,30.2348,30.4318,1541642.062413015,0
PCO,D,20260109,000000,30.4121,30.8062,30.0279,30.6387,861556.9695087824,0
PCO,D,20260112,000000,30.6387,30.7766,30.1954,30.3628,1043966.7587097224,0
PCO,D,20260113,000000,30.5402,30.5402,29.1708,29.3284,1430633.40725457,0
PCO,D,20260114,000000,29.22,29.4269,27.8999,28.8555,1826644.6698279523,0
PCO,D,20260115,000000,28.954,29.4368,28.5206,29.1609,1348063.6018938073,0
PCO,D,20260116,000000,29.1609,30.1855,28.7866,29.1314,1300542.6970100473,0
PCO,D,20260119,000000,28.8654,29.289,28.4122,28.9737,974985.5203704674,0
PCO,D,20260120,000000,28.8949,28.8949,27.959,28.8063,713889.53359425,0
PCO,D,20260121,000000,28.7669,29.1412,28.5895,28.7866,990890.4472891199,0
PCO,D,20260122,000000,28.688,29.7028,28.688,29.5254,1208596.8108561523,0
PCO,D,20260123,000000,29.5451,29.6535,28.6486,29.0329,1103848.0117387648,0
PCO,D,20260126,000000,28.7472,29.2003,28.6782,29.092,662630.1740649224,0
PCO,D,20260127,000000,28.9639,29.555,28.4713,29.555,910294.9276426199,0
PCO,D,20260128,000000,28.5698,29.8899,28.3531,29.8013,12410167.1390388,0
PCO,D,20260129,000000,29.8013,30.3431,28.8851,28.8851,2959610.604445552,0
PCO,D,20260130,000000,28.8851,29.3383,28.5698,28.6092,3394582.7968752524,0
PCO,D,20260202,000000,28.5698,28.5698,27.5058,28.4418,1287260.677179135,0
PCO,D,20260203,000000,28.5009,28.6388,27.3088,27.762,2132738.129978595,0
PCO,D,20260204,000000,27.762,27.831,27.0231,27.3581,1307540.4994337624,0
PCO,D,20260205,000000,27.2891,27.5058,26.9049,27.4566,804597.0503026949,0
PCO,D,20260206,000000,27.299,27.5551,26.8556,27.2793,987235.2273111974,0
PCO,D,20260209,000000,27.3581,27.5847,26.8064,27.3876,877593.85382736,0
PCO,D,20260210,000000,27.1906,27.5847,26.6192,27.0034,1695558.1887424574,0
PCO,D,20260211,000000,26.9936,27.0231,26.6192,26.8458,921157.0517702925,0
PCO,D,20260212,000000,26.9936,27.4172,26.698,27.3384,736750.645602795,0
PCO,D,20260213,000000,27.2891,27.9393,27.1118,27.7521,1983356.2629219599,0
PCO,D,20260216,000000,27.7521,28.2349,27.4861,28.2349,685628.3187580049,0
PCO,D,20260217,000000,28.2546,28.8358,27.9787,28.5698,1825250.9966733598,0
PCO,D,20260218,000000,28.6191,28.9442,28.4023,28.757,576209.2427401949,0
PCO,D,20260219,000000,28.8161,29.0526,28.4023,28.5797,892861.3249986824,0
PCO,D,20260220,000000,28.3826,28.9836,28.3235,28.8063,473672.25265693496,0
PCO,D,20260223,000000,28.7669,29.4762,28.491,29.2988,1032831.5842698974,0
PCO,D,20260224,000000,29.2988,29.3284,28.757,29.0624,797420.5978606199,0
PCO,D,20260225,000000,29.1018,29.2988,28.7176,29.2988,569716.938663885,0
PCO,D,20260226,000000,29.0624,29.7323,28.9737,29.5057,740305.3749453899,0
PCO,D,20260227,000000,29.5057,29.5057,28.8654,29.023,819709.2177648749,0
PCO,D,20260302,000000,28.3432,28.6289,27.6241,28.3235,1062978.7748681474,0
PCO,D,20260303,000000,27.8802,27.9295,26.7374,26.8359,1094652.6110778374,0
PCO,D,20260304,000000,26.8852,27.0921,26.698,26.8655,817527.8604384224,0
PCO,D,20260305,000000,27.0822,27.2891,25.6931,26.1069,1096643.13770286,0
PCO,D,20260306,000000,25.9099,26.2941,25.4567,26.0872,850712.1013487924,0
PCO,D,20260309,000000,25.0823,26.0084,24.9247,25.9394,1085690.6735090849,0
PCO,D,20260310,000000,26.3039,26.5995,26.0281,26.1562,795688.910750835,0
PCO,D,20260311,000000,26.3434,26.3434,25.0232,25.2006,998514.5398340174,0
PCO,D,20260312,000000,25.3582,26.3631,25.2597,26.235,1550893.2912046798,0
PCO,D,20260313,000000,26.235,26.6093,25.6931,26.3236,2906924.0748831895,0
PCO,D,20260316,000000,26.3039,27.299,26.3039,27.23,803183.0760096525,0
PCO,D,20260317,000000,27.48,27.48,26.92,27.36,958227,0
PCO,D,20260318,000000,27.45,27.61,26.75,26.81,1311736,0
PCO,D,20260319,000000,26.4,26.51,25.42,25.5,1247054,0
PCO,D,20260320,000000,25.6,25.62,24.35,24.78,2767542,0
PCO,D,20260323,000000,24,25.8,23.62,25.43,1488749,0
PCO,D,20260324,000000,25.11,25.88,25.09,25.63,1742190,0
PCO,D,20260325,000000,25.97,26.52,25.77,25.87,1128616,0
PCO,D,20260326,000000,26.36,26.78,25.87,26.73,1196174,0
PCO,D,20260327,000000,26.79,26.8,26.01,26.47,1339972,0
PCO,D,20260330,000000,25.96,26.55,25.53,26.3,853343,0
PCO,D,20260331,000000,26.31,27.23,26.13,26.69,2304633,0
PCO,D,20260401,000000,27.21,27.97,27.21,27.76,1233546,0
PCO,D,20260402,000000,27.21,28.07,27.03,28.05,860819,0
PCO,D,20260407,000000,28.02,28.72,27.61,27.7,2013104,0
PCO,D,20260408,000000,28.78,28.98,28.35,28.39,1674355,0
PCO,D,20260409,000000,28.68,28.68,27.61,28.2,937723,0
PCO,D,20260410,000000,28.2,28.45,27.85,28.02,1289091,0
PCO,D,20260413,000000,27.84,28.15,27.69,27.8,953876,0
PCO,D,20260414,000000,27.92,28.13,27.66,27.9,780976,0
PCO,D,20260415,000000,27.8,28,27.62,27.88,646028,0
PCO,D,20260416,000000,27.88,28.21,27.66,28,2320328,0
PCO,D,20260417,000000,28,28.64,27.81,28.28,1191783,0
PCO,D,20260420,000000,27.86,28.49,27.81,28.25,578187,0
PCO,D,20260421,000000,28.2,28.84,28.15,28.6,1350372,0
PCO,D,20260422,000000,28.54,29.24,28.48,29.22,1193371,0
PCO,D,20260423,000000,30.9,31.94,30.03,31.81,3727967,0
PCO,D,20260424,000000,32,32.4,31.58,31.9,1801135,0
PCO,D,20260427,000000,31.99,33.14,31.92,32.78,3155994,0
PCO,D,20260428,000000,32.39,33.74,32.39,33,2746411,0
PCO,D,20260429,000000,33.27,33.3,32.25,32.25,1714084,0
PCO,D,20260430,000000,32.24,32.49,30.2,32.25,1169311,0
PCO,D,20260504,000000,32.7,33.05,31.7,32.1,1484977,0
PCO,D,20260505,000000,32.1,32.23,31.62,31.92,1097162,0
PCO,D,20260506,000000,31.92,33,31.91,33,1043961,0
PCO,D,20260507,000000,33.07,33.3,32.1,32.35,1322116,0
PCO,D,20260508,000000,32.01,32.3,31.37,31.79,1594344,0
PCO,D,20260511,000000,31.79,31.98,31.37,31.71,636261,0
PCO,D,20260512,000000,31.51,31.59,30.58,30.58,1652676,0
PCO,D,20260513,000000,30.59,30.83,30.32,30.74,783810,0
PCO,D,20260514,000000,30.74,31.23,30.33,31.05,871734,0
PCO,D,20260515,000000,30.71,31.07,30.46,30.83,587828,0
PCO,D,20260518,000000,30.66,32.37,30.42,32.08,1019421,0
PCO,D,20260519,000000,32.1,32.5,31.9,32.23,755401,0
PCO,D,20260520,000000,32.31,32.34,31.38,32.19,954975,0
PCO,D,20260521,000000,32.9,33.12,31.18,32,1628799,0
PCO,D,20260522,000000,32.34,33.62,32.23,33.62,1139474,0
PCO,D,20260525,000000,33.7,33.94,33.4,33.67,566108,0
PCO,D,20260526,000000,33.4,33.62,32.69,33.07,711565,0
PCO,D,20260527,000000,33.09,34.41,33.07,34.4,1420067,0
PCO,D,20260528,000000,34,34.69,34,34.46,1474476,0
PCO,D,20260529,000000,34.4,35,33.5,33.59,1614211,0
PCO,D,20260601,000000,33.61,33.7,32.97,33.28,1107599,0
PCO,D,20260602,000000,33.66,34.21,33.19,33.65,902508,0
PCO,D,20260603,000000,33.98,35.19,33.55,33.77,1345823,0
PCO,D,20260605,000000,34.5,34.6,33.91,34.2,1625689,0
PCO,D,20260608,000000,34.08,34.4,33.44,34.19,463624,0
PCO,D,20260609,000000,34.4,34.68,33.99,34.25,796559,0
PCO,D,20260610,000000,34.25,34.48,33.82,34.1,652199,0
PCO,D,20260611,000000,34.2,34.54,33.94,34.33,515100,0
PCO,D,20260612,000000,34.3,35.18,34.29,35,1075442,0
PCO,D,20260615,000000,35.35,36.49,34.6,34.6,1832283,0
PCO,D,20260616,000000,34.4,35.1,32.9,34.8,910360,0
PCO,D,20260617,000000,34.58,35.3,34.58,34.96,596662,0
PCO,D,20260618,000000,35.19,35.19,34.53,34.87,706566,0
PCO,D,20260619,000000,34.64,34.93,34.34,34.73,1393500,0
PCO,D,20260622,000000,35.06,35.99,34.85,35.29,1517847,0
PCO,D,20260623,000000,35.29,35.55,34.72,35.4,1493266,0
PCO,D,20260624,000000,35.55,35.85,35.24,35.6,2193732,0
PCO,D,20260625,000000,35.73,37.77,35.73,37.66,2683557,0
PCO,D,20260626,000000,37.52,37.73,36.34,37.25,2046716,0
PCO,D,20260629,000000,37.46,37.64,36.93,37.13,979869,0
PCO,D,20260630,000000,37.49,37.5,36.29,36.33,1114916,0
PCO,D,20260701,000000,36.4,36.77,36.1,36.69,1223801,0
PCO,D,20260702,000000,36.72,37.14,36.36,36.85,468387,0
PCO,D,20260703,000000,37.2,37.22,36.62,37.06,520764,0
PCO,D,20260706,000000,37.06,37.74,36.83,37.21,1048786,0
PCO,D,20260707,000000,37.21,37.28,36.54,36.72,620566,0
PCO,D,20260708,000000,36.79,36.79,35.56,36.5,763234,0
PCO,D,20260709,000000,37.5,38.55,36.75,38.2,2356093,0
PCO,D,20260710,000000,38.42,38.87,38.17,38.5,929660,0
PCO,D,20260713,000000,38.49,39.09,37.89,39.09,2033633,0
PCO,D,20260714,000000,39.2,41.04,39.2,40,4391484,0
PCO,D,20260715,000000,40.8,41.24,39.86,41.1,3231811,0
PCO,D,20260716,000000,41.1,41.39,40,40.64,2853421,0
PCO,D,20260717,000000,40.48,41.5,40.14,41.41,1413653,0
PCO,D,20260720,000000,41.35,42.45,41.34,41.75,1923942,0
PCO,D,20260721,000000,41.75,42.21,41.38,41.98,2294934,0
PCO,D,20260722,000000,41.5,43.87,41.5,43.79,2515464,0
PCO,D,20260723,000000,43.51,43.76,42.99,43.24,4767750,0
PCO,D,20260724,000000,43.09,43.89,42.82,43.89,1296200,0
PCO,D,20260727,000000,44,45.15,43.98,44.67,1901662,0
PCO,D,20260728,000000,45.5,46.34,45.46,46.02,4293480,0
PCO,D,20260729,000000,46.02,46.47,45.33,46.47,1579119,0
PCO,D,20260730,000000,46.46,46.46,45.22,45.51,1081291,0
PCO,D,20260731,000000,45.46,45.98,45.13,45.98,1429549,0
PCO,D,20260803,000000,45.97,46.6,45.85,46.5,895367,0
PCO,D,20260804,000000,46.76,47.08,46.06,47.02,837788,0
PCO,D,20260805,000000,47,47.31,46.49,46.6,830717,0
PCO,D,20260806,000000,46.69,47.02,46.32,46.66,1091956,0
PCO,D,20260807,000000,46.65,46.96,46.52,46.67,1035879,0
PCO,D,20260810,000000,46.8,46.86,46.08,46.38,1094414,0
PCO,D,20260811,000000,46.3,47.11,46.08,47.11,1335275,0
PCO,D,20260812,000000,47.14,47.14,45.97,46.22,577374,0
PCO,D,20260813,000000,44.44,45.28,43.3,44.72,1507427,0
PCO,D,20260814,000000,44.72,44.8,43.98,44.32,1140150,0
PCO,D,20260817,000000,44.3,44.3,43.5,44.14,1117571,0
PCO,D,20260818,000000,43.7,44.2,43.5,43.51,889330,0
