<TICKER>,<PER>,<DATE>,<TIME>,<OPEN>,<HIGH>,<LOW>,<CLOSE>,<VOL>,<OPENINT>
PTG,D,20211123,000000,72.9,73.9,58.01,61.99,26615,0
PTG,D,20211124,000000,61.99,62.4,59,62.4,5136,0
PTG,D,20211125,000000,62.5,63.89,60.1,61,716,0
PTG,D,20211126,000000,60,61,59,61,884,0
PTG,D,20211129,000000,61,61,59,60.46,476,0
PTG,D,20211130,000000,60.4,60.48,59,59,171,0
PTG,D,20211201,000000,58.5,59.5,58.5,59.5,107,0
PTG,D,20211202,000000,59.9,59.95,55.8,55.8,10057,0
PTG,D,20211203,000000,55.7,55.8,55,55,3430,0
PTG,D,20211206,000000,57.99,59,56,56,1273,0
PTG,D,20211207,000000,56,56,54,55.5,15094,0
PTG,D,20211208,000000,56.49,56.49,56.49,56.49,19,0
PTG,D,20211209,000000,56.49,58.95,54,55,33443,0
PTG,D,20211210,000000,57,58.09,56.99,57,4689,0
PTG,D,20211213,000000,59.94,60,58,58,2555,0
PTG,D,20211214,000000,59.9,64.9,59.9,64.5,6635,0
PTG,D,20211215,000000,64.7,69.8,64.7,68.21,9213,0
PTG,D,20211216,000000,68.3,69.4,65.2,69,3684,0
PTG,D,20211217,000000,69.35,70.4,65.6,70.4,2167,0
PTG,D,20211220,000000,70.5,71,69,70.49,2846,0
PTG,D,20211221,000000,70.59,70.59,67.8,69.31,1749,0
PTG,D,20211222,000000,69,69,66.66,67.9,1499,0
PTG,D,20211223,000000,66.68,66.68,64.1,65,4864,0
PTG,D,20211227,000000,67,68.97,64.41,68.97,4689,0
PTG,D,20211228,000000,68,68,64.55,67.5,6936,0
PTG,D,20211229,000000,67,70,65.3,70,4690,0
PTG,D,20211230,000000,69,69.3,68,68.8,7188,0
PTG,D,20220103,000000,68.8,72.4,68.8,71.5,9789,0
PTG,D,20220104,000000,72,72.9,70.5,72.4,5772,0
PTG,D,20220105,000000,72.4,72.5,71.6,72.4,2414,0
PTG,D,20220107,000000,72.4,72.5,71.4,72,1319,0
PTG,D,20220110,000000,72,72,68.9,69.9,2421,0
PTG,D,20220111,000000,70.46,70.46,68,69.2,1951,0
PTG,D,20220112,000000,69.3,70.4,68,68,2840,0
PTG,D,20220113,000000,69,69.98,65.6,69,1796,0
PTG,D,20220114,000000,70,70,66.13,68,1600,0
PTG,D,20220117,000000,68.7,69.5,68,69.5,803,0
PTG,D,20220118,000000,69.5,69.5,68,68,2586,0
PTG,D,20220119,000000,68,68,65,66.02,4848,0
PTG,D,20220120,000000,66.05,66.97,62.5,65.88,2177,0
PTG,D,20220121,000000,65.88,66,64,64.1,1205,0
PTG,D,20220124,000000,64,64.96,57.6,61,9439,0
PTG,D,20220125,000000,59,59.9,58,59.1,6251,0
PTG,D,20220126,000000,59.1,59.41,58.6,59,1717,0
PTG,D,20220127,000000,59.05,59.8,58.14,59.8,1993,0
PTG,D,20220128,000000,59.8,59.8,57.8,59,3099,0
PTG,D,20220131,000000,59,59,56.05,58,3630,0
PTG,D,20220201,000000,56.5,58.7,56.5,58,323,0
PTG,D,20220202,000000,58.9,58.9,57,58.2,536,0
PTG,D,20220203,000000,58.2,61,57.3,61,1225,0
PTG,D,20220204,000000,60.64,63,60.64,62.01,801,0
PTG,D,20220207,000000,64.95,64.95,61.01,63.5,90,0
PTG,D,20220208,000000,62,63.8,57.4,62,697,0
PTG,D,20220209,000000,63,63,60,62,376,0
PTG,D,20220210,000000,62.99,62.99,62,62,586,0
PTG,D,20220211,000000,62,62,61,61,248,0
PTG,D,20220214,000000,60,61,58,61,733,0
PTG,D,20220215,000000,58.26,60.49,58.26,59.5,177,0
PTG,D,20220216,000000,59.99,60.38,59.95,59.95,61,0
PTG,D,20220217,000000,57.5,60.4,57.5,58,139,0
PTG,D,20220218,000000,57.5,60.4,57.5,58,94,0
PTG,D,20220221,000000,57.5,60.5,56.3,57.2,1334,0
PTG,D,20220222,000000,56.4,57.31,56.35,57.31,849,0
PTG,D,20220223,000000,57.81,59.4,57.81,59,44,0
PTG,D,20220224,000000,50.1,54,46,50.2,5739,0
PTG,D,20220225,000000,51.6,57,47.3,57,2749,0
PTG,D,20220228,000000,55,55,49.5,51.97,9127,0
PTG,D,20220301,000000,51.98,52.4,49.5,51.33,10122,0
PTG,D,20220302,000000,49.6,51.9,47,51.9,2044,0
PTG,D,20220303,000000,51.9,51.9,48,51,671,0
PTG,D,20220304,000000,50.95,50.95,48.15,49.5,402,0
PTG,D,20220307,000000,49,49,44.12,47.99,2092,0
PTG,D,20220308,000000,48,48.98,46.3,47,1787,0
PTG,D,20220309,000000,48.98,49,48.98,49,126,0
PTG,D,20220310,000000,47.21,49,47.2,47.2,185,0
PTG,D,20220311,000000,47.01,48.895,47,47.4,7008,0
PTG,D,20220314,000000,48.8,48.8,48.5,48.5,170,0
PTG,D,20220315,000000,47,48.2,46.005,48.2,756,0
PTG,D,20220316,000000,48.2,48.4,46.51,46.51,412,0
PTG,D,20220317,000000,47,47,46,46.8,1458,0
PTG,D,20220318,000000,46.9,48.35,45.5,48.35,20707,0
PTG,D,20220321,000000,47.95,47.95,47,47.9,747,0
PTG,D,20220322,000000,47.26,47.85,47.26,47.69,1475,0
PTG,D,20220323,000000,47.69,48.7,47,47,8980,0
PTG,D,20220324,000000,47.95,47.95,47,47.9,1772,0
PTG,D,20220325,000000,48.3,48.595,47.3,47.795,706,0
PTG,D,20220328,000000,48.6,48.6,48.21,48.59,505,0
PTG,D,20220329,000000,48.59,48.6,47.795,48.6,1111,0
PTG,D,20220330,000000,48.4,48.6,48.2,48.4,534,0
PTG,D,20220331,000000,48.4,48.9,48.4,48.6,1677,0
PTG,D,20220401,000000,49,49.8,47.9,49.6,1182,0
PTG,D,20220404,000000,50.55,50.55,49,49,1439,0
PTG,D,20220405,000000,49.9,50.1,49.48,49.85,604,0
PTG,D,20220406,000000,50,51.6,50,51.6,1616,0
PTG,D,20220407,000000,51.5,51.5,50,50,767,0
PTG,D,20220408,000000,50,50,49.48,50,564,0
PTG,D,20220411,000000,49.4,50.6,48.3,50.6,399,0
PTG,D,20220412,000000,50.5,50.5,50.5,50.5,33,0
PTG,D,20220413,000000,50.2,50.4,48.5,48.5,365,0
PTG,D,20220414,000000,48.5,48.5,47,48,491,0
PTG,D,20220419,000000,48.4,49.7,48,49.6,880,0
PTG,D,20220420,000000,49.1,49.1,48.2,48.2,177,0
PTG,D,20220421,000000,48.9,48.9,48.2,48.2,150,0
PTG,D,20220422,000000,48.5,48.6,47,48.4,2365,0
PTG,D,20220425,000000,48,48,46.6,47.7,64,0
PTG,D,20220426,000000,47.5,47.5,46.3,47,4938,0
PTG,D,20220427,000000,46,49.4,46,49.4,254,0
PTG,D,20220428,000000,49,49.7,47,49.5,437,0
PTG,D,20220429,000000,49,49,47,47,170,0
PTG,D,20220502,000000,46.9,47.9,46.9,47.9,31,0
PTG,D,20220504,000000,47.5,47.5,44.6,45.6,143,0
PTG,D,20220505,000000,46,46.2,46,46,80,0
PTG,D,20220506,000000,45.6,47.5,44.2,47.4,750,0
PTG,D,20220509,000000,45,46,42.3,45,2223,0
PTG,D,20220510,000000,44.5,45.4,44,45.4,1652,0
PTG,D,20220511,000000,44,45,44,44.1,373,0
PTG,D,20220512,000000,45,45.4,44,44,426,0
PTG,D,20220513,000000,45,45.3,43.5,45.3,5198,0
PTG,D,20220516,000000,45.1,45.1,43.6,44,1113,0
PTG,D,20220517,000000,43.9,43.9,43.3,43.9,1200,0
PTG,D,20220518,000000,43.3,43.9,42.7,43,472,0
PTG,D,20220519,000000,43,43,41,43,137,0
PTG,D,20220520,000000,41.2,43,40,42,1350,0
PTG,D,20220523,000000,42,43.9,42,43.6,1136,0
PTG,D,20220524,000000,43.6,43.6,41.5,43.6,271,0
PTG,D,20220526,000000,43.6,43.6,41.5,41.5,856,0
PTG,D,20220527,000000,41,41.9,41,41.5,5431,0
PTG,D,20220530,000000,41.5,42.2,41,42.2,3495,0
PTG,D,20220531,000000,42.2,42.2,39.3,41,1301,0
PTG,D,20220601,000000,38.1,41,38,39.8,2624,0
PTG,D,20220602,000000,38.4,40.2,38.4,40,106,0
PTG,D,20220603,000000,39,39.5,37.1,39.4,709,0
PTG,D,20220606,000000,39.8,39.9,38.5,39.9,967,0
PTG,D,20220607,000000,37.9,39.9,37.9,39.9,2711,0
PTG,D,20220608,000000,39.9,39.9,39.8,39.8,27,0
PTG,D,20220609,000000,38.6,39.8,38,39.8,6378,0
PTG,D,20220610,000000,38.2,38.6,37.2,37.7,6602,0
PTG,D,20220613,000000,37.7,39.7,37.1,37.1,351,0
PTG,D,20220614,000000,37.1,37.1,36,36.7,425,0
PTG,D,20220615,000000,34.5,35.8,34,35.8,1901,0
PTG,D,20220617,000000,35.8,38.8,35.7,38.7,464,0
PTG,D,20220620,000000,38.8,38.8,35.1,37.6,8206,0
PTG,D,20220621,000000,37.5,37.5,35.8,36.5,627,0
PTG,D,20220622,000000,36.5,37.3,36.5,37.3,334,0
PTG,D,20220623,000000,37.9,37.9,37.9,37.9,6,0
PTG,D,20220624,000000,38.8,38.8,35,38.7,982,0
PTG,D,20220627,000000,38.7,38.7,33.1,36,14746,0
PTG,D,20220628,000000,37.9,38,34.2,38,1471,0
PTG,D,20220629,000000,37.8,38,37.8,38,472,0
PTG,D,20220630,000000,37.9,37.9,37.9,37.9,811,0
PTG,D,20220701,000000,37.9,37.9,37.5,37.5,744,0
PTG,D,20220704,000000,39,39,36.5,39,122,0
PTG,D,20220705,000000,38.9,39,36.7,39,472,0
PTG,D,20220706,000000,37.1,38.6,36.6,36.7,334,0
PTG,D,20220707,000000,36.6,41.5,36,38.9,4385,0
PTG,D,20220708,000000,36.7,38.3,36.7,36.8,747,0
PTG,D,20220711,000000,39.7,39.7,36,37.9,396,0
PTG,D,20220712,000000,37.9,37.9,37,37,11,0
PTG,D,20220713,000000,37.5,37.5,36.6,36.6,1142,0
PTG,D,20220714,000000,36.6,37.5,36.6,36.6,51,0
PTG,D,20220715,000000,36.6,38,35.6,37.9,1278,0
PTG,D,20220718,000000,38.4,38.4,36.3,37.9,199,0
PTG,D,20220719,000000,38.5,38.5,36,37.9,124,0
PTG,D,20220720,000000,37,37,35,35.6,847,0
PTG,D,20220721,000000,35,35,33.1,34,2379,0
PTG,D,20220722,000000,33.8,35,33.8,35,3133,0
PTG,D,20220725,000000,34,35.5,33.9,35.5,3786,0
PTG,D,20220726,000000,35.6,35.9,35.6,35.9,101,0
PTG,D,20220727,000000,35.8,35.8,34.5,34.5,38,0
PTG,D,20220728,000000,34,34.5,34,34.2,934,0
PTG,D,20220729,000000,34.1,34.5,34,34.5,569,0
PTG,D,20220801,000000,34.5,34.5,33.8,33.8,259,0
PTG,D,20220802,000000,34.5,34.5,33.8,33.8,462,0
PTG,D,20220803,000000,34.5,34.5,33.5,34.5,254,0
PTG,D,20220804,000000,34.5,34.5,34.4,34.4,71,0
PTG,D,20220805,000000,34.4,34.4,33.7,33.7,216,0
PTG,D,20220808,000000,34.5,34.5,33,34.1,1209,0
PTG,D,20220809,000000,33.9,36,33.9,36,1401,0
PTG,D,20220810,000000,34.5,35.5,34.5,35.5,970,0
PTG,D,20220811,000000,35,35,33.7,35,406,0
PTG,D,20220812,000000,33.8,35,33.8,35,32,0
PTG,D,20220816,000000,35,35.5,35,35,217,0
PTG,D,20220817,000000,35,35,35,35,489,0
PTG,D,20220818,000000,34.1,34.9,33.7,34.9,221,0
PTG,D,20220819,000000,33.8,34.5,33.7,33.7,276,0
PTG,D,20220822,000000,34.9,34.9,34,34,825,0
PTG,D,20220823,000000,34,34,34,34,151,0
PTG,D,20220824,000000,33.7,34.1,32,33.4,1182,0
PTG,D,20220825,000000,32,33.4,32,32.5,1006,0
PTG,D,20220826,000000,32.9,32.9,32.5,32.5,24,0
PTG,D,20220829,000000,31.6,33,30.1,32,1320,0
PTG,D,20220830,000000,32,32,32,32,658,0
PTG,D,20220831,000000,30.4,32.8,30.4,32.4,500,0
PTG,D,20220901,000000,30.6,32.5,30.6,31,1004,0
PTG,D,20220902,000000,31,31.9,30.5,31.9,1565,0
PTG,D,20220905,000000,30.9,31.9,30.5,31.9,761,0
PTG,D,20220906,000000,31.8,31.8,30.5,31.8,727,0
PTG,D,20220908,000000,31.8,31.8,31.6,31.6,850,0
PTG,D,20220909,000000,31.6,34.3,31.6,34.3,1343,0
PTG,D,20220912,000000,34.7,34.7,32,34.2,1165,0
PTG,D,20220913,000000,33,33.8,33,33.8,80,0
PTG,D,20220914,000000,34,34,34,34,1050,0
PTG,D,20220915,000000,35,35.1,34,34.7,2223,0
PTG,D,20220919,000000,34.9,34.9,33,34.8,363,0
PTG,D,20220920,000000,33.6,34.7,33.6,33.6,1997,0
PTG,D,20220921,000000,34,34.4,33.2,33.8,4485,0
PTG,D,20220922,000000,33.9,33.9,33.5,33.6,1600,0
PTG,D,20220923,000000,33.9,33.9,30.8,32,1496,0
PTG,D,20220926,000000,33,34,30.6,32,29578,0
PTG,D,20220927,000000,32.9,34,30.5,30.5,2418,0
PTG,D,20220928,000000,30.5,32.9,30.5,32.8,1912,0
PTG,D,20220929,000000,31.2,33.9,31,33.9,2562,0
PTG,D,20220930,000000,32.9,34.5,32.4,34.5,1585,0
PTG,D,20221003,000000,32.5,35.7,32.5,34.7,62,0
PTG,D,20221004,000000,34.8,34.8,34.8,34.8,33,0
PTG,D,20221005,000000,34.9,36.9,33,36.9,1524,0
PTG,D,20221006,000000,36.9,41.4,36.9,41,860,0
PTG,D,20221007,000000,41.4,41.4,38.3,41.2,1092,0
PTG,D,20221010,000000,41,41,36,40.5,2445,0
PTG,D,20221011,000000,40,40,40,40,40,0
PTG,D,20221012,000000,38,40.1,37,39.4,1214,0
PTG,D,20221013,000000,39.5,40,38,40,576,0
PTG,D,20221014,000000,39,39,38,38,153,0
PTG,D,20221017,000000,39.1,39.1,39.1,39.1,10,0
PTG,D,20221018,000000,39.5,39.5,38,38,58,0
PTG,D,20221019,000000,37.8,37.8,37.5,37.5,180,0
PTG,D,20221020,000000,36.5,37,36.2,37,1133,0
PTG,D,20221021,000000,36,37.5,36,37,85,0
PTG,D,20221024,000000,37.5,37.5,37,37,315,0
PTG,D,20221025,000000,36.4,36.4,35,35,439,0
PTG,D,20221026,000000,34.9,34.9,32,34,1208,0
PTG,D,20221027,000000,33.9,34,32.1,34,390,0
PTG,D,20221028,000000,34,34,34,34,198,0
PTG,D,20221031,000000,34,34,30.6,34,837,0
PTG,D,20221102,000000,33.8,34,31.9,34,1244,0
PTG,D,20221103,000000,32.2,33.3,32.2,33,187,0
PTG,D,20221104,000000,33,34,33,34,471,0
PTG,D,20221107,000000,34.5,34.5,33.5,33.5,400,0
PTG,D,20221108,000000,34,34,32,32.6,567,0
PTG,D,20221109,000000,32,33,31,33,657,0
PTG,D,20221110,000000,32.1,32.9,32,32.5,1325,0
PTG,D,20221114,000000,32.9,35,31.5,35,1338,0
PTG,D,20221115,000000,35,36.5,32.5,35.9,223,0
PTG,D,20221116,000000,35.9,35.9,35.9,35.9,63,0
PTG,D,20221117,000000,33,34,33,33.9,3372,0
PTG,D,20221118,000000,33,35.9,33,35.9,1330,0
PTG,D,20221121,000000,34,37.9,34,37.9,1464,0
PTG,D,20221122,000000,39.9,39.9,36.4,38,3704,0
PTG,D,20221123,000000,36.3,39.5,36.3,39.5,1040,0
PTG,D,20221124,000000,39.5,39.5,38.9,39.5,3087,0
PTG,D,20221125,000000,40,40,38.5,39.9,2445,0
PTG,D,20221128,000000,39,44.3,39,44.3,7179,0
PTG,D,20221129,000000,44.3,46,43,43.2,644,0
PTG,D,20221130,000000,44.6,45,42.4,44.6,1429,0
PTG,D,20221201,000000,44.1,44.1,44.1,44.1,29,0
PTG,D,20221202,000000,44,44.5,44,44.5,264,0
PTG,D,20221205,000000,44,46.2,44,44.1,882,0
PTG,D,20221206,000000,42,45.5,42,45.5,878,0
PTG,D,20221207,000000,45.5,45.5,43,45.5,1322,0
PTG,D,20221208,000000,44.9,45.5,43.5,45.5,729,0
PTG,D,20221209,000000,42.8,44.9,42.8,42.8,176,0
PTG,D,20221212,000000,45,45.4,42.5,45.4,1437,0
PTG,D,20221213,000000,44.6,46,44.6,46,9160,0
PTG,D,20221214,000000,46,46,45,45.1,306,0
PTG,D,20221215,000000,45.7,46,43.6,46,1764,0
PTG,D,20221216,000000,46,46,44.2,44.4,168,0
PTG,D,20221219,000000,44.4,46,43.7,46,1176,0
PTG,D,20221220,000000,46,46,44.1,45.1,875,0
PTG,D,20221221,000000,45.9,46,44.3,46,1093,0
PTG,D,20221223,000000,45.8,45.8,45.7,45.7,139,0
PTG,D,20221227,000000,44.5,45.7,44,45.7,1731,0
PTG,D,20221228,000000,44.3,45.5,44,44.5,1326,0
PTG,D,20221229,000000,44.5,46,44.5,46,1643,0
PTG,D,20221230,000000,45.9,46,44.7,46,1824,0
PTG,D,20230102,000000,45.5,48,45,48,1252,0
PTG,D,20230103,000000,48.4,48.4,45,47,2561,0
PTG,D,20230104,000000,47,47,45.7,46.9,950,0
PTG,D,20230105,000000,46.9,48,46,48,1266,0
PTG,D,20230109,000000,48,48,48,48,2,0
PTG,D,20230110,000000,46.4,50,46.4,50,1140,0
PTG,D,20230111,000000,50,50,48.5,49,1497,0
PTG,D,20230112,000000,49.5,50,49,49,1100,0
PTG,D,20230113,000000,49,49.9,48.5,48.5,2099,0
PTG,D,20230116,000000,48.1,56.8,48,52.8,3746,0
PTG,D,20230117,000000,52.2,54.4,49.6,54.2,1221,0
PTG,D,20230118,000000,54.4,56.2,53,54.6,1097,0
PTG,D,20230119,000000,53.6,55,53.6,54,1662,0
PTG,D,20230120,000000,55,56.8,52.8,56.8,2032,0
PTG,D,20230123,000000,57,57.2,53.6,53.8,3195,0
PTG,D,20230124,000000,54,55,53.4,53.4,1011,0
PTG,D,20230125,000000,53.6,53.6,51,51.8,2612,0
PTG,D,20230126,000000,52,55,52,55,1335,0
PTG,D,20230127,000000,53.6,54.8,51.4,54.8,1809,0
PTG,D,20230130,000000,52.4,54,52,52,414,0
PTG,D,20230131,000000,52.4,54,51,52,2898,0
PTG,D,20230201,000000,53.8,54.6,53.8,54,32,0
PTG,D,20230202,000000,54,55,51.2,55,580,0
PTG,D,20230203,000000,51.4,55,51.4,55,1458,0
PTG,D,20230206,000000,55,55,55,55,35,0
PTG,D,20230207,000000,55,55,52,54.6,1864,0
PTG,D,20230208,000000,54.6,54.6,51.6,54.6,2081,0
PTG,D,20230209,000000,54.6,54.6,51,51,4140,0
PTG,D,20230210,000000,51,52.6,51,52.6,2563,0
PTG,D,20230213,000000,53.6,53.8,50.4,51.4,1297,0
PTG,D,20230214,000000,53.8,53.8,51.6,53.6,1806,0
PTG,D,20230215,000000,52.2,52.6,51,52,1767,0
PTG,D,20230216,000000,52,53.8,51.2,53.8,900,0
PTG,D,20230217,000000,51.8,54,51.8,54,614,0
PTG,D,20230220,000000,53,53,51,51.4,2934,0
PTG,D,20230221,000000,51.2,53.2,50.6,53.2,990,0
PTG,D,20230222,000000,51.6,52.6,50.6,52.6,4332,0
PTG,D,20230223,000000,52.8,52.8,50.8,50.8,2686,0
PTG,D,20230224,000000,51,52.6,50.2,52.6,1603,0
PTG,D,20230227,000000,51,52.4,50.4,52.2,1359,0
PTG,D,20230228,000000,52,53.6,52,53.6,1599,0
PTG,D,20230301,000000,52.6,53.6,52,53.6,2113,0
PTG,D,20230302,000000,52.2,55,52.2,55,2606,0
PTG,D,20230303,000000,54,54.2,53,54,2532,0
PTG,D,20230306,000000,52.8,54.8,52.6,52.6,1188,0
PTG,D,20230307,000000,53.8,53.8,52.4,53.6,37,0
PTG,D,20230308,000000,52.4,53.6,52.4,53.6,402,0
PTG,D,20230309,000000,53.6,53.6,52.2,53,251,0
PTG,D,20230310,000000,53.2,54.8,51,51,3042,0
PTG,D,20230313,000000,51,51,47.5,50,3288,0
PTG,D,20230314,000000,50,51.6,48.5,50,747,0
PTG,D,20230315,000000,50.8,52,48.6,52,1056,0
PTG,D,20230316,000000,52,54.6,50,54,1136,0
PTG,D,20230317,000000,54,54,52,53.6,750,0
PTG,D,20230320,000000,52,53,52,53,80,0
PTG,D,20230321,000000,53,53,52,52.2,372,0
PTG,D,20230322,000000,52.8,53.8,50.8,50.8,1241,0
PTG,D,20230323,000000,51,52,48.6,52,154,0
PTG,D,20230324,000000,52,54,52,54,1006,0
PTG,D,20230327,000000,51.8,54,51.4,54,734,0
PTG,D,20230328,000000,54,55.8,53.8,55.8,3365,0
PTG,D,20230329,000000,55.8,56,55.4,55.4,1768,0
PTG,D,20230330,000000,55.2,56.4,54,55,4327,0
PTG,D,20230331,000000,55,55,53,53,4073,0
PTG,D,20230403,000000,54.6,54.8,53,54,1732,0
PTG,D,20230404,000000,53,54.8,53,53.2,630,0
PTG,D,20230405,000000,54,54.8,54,54.8,270,0
PTG,D,20230406,000000,54.8,55,53.6,53.6,403,0
PTG,D,20230411,000000,53.6,55,53.6,55,426,0
PTG,D,20230412,000000,55,55.8,54,55.8,1274,0
PTG,D,20230413,000000,54.2,55,53.8,55,3407,0
PTG,D,20230414,000000,54,54.6,54,54,3003,0
PTG,D,20230417,000000,54,54.6,53,54.4,825,0
PTG,D,20230418,000000,53.4,54.4,53.4,54,1424,0
PTG,D,20230419,000000,53.8,54.4,53.8,54.4,1190,0
PTG,D,20230420,000000,54,54,53.2,53.6,1296,0
PTG,D,20230421,000000,53.6,54,53,54,1168,0
PTG,D,20230424,000000,53,53.8,53,53,1382,0
PTG,D,20230425,000000,52.4,53,52.4,52.4,442,0
PTG,D,20230426,000000,52.2,53.4,52.2,52.8,3791,0
PTG,D,20230427,000000,52.2,53.8,51,53.8,2974,0
PTG,D,20230428,000000,53.6,53.8,53.6,53.8,250,0
PTG,D,20230502,000000,53,55.4,53,55.2,2513,0
PTG,D,20230504,000000,53.2,55.8,53.2,55.6,2237,0
PTG,D,20230505,000000,54.4,55,53.4,54,4889,0
PTG,D,20230508,000000,55,55,54,54,507,0
PTG,D,20230509,000000,54,54,52.8,54,687,0
PTG,D,20230510,000000,53,54.2,52,54.2,4478,0
PTG,D,20230511,000000,54,54,53,54,744,0
PTG,D,20230512,000000,53.4,53.4,53.4,53.4,410,0
PTG,D,20230515,000000,54,54,52.8,53.8,1378,0
PTG,D,20230516,000000,53.8,53.8,52.8,53,2636,0
PTG,D,20230517,000000,52.6,52.6,51.2,51.2,1961,0
PTG,D,20230518,000000,51.8,52,51,51.6,1835,0
PTG,D,20230519,000000,51,54.4,50,54.4,6381,0
PTG,D,20230522,000000,54.8,55,52.8,53.8,3442,0
PTG,D,20230523,000000,53.6,53.6,52.2,53.2,1476,0
PTG,D,20230524,000000,53.6,53.8,51.8,52.8,1577,0
PTG,D,20230525,000000,53.4,53.4,51,51.6,1247,0
PTG,D,20230526,000000,51.6,53,51,52.6,1164,0
PTG,D,20230529,000000,51.8,52.4,51.8,52.4,1317,0
PTG,D,20230530,000000,52.4,52.6,51.2,51.2,1043,0
PTG,D,20230531,000000,52,52,51,51,367,0
PTG,D,20230601,000000,51,51,49.3,49.7,482,0
PTG,D,20230602,000000,51.2,52,45,52,6975,0
PTG,D,20230605,000000,52,52.8,48.9,52.8,6535,0
PTG,D,20230606,000000,52.8,53.8,51,53.8,3946,0
PTG,D,20230607,000000,51.4,52.2,51,52.2,3517,0
PTG,D,20230609,000000,52,52,52,52,750,0
PTG,D,20230612,000000,52,53,50.8,50.8,1527,0
PTG,D,20230613,000000,51.2,53,50.6,50.6,2957,0
PTG,D,20230614,000000,50.8,53.8,50.8,53.4,2911,0
PTG,D,20230615,000000,52,53.8,52,53.8,4387,0
PTG,D,20230616,000000,53.4,53.4,52,53.4,4758,0
PTG,D,20230619,000000,53.6,54.2,53,53.8,2773,0
PTG,D,20230620,000000,54.4,58.8,54.4,58,15282,0
PTG,D,20230621,000000,58,58,57,57.8,3714,0
PTG,D,20230622,000000,57.8,58,57.2,57.8,1584,0
PTG,D,20230623,000000,57.8,58,56.8,57.8,2578,0
PTG,D,20230626,000000,58,58,56,56.2,1209,0
PTG,D,20230627,000000,56,56.8,55.2,56.8,1730,0
PTG,D,20230628,000000,55.6,56.6,54.4,55,4453,0
PTG,D,20230629,000000,54.4,55.6,53.6,54.4,3228,0
PTG,D,20230630,000000,55,55,53.4,53.8,2158,0
PTG,D,20230703,000000,54,55.4,52.2,54,5729,0
PTG,D,20230704,000000,55.2,55.6,53.2,55.6,583,0
PTG,D,20230705,000000,54,55,52.8,55,3693,0
PTG,D,20230706,000000,53.6,55.2,53,53.4,1789,0
PTG,D,20230707,000000,53.4,56,53.4,56,1477,0
PTG,D,20230710,000000,55.8,56,54.2,56,848,0
PTG,D,20230711,000000,56,56,56,56,10,0
PTG,D,20230712,000000,55,56,54,56,1969,0
PTG,D,20230713,000000,55.2,55.8,55.2,55.8,1001,0
PTG,D,20230714,000000,55.2,56,55.2,55.2,797,0
PTG,D,20230717,000000,55.2,55.2,54,55.2,1709,0
PTG,D,20230718,000000,55,57,54.4,57,1740,0
PTG,D,20230719,000000,56.8,57.8,56,57.8,1719,0
PTG,D,20230720,000000,58,58.4,57.6,57.6,822,0
PTG,D,20230721,000000,56.4,58,56.4,58,1409,0
PTG,D,20230724,000000,58,58,56.8,58,7205,0
PTG,D,20230725,000000,58,58.6,57.2,58.6,1315,0
PTG,D,20230726,000000,58.6,59,57,57,1111,0
PTG,D,20230727,000000,56.8,60,56.4,60,2754,0
PTG,D,20230728,000000,60,64,59,64,2214,0
PTG,D,20230731,000000,64,65,62.6,65,902,0
PTG,D,20230801,000000,63,65,63,64.8,1183,0
PTG,D,20230802,000000,64.6,64.6,63,64,940,0
PTG,D,20230803,000000,64.4,64.6,63,64.6,1054,0
PTG,D,20230804,000000,63.6,65,63.6,65,688,0
PTG,D,20230807,000000,63,65,63,65,360,0
PTG,D,20230808,000000,63.8,64.8,63.4,64.8,980,0
PTG,D,20230809,000000,63,65,63,65,586,0
PTG,D,20230810,000000,63.8,64.8,63.8,64.8,373,0
PTG,D,20230811,000000,64.8,64.8,60.4,61.6,3811,0
PTG,D,20230814,000000,61.6,63.2,61.2,63.2,1227,0
PTG,D,20230816,000000,63,63,62,62.8,763,0
PTG,D,20230817,000000,62,62.8,62,62.4,1030,0
PTG,D,20230818,000000,62,62,59.4,60.4,4630,0
PTG,D,20230821,000000,59.2,64.6,59.2,64.6,1258,0
PTG,D,20230822,000000,64,64,63.8,64,113,0
PTG,D,20230823,000000,64,64,62.4,62.8,71,0
PTG,D,20230824,000000,61.2,63.2,61,63.2,170,0
PTG,D,20230825,000000,62.6,63,61,63,353,0
PTG,D,20230828,000000,61,63,61,63,320,0
PTG,D,20230829,000000,61.8,63,61,63,838,0
PTG,D,20230830,000000,61.6,62,61.6,61.8,170,0
PTG,D,20230831,000000,62.8,62.8,60.6,60.6,16,0
PTG,D,20230901,000000,61.4,63.8,61.2,63.8,695,0
PTG,D,20230904,000000,62.6,62.6,60.4,62.6,325,0
PTG,D,20230905,000000,60.2,62.4,60,62.4,772,0
PTG,D,20230906,000000,60.8,62.4,60.8,62,375,0
PTG,D,20230907,000000,61.8,61.8,60.8,61.6,1482,0
PTG,D,20230908,000000,60.6,60.6,58.6,60,2181,0
PTG,D,20230911,000000,59,59.8,57.8,59.8,953,0
PTG,D,20230912,000000,59.8,61.6,59.4,61.6,703,0
PTG,D,20230913,000000,61.6,61.6,60.4,61.6,482,0
PTG,D,20230914,000000,61.2,61.2,61.2,61.2,905,0
PTG,D,20230915,000000,60,61,60,60.2,297,0
PTG,D,20230918,000000,58.4,60.2,58.4,60.2,623,0
PTG,D,20230919,000000,59,59.2,58.6,59.2,1063,0
PTG,D,20230920,000000,58.6,61.2,58.4,61.2,1561,0
PTG,D,20230921,000000,59.4,61,59.4,60.8,732,0
PTG,D,20230922,000000,60,61,59.8,59.8,1366,0
PTG,D,20230925,000000,59.6,60.2,59.4,59.4,264,0
PTG,D,20230926,000000,59.4,60,58.8,59.8,383,0
PTG,D,20230927,000000,59,60,58.8,60,1577,0
PTG,D,20230928,000000,60,60,58.6,59.8,1917,0
PTG,D,20230929,000000,58.6,59.6,58.4,59.6,1008,0
PTG,D,20231002,000000,58.6,59,57.8,58.6,1304,0
PTG,D,20231003,000000,57.6,58.6,57.2,58,1712,0
PTG,D,20231004,000000,58,60,57.2,60,1065,0
PTG,D,20231005,000000,58.6,59,58.2,59,602,0
PTG,D,20231006,000000,58.2,58.8,57,58.6,1786,0
PTG,D,20231009,000000,57,58.2,53.4,58.2,3017,0
PTG,D,20231010,000000,56,58.6,56,58.6,839,0
PTG,D,20231011,000000,57.6,58.2,57.6,58.2,347,0
PTG,D,20231012,000000,57.8,58,57.6,57.6,38,0
PTG,D,20231013,000000,57.6,58.4,57.6,57.8,1891,0
PTG,D,20231016,000000,58.4,58.4,57.4,58.4,1150,0
PTG,D,20231017,000000,57.6,60,57.6,60,3830,0
PTG,D,20231018,000000,58.8,60,58.6,60,485,0
PTG,D,20231019,000000,58.2,58.6,58,58,467,0
PTG,D,20231020,000000,57.8,59,57.8,59,699,0
PTG,D,20231023,000000,57.8,59.4,57.8,59.4,1119,0
PTG,D,20231024,000000,58.4,59.4,58.4,59.4,1112,0
PTG,D,20231025,000000,59,59,58.4,59,1683,0
PTG,D,20231026,000000,57.8,58.6,57.8,58.6,717,0
PTG,D,20231027,000000,57.8,59,57.8,58.8,549,0
PTG,D,20231030,000000,58,58.8,58,58.8,321,0
PTG,D,20231031,000000,57.4,58.6,57.2,58.6,1419,0
PTG,D,20231102,000000,57.6,58.6,57.6,58.6,356,0
PTG,D,20231103,000000,58,60,58,60,3099,0
PTG,D,20231106,000000,60,60,58.4,59.2,1142,0
PTG,D,20231107,000000,58.8,59.4,58.4,58.8,843,0
PTG,D,20231108,000000,58,58.4,56.6,56.6,1133,0
PTG,D,20231109,000000,56.6,58.2,56.4,58.2,475,0
PTG,D,20231110,000000,56.8,56.8,56.4,56.4,589,0
PTG,D,20231113,000000,56,57,54.2,55,1972,0
PTG,D,20231114,000000,54.6,57.4,54.6,57.4,774,0
PTG,D,20231115,000000,55.2,57.4,55,56.4,1035,0
PTG,D,20231116,000000,56.4,56.4,51.4,55.4,2075,0
PTG,D,20231117,000000,53.2,55.6,53,55.6,870,0
PTG,D,20231120,000000,55.6,55.6,52.4,53.8,3383,0
PTG,D,20231121,000000,53.6,54.4,52.8,52.8,957,0
PTG,D,20231122,000000,52.4,54.2,52,54.2,588,0
PTG,D,20231123,000000,52,54.2,52,52.8,324,0
PTG,D,20231124,000000,52.2,53.8,51.6,52.4,870,0
PTG,D,20231127,000000,51.6,53,51.4,53,578,0
PTG,D,20231128,000000,53,53,51.4,53,269,0
PTG,D,20231129,000000,53,53,51.6,53,1224,0
PTG,D,20231130,000000,52,52,51.2,52,733,0
PTG,D,20231201,000000,51.2,53,49.2,53,3229,0
PTG,D,20231204,000000,53,53,51.6,52.6,390,0
PTG,D,20231205,000000,51.2,51.4,49.8,50.2,2524,0
PTG,D,20231206,000000,50.2,50.2,48.4,49.9,1789,0
PTG,D,20231207,000000,50,52,49,52,1252,0
PTG,D,20231208,000000,50.2,51.8,49.8,51.4,3512,0
PTG,D,20231211,000000,50.6,51.2,50,51,1156,0
PTG,D,20231212,000000,50,50.8,50,50.8,800,0
PTG,D,20231213,000000,50.2,51,50.2,50.2,1045,0
PTG,D,20231214,000000,50.2,51.2,46.7,49.8,3449,0
PTG,D,20231215,000000,49.5,50,48.8,50,1350,0
PTG,D,20231218,000000,50,50,49.1,50,310,0
PTG,D,20231219,000000,49.5,49.8,49,49.6,797,0
PTG,D,20231220,000000,48.8,48.8,48.6,48.6,1556,0
PTG,D,20231221,000000,48.6,48.7,47,47.8,1516,0
PTG,D,20231222,000000,47.1,50,47.1,50,5551,0
PTG,D,20231227,000000,50,50,47.5,48.6,4927,0
PTG,D,20231228,000000,48.6,49.9,48.6,49.9,660,0
PTG,D,20231229,000000,49.6,49.8,48.6,49.8,760,0
PTG,D,20240102,000000,49.5,49.9,49.5,49.5,725,0
PTG,D,20240103,000000,49.1,49.8,48.4,49.7,316,0
PTG,D,20240104,000000,48.4,49.6,48,48,409,0
PTG,D,20240105,000000,48.4,49.5,48,48.1,363,0
PTG,D,20240108,000000,49.5,49.5,48,48,542,0
PTG,D,20240109,000000,48,48,48,48,1,0
PTG,D,20240110,000000,48.2,48.8,48,48,384,0
PTG,D,20240111,000000,48.1,49.3,48,49.3,234,0
PTG,D,20240112,000000,52,52,48,49.5,24140,0
PTG,D,20240115,000000,48.9,49.4,48.1,49.4,956,0
PTG,D,20240116,000000,48.2,49,47.1,48.6,2213,0
PTG,D,20240117,000000,48.1,49.9,48.1,49.9,1006,0
PTG,D,20240118,000000,49.1,49.5,49,49.5,709,0
PTG,D,20240119,000000,48.4,49.4,48.3,48.3,292,0
PTG,D,20240122,000000,48.1,49.7,48.1,49.7,428,0
PTG,D,20240123,000000,48.3,49.7,48.3,49.7,282,0
PTG,D,20240124,000000,49,49.9,49,49,345,0
PTG,D,20240125,000000,49,49,49,49,104,0
PTG,D,20240126,000000,49.8,50,49.1,49.9,503,0
PTG,D,20240129,000000,49.1,49.9,49,49.9,575,0
PTG,D,20240130,000000,49.2,49.9,49,49.9,493,0
PTG,D,20240131,000000,49.9,50.8,49.3,50.8,538,0
PTG,D,20240201,000000,51.2,51.2,49.7,51.2,754,0
PTG,D,20240202,000000,50.6,51.6,50.4,51.6,1522,0
PTG,D,20240205,000000,51.6,51.8,49.6,51.4,1221,0
PTG,D,20240206,000000,50.6,52,50.4,50.8,8135,0
PTG,D,20240207,000000,52,52,50.4,50.4,389,0
PTG,D,20240208,000000,49.8,49.8,49.8,49.8,38,0
PTG,D,20240209,000000,51.4,52,50.6,50.6,65,0
PTG,D,20240212,000000,49.8,51.6,49.8,51.4,321,0
PTG,D,20240213,000000,51.4,51.4,51,51,100,0
PTG,D,20240214,000000,51,51,50.2,50.2,140,0
PTG,D,20240215,000000,50.2,52,50.2,52,380,0
PTG,D,20240216,000000,50.8,51.8,50.2,50.2,110,0
PTG,D,20240219,000000,50,50.8,49.1,50.8,1342,0
PTG,D,20240220,000000,50,51.6,50,51.6,406,0
PTG,D,20240221,000000,50.2,51.6,50.2,51.6,621,0
PTG,D,20240222,000000,51.4,52.8,50.8,50.8,2326,0
PTG,D,20240223,000000,50.2,52.8,50.2,52,889,0
PTG,D,20240226,000000,52.4,52.4,50.8,50.8,98,0
PTG,D,20240227,000000,50.8,52,50.2,52,1338,0
PTG,D,20240228,000000,52.2,53.2,52.2,53.2,1234,0
PTG,D,20240229,000000,53,53.2,53,53.2,69,0
PTG,D,20240301,000000,53.2,53.2,50,50.2,962,0
PTG,D,20240304,000000,49.3,52,49.3,52,360,0
PTG,D,20240305,000000,52,52.4,50.4,51,128,0
PTG,D,20240306,000000,51,55,51,53.6,2115,0
PTG,D,20240307,000000,53.4,55,53.4,54.8,285,0
PTG,D,20240308,000000,54.4,54.4,53,53.2,626,0
PTG,D,20240311,000000,53.2,54.8,52.8,53,312,0
PTG,D,20240312,000000,52.4,57.6,52.4,56.4,2910,0
PTG,D,20240313,000000,57,57.2,55,57,1728,0
PTG,D,20240314,000000,55,57.8,55,57.8,1327,0
PTG,D,20240315,000000,57.8,57.8,54.4,54.4,1203,0
PTG,D,20240318,000000,55.8,55.8,52,55.8,976,0
PTG,D,20240319,000000,55.8,56,55,55.8,768,0
PTG,D,20240320,000000,55,56,52.2,55.8,472,0
PTG,D,20240321,000000,55.2,55.8,54,55.4,736,0
PTG,D,20240322,000000,54.2,55.6,54,55,622,0
PTG,D,20240325,000000,54,55,52.2,55,170,0
PTG,D,20240326,000000,53,55.6,52.8,55.6,1024,0
PTG,D,20240327,000000,53,56,53,56,302,0
PTG,D,20240328,000000,53.8,56.4,53.8,56.4,462,0
PTG,D,20240402,000000,53.2,56,52,55.6,1135,0
PTG,D,20240403,000000,53.8,55.6,53.8,55.6,353,0
PTG,D,20240404,000000,55.6,55.6,54,55,711,0
PTG,D,20240405,000000,55,56,53.8,56,325,0
PTG,D,20240408,000000,55,56.6,55,56.6,327,0
PTG,D,20240409,000000,57,57,54.4,56.4,337,0
PTG,D,20240410,000000,55.4,56.4,55.2,56.4,595,0
PTG,D,20240411,000000,56.4,56.4,56.4,56.4,9,0
PTG,D,20240412,000000,56.2,56.2,55,56.2,306,0
PTG,D,20240415,000000,54.6,56.2,54.6,56.2,294,0
PTG,D,20240416,000000,56,56,53.4,54.8,1655,0
PTG,D,20240417,000000,54,55,54,54,111,0
PTG,D,20240418,000000,54,54.4,54,54.4,432,0
PTG,D,20240419,000000,53,53,51,51,1126,0
PTG,D,20240422,000000,49,51.8,49,51.8,1303,0
PTG,D,20240423,000000,51.6,52.2,50,51.6,678,0
PTG,D,20240424,000000,50,51.2,49.7,51,904,0
PTG,D,20240425,000000,49.7,51,49.1,50.8,1197,0
PTG,D,20240426,000000,49.3,49.4,48.2,48.7,2394,0
PTG,D,20240429,000000,48.7,48.7,46.4,48.7,749,0
PTG,D,20240430,000000,47.8,49.9,47.8,49.9,579,0
PTG,D,20240502,000000,48,50.2,48,50.2,429,0
PTG,D,20240506,000000,49,49.4,47,48.5,2125,0
PTG,D,20240507,000000,48.5,49.6,48.5,48.5,43,0
PTG,D,20240508,000000,48.5,50.2,48,48,874,0
PTG,D,20240509,000000,49.5,49.5,47,49,486,0
PTG,D,20240510,000000,47.7,49,47.5,48.2,568,0
PTG,D,20240513,000000,48.2,49.4,48,48.5,292,0
PTG,D,20240514,000000,48.5,49,48.5,49,83,0
PTG,D,20240515,000000,49.4,49.4,49.4,49.4,55,0
PTG,D,20240516,000000,48.5,49.4,47,47,63,0
PTG,D,20240517,000000,47.2,48.4,47.1,47.1,752,0
PTG,D,20240520,000000,47.1,48.9,47,48.9,69,0
PTG,D,20240521,000000,49,49,47.4,47.4,147,0
PTG,D,20240522,000000,47,47,46.8,46.9,767,0
PTG,D,20240523,000000,48.6,49,48.6,49,200,0
PTG,D,20240524,000000,48.9,48.9,48.9,48.9,2,0
PTG,D,20240527,000000,46.9,48.8,46.9,48.8,25,0
PTG,D,20240528,000000,47,48.6,47,47.1,335,0
PTG,D,20240529,000000,47,48,46.5,48,653,0
PTG,D,20240531,000000,46.7,48,46.7,47,465,0
PTG,D,20240603,000000,46.5,46.9,46.4,46.6,140,0
PTG,D,20240604,000000,46.6,46.6,46,46,183,0
PTG,D,20240605,000000,46,46.6,45.7,46.6,704,0
PTG,D,20240606,000000,46.8,47,43.4,43.6,572,0
PTG,D,20240607,000000,43.6,46.9,43.6,46.7,391,0
PTG,D,20240610,000000,46.6,46.6,44,45,159,0
PTG,D,20240611,000000,45.5,45.5,45.4,45.5,72,0
PTG,D,20240612,000000,44.1,45.5,44.1,44.3,109,0
PTG,D,20240613,000000,44.3,46.2,44.2,46,709,0
PTG,D,20240614,000000,45,46,45,46,584,0
PTG,D,20240617,000000,46.6,48.8,46.6,48.8,168,0
PTG,D,20240618,000000,48.8,52,47.6,52,1140,0
PTG,D,20240619,000000,50.6,52,49.4,50,530,0
PTG,D,20240620,000000,51.2,51.8,50,51.6,411,0
PTG,D,20240621,000000,50,50,47.4,47.4,991,0
PTG,D,20240624,000000,48.8,49.3,45.5,46.1,1431,0
PTG,D,20240625,000000,46,47.9,45,47.5,406,0
PTG,D,20240626,000000,47.8,48,47.8,47.8,404,0
PTG,D,20240627,000000,48,50.4,48,48.2,58,0
PTG,D,20240628,000000,49.9,50,49.9,50,2,0
PTG,D,20240701,000000,48.7,50.4,48.6,50,88,0
PTG,D,20240702,000000,49.7,50,48.6,50,185,0
PTG,D,20240703,000000,50,50,48,49,119,0
PTG,D,20240704,000000,49.9,49.9,47.8,49.8,65,0
PTG,D,20240705,000000,49,50.2,49,50.2,103,0
PTG,D,20240708,000000,50.2,50.4,47.8,50.2,60,0
PTG,D,20240709,000000,47.7,50.2,47.7,50.2,106,0
PTG,D,20240710,000000,48.2,50,48.2,49.3,43,0
PTG,D,20240711,000000,50.4,50.4,49.8,49.8,198,0
PTG,D,20240712,000000,49.8,51.8,49.8,51.8,87,0
PTG,D,20240715,000000,51.8,51.8,50.8,51.6,94,0
PTG,D,20240716,000000,50.8,50.8,49,49.1,296,0
PTG,D,20240717,000000,49,51,49,50.6,37,0
PTG,D,20240718,000000,50.8,51,49.1,49.1,103,0
PTG,D,20240719,000000,51,51.2,49.2,49.2,173,0
PTG,D,20240722,000000,49.2,52,49.2,51.4,875,0
PTG,D,20240723,000000,54.2,56.6,52.2,53.8,13264,0
PTG,D,20240724,000000,53,53.6,50.8,52.8,1358,0
PTG,D,20240725,000000,52.6,52.8,50,51.6,539,0
PTG,D,20240726,000000,53.2,53.2,48.1,51.8,1772,0
PTG,D,20240729,000000,51,52.6,49,52.6,935,0
PTG,D,20240730,000000,51,52,50,51.2,1450,0
PTG,D,20240731,000000,51.2,52,51.2,52,996,0
PTG,D,20240801,000000,51,52.8,50.4,52.8,557,0
PTG,D,20240802,000000,50.4,52,50.2,50.2,203,0
PTG,D,20240805,000000,49.4,49.4,46,46.4,1454,0
PTG,D,20240806,000000,46.6,50,46.6,50,654,0
PTG,D,20240807,000000,50,51.6,50,51.6,651,0
PTG,D,20240808,000000,53,53,51.6,52.6,444,0
PTG,D,20240809,000000,50.8,52.6,50.8,52.6,298,0
PTG,D,20240812,000000,50.6,52.8,50.6,52.8,236,0
PTG,D,20240813,000000,52,53,50,52.6,515,0
PTG,D,20240814,000000,51,51.8,49.9,51.8,1498,0
PTG,D,20240816,000000,49.6,51.4,48.1,51.4,1275,0
PTG,D,20240819,000000,49.7,49.9,49.7,49.8,64,0
PTG,D,20240820,000000,48.7,49,47.1,49,523,0
PTG,D,20240821,000000,49.7,49.7,49.1,49.1,32,0
PTG,D,20240822,000000,49.7,51,48.4,48.4,37,0
PTG,D,20240823,000000,51,51.6,49.2,49.2,148,0
PTG,D,20240826,000000,48.4,51.4,48.4,49.1,16,0
PTG,D,20240827,000000,49.1,50.4,47.5,50.4,245,0
PTG,D,20240828,000000,50.4,50.4,49.1,49.1,21,0
PTG,D,20240829,000000,50.8,50.8,50.8,50.8,3,0
PTG,D,20240830,000000,50.4,50.4,50.2,50.2,26,0
PTG,D,20240902,000000,50.2,50.2,50,50,30,0
PTG,D,20240903,000000,48.4,51.8,48.4,51.8,323,0
PTG,D,20240904,000000,51.6,51.6,51.6,51.6,9,0
PTG,D,20240905,000000,51,51,49,50.6,121,0
PTG,D,20240906,000000,49,54,48.1,52.4,10124,0
PTG,D,20240909,000000,55,56.8,53.4,55.8,13445,0
PTG,D,20240910,000000,55.8,55.8,53,53.6,889,0
PTG,D,20240911,000000,54.2,54.8,53.6,53.6,658,0
PTG,D,20240912,000000,53,55,51.2,53.4,2402,0
PTG,D,20240913,000000,52.2,54,50.6,52.2,2179,0
PTG,D,20240916,000000,54.2,55.2,51.2,54,1567,0
PTG,D,20240917,000000,52.2,55,52.2,54.6,217,0
PTG,D,20240918,000000,55.2,55.2,52.6,54.6,568,0
PTG,D,20240919,000000,54.6,54.6,52.6,54.6,144,0
PTG,D,20240920,000000,54.6,54.6,52,54.6,608,0
PTG,D,20240923,000000,53,54.2,52.2,54,348,0
PTG,D,20240924,000000,52.2,54.4,52.2,54.2,289,0
PTG,D,20240925,000000,52.6,54,52,54,1136,0
PTG,D,20240926,000000,52.6,53.8,52.6,53.8,802,0
PTG,D,20240927,000000,52.8,53.6,52,53.6,998,0
PTG,D,20240930,000000,52,54.2,52,54.2,1209,0
PTG,D,20241001,000000,54.4,55,53.4,55,409,0
PTG,D,20241002,000000,54,55,54,54,640,0
PTG,D,20241003,000000,53.4,54,52.6,54,667,0
PTG,D,20241004,000000,52.8,54,52.6,54,559,0
PTG,D,20241007,000000,52.8,53,52.2,52.2,541,0
PTG,D,20241008,000000,52.2,52.2,49.9,50.2,1853,0
PTG,D,20241009,000000,49.9,53.8,49.9,53.8,472,0
PTG,D,20241010,000000,51.4,52.6,50.8,51.6,2548,0
PTG,D,20241011,000000,50.6,53.2,50,53.2,778,0
PTG,D,20241014,000000,52,53.2,51.6,53.2,603,0
PTG,D,20241015,000000,54,54,51.8,53.6,1760,0
PTG,D,20241016,000000,52.2,54.6,52.2,54.6,791,0
PTG,D,20241017,000000,54.6,54.6,51.8,52.2,1427,0
PTG,D,20241018,000000,52.2,53.2,50,51,489,0
PTG,D,20241021,000000,50.2,53,50.2,53,719,0
PTG,D,20241022,000000,52.8,53.6,51.8,52,456,0
PTG,D,20241023,000000,52,52.6,50.8,52,1474,0
PTG,D,20241025,000000,52.8,52.8,50.6,50.6,2,0
PTG,D,20241028,000000,50.8,52,50.8,51,96,0
PTG,D,20241029,000000,51,51.6,51,51,51,0
PTG,D,20241030,000000,50.6,51,50.4,50.4,124,0
PTG,D,20241031,000000,50.8,50.8,50.2,50.8,110,0
PTG,D,20241104,000000,50.2,50.8,50.2,50.8,165,0
PTG,D,20241105,000000,50.2,51.4,50.2,51.4,42,0
PTG,D,20241106,000000,51.2,52,51.2,52,274,0
PTG,D,20241107,000000,50.8,52,50.2,52,431,0
PTG,D,20241108,000000,53,53.2,50,50.6,261,0
PTG,D,20241112,000000,50.2,51,50,50,165,0
PTG,D,20241113,000000,50,51,49.6,49.6,685,0
PTG,D,20241114,000000,50,50.8,49,49,660,0
PTG,D,20241115,000000,49,50,45.2,48.6,1325,0
PTG,D,20241118,000000,47,49.3,47,48,34,0
PTG,D,20241119,000000,47.9,48.2,47.3,47.3,71,0
PTG,D,20241120,000000,47.9,47.9,47.9,47.9,43,0
PTG,D,20241121,000000,47.9,47.9,46.7,46.7,276,0
PTG,D,20241122,000000,46,47.8,45.7,45.7,20,0
PTG,D,20241125,000000,43.5,47.4,43.5,46.9,234,0
PTG,D,20241126,000000,46.6,46.6,46.6,46.6,32,0
PTG,D,20241128,000000,46.1,46.1,43,44.5,2476,0
PTG,D,20241129,000000,45.8,46,44,45,385,0
PTG,D,20241202,000000,44.5,46.7,44,44,1251,0
PTG,D,20241203,000000,42,44.5,42,43,247,0
PTG,D,20241204,000000,43,44.3,40.6,44.3,2295,0
PTG,D,20241205,000000,42.4,43.7,42,42.8,1066,0
PTG,D,20241206,000000,42.9,46,42.9,45.3,1823,0
PTG,D,20241209,000000,45.6,45.6,43.6,43.7,338,0
PTG,D,20241210,000000,43.6,45.4,43.6,44.6,160,0
PTG,D,20241211,000000,44,44.3,44,44.2,24,0
PTG,D,20241212,000000,44.5,45.8,44.5,44.9,258,0
PTG,D,20241213,000000,44.8,44.8,41.2,44.4,139,0
PTG,D,20241216,000000,42,44.2,41.7,44.2,130,0
PTG,D,20241217,000000,41.8,43.7,41.8,43.4,161,0
PTG,D,20241218,000000,41.4,42,38.1,40,3205,0
PTG,D,20241219,000000,39.1,40.2,38.6,39.9,984,0
PTG,D,20241220,000000,38.6,41,38,38,1269,0
PTG,D,20241223,000000,37.5,39.6,36.7,36.7,1700,0
PTG,D,20241227,000000,37.9,37.9,36.7,36.8,218,0
PTG,D,20241230,000000,36.8,37,36.6,36.6,279,0
PTG,D,20250102,000000,36.7,39.7,36.7,37.6,256,0
PTG,D,20250103,000000,38,41.8,38,40.9,620,0
PTG,D,20250107,000000,41.7,43,41.5,42.6,739,0
PTG,D,20250108,000000,43,43,41,42,1557,0
PTG,D,20250109,000000,41,41,39.1,40.7,903,0
PTG,D,20250110,000000,41.8,41.8,41,41,101,0
PTG,D,20250113,000000,41,41,40,40.1,103,0
PTG,D,20250114,000000,40,40,37.9,38.5,358,0
PTG,D,20250115,000000,38.1,39,37.9,39,484,0
PTG,D,20250116,000000,38,38.9,37.5,37.6,1655,0
PTG,D,20250117,000000,37.8,38,37.2,37.4,730,0
PTG,D,20250120,000000,40.1,41.7,39.1,40.1,2715,0
PTG,D,20250121,000000,40.2,40.9,38.6,38.6,150,0
PTG,D,20250122,000000,38.6,41.7,38.6,40.4,647,0
PTG,D,20250123,000000,40.4,40.6,39,39.1,1476,0
PTG,D,20250124,000000,39.1,40,39.1,39.5,291,0
PTG,D,20250127,000000,39.5,40,39.5,39.9,65,0
PTG,D,20250128,000000,40.9,40.9,39,39,37,0
PTG,D,20250129,000000,39,39.9,39,39,2206,0
PTG,D,20250130,000000,39,39,37.8,37.9,531,0
PTG,D,20250131,000000,39.1,39.8,37.9,38,477,0
PTG,D,20250203,000000,38,39.6,38,39.4,281,0
PTG,D,20250205,000000,37.8,39,37.8,38.9,916,0
PTG,D,20250206,000000,39,39,38.5,38.5,906,0
PTG,D,20250207,000000,38.8,38.9,37.8,38.1,3465,0
PTG,D,20250210,000000,39.9,40.5,39.1,39.2,1496,0
PTG,D,20250211,000000,40,40.1,39.3,39.3,364,0
PTG,D,20250212,000000,40.3,40.3,38.6,38.6,353,0
PTG,D,20250213,000000,39.3,39.3,38.2,39,362,0
PTG,D,20250214,000000,39.3,40.3,39.1,39.3,567,0
PTG,D,20250217,000000,39.3,40,38.6,39.9,1727,0
PTG,D,20250218,000000,39.8,39.8,38.7,39.8,130,0
PTG,D,20250219,000000,39.8,39.8,37.7,38.1,1054,0
PTG,D,20250220,000000,38.2,39.6,38.2,39.5,35,0
PTG,D,20250221,000000,38.3,38.3,37.8,38,1393,0
PTG,D,20250224,000000,38,38.7,37.1,37.9,4270,0
PTG,D,20250225,000000,37.8,37.9,35,36.7,2028,0
PTG,D,20250226,000000,37.6,37.6,36.8,37,614,0
PTG,D,20250227,000000,36.9,37,36.6,37,813,0
PTG,D,20250228,000000,36.7,37.4,36.2,37.3,792,0
PTG,D,20250303,000000,36.8,36.8,36.5,36.6,1710,0
PTG,D,20250304,000000,36.6,36.6,35.2,36,573,0
PTG,D,20250305,000000,36,36,34.7,35,959,0
PTG,D,20250306,000000,34.9,36,34.9,36,1165,0
PTG,D,20250307,000000,35.8,37.9,35.2,37.8,199,0
PTG,D,20250310,000000,35.2,36.1,34.7,36,1307,0
PTG,D,20250311,000000,35,36,33,34.1,504,0
PTG,D,20250312,000000,34,35,33.9,34.2,310,0
PTG,D,20250313,000000,34.1,34.2,33.1,33.3,567,0
PTG,D,20250314,000000,33.3,36,33.3,33.7,1048,0
PTG,D,20250317,000000,33.8,34.7,33.7,34.1,294,0
PTG,D,20250318,000000,34.6,35,34,35,172,0
PTG,D,20250319,000000,34.9,34.9,33.2,34.7,462,0
PTG,D,20250320,000000,34.7,35,34.7,35,575,0
PTG,D,20250321,000000,37.4,39,33.8,34.5,6244,0
PTG,D,20250324,000000,34.4,35,34.4,35,1064,0
PTG,D,20250325,000000,35.1,36,33.4,35.1,1093,0
PTG,D,20250326,000000,35.1,35.1,34.8,35,2614,0
PTG,D,20250327,000000,34.5,36,34.3,35.8,6166,0
PTG,D,20250328,000000,34.8,35.6,34.6,34.9,4433,0
PTG,D,20250331,000000,35.4,35.6,34.3,35,4403,0
PTG,D,20250401,000000,34.2,38.8,34.2,38,8652,0
PTG,D,20250402,000000,38.7,38.7,37,37,1154,0
PTG,D,20250403,000000,38.5,38.5,36.8,36.8,139,0
PTG,D,20250404,000000,36.8,36.8,35.2,35.3,309,0
PTG,D,20250407,000000,35.3,36.5,34.5,35,669,0
PTG,D,20250408,000000,34.6,36.2,34.6,35.1,595,0
PTG,D,20250409,000000,36.2,36.2,34.3,36,946,0
PTG,D,20250410,000000,34.4,37.2,34.3,37.2,1485,0
PTG,D,20250411,000000,35.4,37.1,35.4,36.1,19,0
PTG,D,20250414,000000,36.2,37.1,36.1,36.1,112,0
PTG,D,20250415,000000,36.1,37,34.9,34.9,760,0
PTG,D,20250416,000000,34.9,34.9,34.4,34.4,219,0
PTG,D,20250417,000000,35.8,36.4,34.2,34.5,227,0
PTG,D,20250422,000000,35.7,36,34.8,36,621,0
PTG,D,20250423,000000,36,36,34.8,36,1398,0
PTG,D,20250424,000000,35.5,35.5,34.5,35.3,658,0
PTG,D,20250425,000000,35.3,35.8,35.3,35.4,755,0
PTG,D,20250428,000000,34.5,35.3,34.4,34.4,303,0
PTG,D,20250429,000000,35,35,34.1,34.2,860,0
PTG,D,20250430,000000,34.2,35.5,33.5,33.6,950,0
PTG,D,20250502,000000,33.7,35,33.6,35,138,0
PTG,D,20250505,000000,34,35.9,34,35.9,2068,0
PTG,D,20250506,000000,35.8,36.7,34.6,36.7,2348,0
PTG,D,20250507,000000,35.8,37.3,34,37.1,1442,0
PTG,D,20250508,000000,37,37.1,35.5,35.8,574,0
PTG,D,20250509,000000,35.5,36.9,35.5,36.9,217,0
PTG,D,20250512,000000,36.9,36.9,36.9,36.9,145,0
PTG,D,20250513,000000,36.5,36.5,36.1,36.2,222,0
PTG,D,20250514,000000,36.9,37,35.9,35.9,674,0
PTG,D,20250515,000000,36.3,36.3,35,35,454,0
PTG,D,20250516,000000,35.1,36.8,35,36.7,257,0
PTG,D,20250519,000000,36.5,36.5,35.2,35.2,266,0
PTG,D,20250520,000000,36.1,36.1,34.8,35,646,0
PTG,D,20250521,000000,34.8,35.8,34.7,35.8,170,0
PTG,D,20250522,000000,34.5,35.8,34.5,35.8,123,0
PTG,D,20250523,000000,34.6,35.5,34.6,35.5,67,0
PTG,D,20250526,000000,34.9,35.4,34.9,35.4,214,0
PTG,D,20250527,000000,34.8,35,34.5,35,486,0
PTG,D,20250528,000000,34.1,34.9,33.6,34.8,738,0
PTG,D,20250529,000000,34.8,34.8,33.6,33.8,563,0
PTG,D,20250530,000000,33.7,35,33.5,35,562,0
PTG,D,20250602,000000,33.7,35.7,33.7,35.7,317,0
PTG,D,20250603,000000,35.7,35.7,33.8,35.7,237,0
PTG,D,20250604,000000,35.5,35.5,34,35.4,147,0
PTG,D,20250605,000000,34.2,35.4,33.7,35.3,477,0
PTG,D,20250606,000000,35.3,35.3,35.3,35.3,14,0
PTG,D,20250609,000000,35.3,35.4,35.3,35.3,233,0
PTG,D,20250610,000000,35,35,34.1,34.1,210,0
PTG,D,20250611,000000,34,34.8,33.7,34.6,478,0
PTG,D,20250612,000000,34.6,34.8,33.6,34.5,515,0
PTG,D,20250613,000000,34.3,34.5,33.5,33.8,877,0
PTG,D,20250616,000000,34,34.9,33.7,34.9,1412,0
PTG,D,20250617,000000,34.8,34.8,33.9,34.5,328,0
PTG,D,20250618,000000,34.1,34.3,34.1,34.3,672,0
PTG,D,20250620,000000,33.9,34.5,33,33.4,2084,0
PTG,D,20250623,000000,33.4,33.5,33,33,1240,0
PTG,D,20250624,000000,33.2,34.1,30.6,32.2,2142,0
PTG,D,20250625,000000,31.8,32.7,31.8,32.7,1219,0
PTG,D,20250626,000000,32.8,32.8,31.1,31.5,1509,0
PTG,D,20250627,000000,31.9,33.4,30,30.8,1696,0
PTG,D,20250630,000000,32.9,33.3,31.3,31.4,1210,0
PTG,D,20250701,000000,33,33,30.8,32.5,1630,0
PTG,D,20250702,000000,32.2,32.3,31.2,32.3,225,0
PTG,D,20250703,000000,32.3,33.2,31.1,32,1565,0
PTG,D,20250704,000000,32.7,32.7,32.7,32.7,203,0
PTG,D,20250707,000000,32.7,33,32,33,876,0
PTG,D,20250708,000000,32.7,32.9,32.7,32.9,442,0
PTG,D,20250709,000000,32,32.9,31.7,31.7,482,0
PTG,D,20250710,000000,31.7,33.3,31.7,32,668,0
PTG,D,20250711,000000,31.8,31.8,31.2,31.7,2036,0
PTG,D,20250714,000000,32.9,33,32,32.6,764,0
PTG,D,20250715,000000,32,32.5,32,32.5,71,0
PTG,D,20250716,000000,32.5,32.6,32.5,32.6,32,0
PTG,D,20250717,000000,32.6,33,32,33,87,0
PTG,D,20250718,000000,32,33,31.3,31.8,3070,0
PTG,D,20250721,000000,32.9,32.9,31.8,32,935,0
PTG,D,20250722,000000,31.8,31.8,31,31.8,4077,0
PTG,D,20250723,000000,32,32,31.5,31.5,1297,0
PTG,D,20250724,000000,32,32,31.4,31.5,1474,0
PTG,D,20250725,000000,31.1,32,31.1,32,348,0
PTG,D,20250728,000000,31.7,32.8,31.1,32.8,478,0
PTG,D,20250729,000000,32.5,32.5,32,32,1674,0
PTG,D,20250730,000000,32,32.7,31.5,32.5,576,0
PTG,D,20250731,000000,32.8,36,32.8,33.7,10643,0
PTG,D,20250801,000000,33.7,33.7,31.1,31.3,4577,0
PTG,D,20250804,000000,31,31.2,29.7,30.9,12848,0
PTG,D,20250805,000000,30.9,31.6,29.9,30,4364,0
PTG,D,20250806,000000,29.8,30.6,29.5,30,1190,0
PTG,D,20250807,000000,29.9,30,29.2,29.4,3273,0
PTG,D,20250808,000000,29.8,29.9,29.4,29.9,2226,0
PTG,D,20250811,000000,30,30.6,29.9,30.1,2998,0
PTG,D,20250812,000000,30.2,30.6,30,30.6,1958,0
PTG,D,20250813,000000,30.6,30.6,28.5,29.5,6261,0
PTG,D,20250814,000000,30.7,31.1,30.4,31.1,1383,0
PTG,D,20250818,000000,31.3,32.7,31.3,32.4,1962,0
PTG,D,20250819,000000,32.4,32.4,29.9,30,3599,0
PTG,D,20250820,000000,29.9,31.3,29.9,31.3,7998,0
PTG,D,20250821,000000,30.6,30.8,29.6,29.7,4565,0
PTG,D,20250822,000000,29.7,30.2,29.6,30,1083,0
PTG,D,20250825,000000,29.9,30.5,29,30.5,1082,0
PTG,D,20250826,000000,31,31.2,29.7,29.7,214,0
PTG,D,20250827,000000,29.7,30.9,29.5,30,2847,0
PTG,D,20250828,000000,29.4,29.6,28.9,29.3,1577,0
PTG,D,20250829,000000,29.3,29.3,28.1,29,2044,0
PTG,D,20250901,000000,29.5,29.5,24.6,26.3,35491,0
PTG,D,20250902,000000,26.4,26.8,24.6,24.7,8514,0
PTG,D,20250903,000000,25.2,25.2,22.7,23,20980,0
PTG,D,20250904,000000,23.3,23.5,22.8,23.3,3397,0
PTG,D,20250905,000000,24.9,24.9,23.7,24.5,3561,0
PTG,D,20250908,000000,24.6,26.7,24.5,26.1,5158,0
PTG,D,20250909,000000,26.4,30,26.4,29.6,7228,0
PTG,D,20250910,000000,29.6,29.6,25.9,28.6,4170,0
PTG,D,20250911,000000,29,29,27.5,27.5,4736,0
PTG,D,20250912,000000,27.5,29.2,26.5,28.4,1667,0
PTG,D,20250915,000000,28.9,28.9,27,27.5,1341,0
PTG,D,20250916,000000,27,27.4,26,27.1,5687,0
PTG,D,20250917,000000,26.3,27,25.1,26.4,2869,0
PTG,D,20250918,000000,26,26.4,25.5,26.4,1227,0
PTG,D,20250919,000000,26.4,26.8,26,26,950,0
PTG,D,20250922,000000,26,26,26,26,305,0
PTG,D,20250923,000000,26,26,26,26,124,0
PTG,D,20250924,000000,25.9,26,25.3,25.7,2049,0
PTG,D,20250925,000000,25.7,26,25,25.9,1765,0
PTG,D,20250926,000000,25.9,26,25.2,25.2,570,0
PTG,D,20250929,000000,26,26,25.2,26,311,0
PTG,D,20250930,000000,25.6,26,24.5,26,1393,0
PTG,D,20251001,000000,25.1,25.6,25,25.6,266,0
PTG,D,20251002,000000,25.6,25.6,25,25,1122,0
PTG,D,20251003,000000,24.6,25.6,24.5,24.6,241,0
PTG,D,20251006,000000,25.6,25.7,24.5,24.6,896,0
PTG,D,20251007,000000,25,25.1,24.8,25,1673,0
PTG,D,20251008,000000,24.6,27.4,24.6,26,1599,0
PTG,D,20251009,000000,27.6,28.7,27,28.4,5700,0
PTG,D,20251010,000000,28.5,29.8,28.2,28.6,6049,0
PTG,D,20251013,000000,29.2,29.2,26.4,27.9,3632,0
PTG,D,20251014,000000,28,29.2,27.5,29,1431,0
PTG,D,20251015,000000,29,29,27.5,27.9,1920,0
PTG,D,20251016,000000,27.9,28,26.3,28,1979,0
PTG,D,20251017,000000,26.7,28.6,26.7,28.6,402,0
PTG,D,20251020,000000,27,29,26.5,27.3,1756,0
PTG,D,20251021,000000,28.7,28.7,28.4,28.4,123,0
PTG,D,20251022,000000,28.4,28.4,26.4,27,3490,0
PTG,D,20251023,000000,27.4,27.5,25,26.9,3428,0
PTG,D,20251024,000000,26.7,26.7,26,26.2,1417,0
PTG,D,20251027,000000,27.5,27.9,25.6,26,1611,0
PTG,D,20251028,000000,25.6,26,25.6,26,801,0
PTG,D,20251029,000000,26,26.3,25,25.9,1635,0
PTG,D,20251030,000000,25.7,25.7,24.7,25.7,6091,0
PTG,D,20251031,000000,25.8,25.8,24.8,25.5,1853,0
PTG,D,20251103,000000,25.5,25.5,24.9,25.4,51,0
PTG,D,20251104,000000,25.4,26,24,25.4,3198,0
PTG,D,20251105,000000,25.4,25.5,24,24.4,1448,0
PTG,D,20251106,000000,24.6,24.8,24.1,24.1,228,0
PTG,D,20251107,000000,25,25.9,24.8,24.8,1178,0
PTG,D,20251110,000000,25.9,28.5,25.7,26,4807,0
PTG,D,20251112,000000,26.7,26.7,25,25.8,2047,0
PTG,D,20251113,000000,26.2,26.2,25.2,25.6,1758,0
PTG,D,20251114,000000,25.6,25.8,25.2,25.3,549,0
PTG,D,20251117,000000,25.2,25.9,25.2,25.7,210,0
PTG,D,20251118,000000,25.9,26,25.5,26,557,0
PTG,D,20251119,000000,26,26,25.5,26,1207,0
PTG,D,20251120,000000,27,27,25.3,25.6,354,0
PTG,D,20251121,000000,25.6,25.9,25.1,25.3,1066,0
PTG,D,20251124,000000,25.7,26.8,25.7,26,1143,0
PTG,D,20251125,000000,25.5,25.5,25.4,25.4,5,0
PTG,D,20251126,000000,25.4,25.4,25,25.2,5687,0
PTG,D,20251127,000000,25.2,27,25.2,26.1,3763,0
PTG,D,20251128,000000,26.5,27.3,26,26.8,3179,0
PTG,D,20251201,000000,26.9,29.5,26.2,28.6,8574,0
PTG,D,20251202,000000,27.7,28.6,27.7,28.6,664,0
PTG,D,20251203,000000,28,28.5,26.5,26.7,5039,0
PTG,D,20251204,000000,26,26.5,25.9,25.9,1624,0
PTG,D,20251205,000000,25.5,25.5,24.9,25,11074,0
PTG,D,20251208,000000,24.8,26.2,22.8,24.5,9534,0
PTG,D,20251209,000000,25.8,25.9,23.9,25,1069,0
PTG,D,20251210,000000,24.7,25.5,24.1,25.5,1161,0
PTG,D,20251211,000000,24,25.5,24,25.5,795,0
PTG,D,20251212,000000,25,26,24,25.2,5919,0
PTG,D,20251215,000000,25,26.6,25,26.6,3544,0
PTG,D,20251216,000000,26.5,26.8,26,26,1397,0
PTG,D,20251217,000000,26,26.8,26,26,534,0
PTG,D,20251218,000000,26.1,26.2,25.6,25.6,2358,0
PTG,D,20251219,000000,26.3,26.3,25.6,25.6,978,0
PTG,D,20251222,000000,25.6,25.7,23.5,24.5,11429,0
PTG,D,20251223,000000,24.5,25.2,24.2,24.6,6692,0
PTG,D,20251229,000000,24.6,24.6,24.4,24.5,1417,0
PTG,D,20251230,000000,24.4,24.6,24.2,24.5,1330,0
PTG,D,20260102,000000,26,26.8,24,25.5,12741,0
PTG,D,20260105,000000,25.8,26,25,25.5,6478,0
PTG,D,20260107,000000,25.9,26.5,24.8,26.5,5157,0
PTG,D,20260108,000000,26.5,27.8,25.3,25.5,12086,0
PTG,D,20260109,000000,26.5,27,25.4,26.6,13132,0
PTG,D,20260112,000000,27,27,26,26.8,2286,0
PTG,D,20260113,000000,27.3,27.3,25.6,27,6702,0
PTG,D,20260114,000000,26.2,26.6,26,26.6,390,0
PTG,D,20260115,000000,26.7,26.7,26.1,26.4,897,0
PTG,D,20260116,000000,26.1,26.3,25.6,25.8,5907,0
PTG,D,20260119,000000,27.3,27.3,26.1,26.3,9322,0
PTG,D,20260120,000000,26.3,26.4,26,26.4,1517,0
PTG,D,20260121,000000,26.4,26.7,26.2,26.2,3592,0
PTG,D,20260122,000000,26.5,26.5,26,26.5,2183,0
PTG,D,20260123,000000,26.2,26.2,25.4,26,2720,0
PTG,D,20260126,000000,26,26.5,25.7,25.7,3373,0
PTG,D,20260127,000000,26,26,25,25.8,2030,0
PTG,D,20260128,000000,25.5,25.9,25.1,25.9,2076,0
PTG,D,20260129,000000,25.9,27.2,25.1,26.5,7059,0
PTG,D,20260130,000000,26.8,26.8,25.3,25.8,1609,0
PTG,D,20260202,000000,26,26,25.5,26,512,0
PTG,D,20260203,000000,26,26,25.3,26,2594,0
PTG,D,20260204,000000,26,26.4,25.3,26.4,5300,0
PTG,D,20260205,000000,26.4,26.4,25.5,26.3,1938,0
PTG,D,20260206,000000,26.1,26.1,25.6,25.9,302,0
PTG,D,20260209,000000,25.8,26.4,25.5,26.2,1404,0
PTG,D,20260210,000000,26.9,27.7,25.9,26.6,20794,0
PTG,D,20260211,000000,26.6,28.6,25.9,26.4,12463,0
PTG,D,20260212,000000,27.5,27.6,26.8,27.5,4908,0
PTG,D,20260213,000000,27.6,27.6,27.1,27.3,4390,0
PTG,D,20260216,000000,27.5,27.5,27,27.5,2916,0
PTG,D,20260217,000000,27.5,27.5,26.2,26.2,2131,0
PTG,D,20260218,000000,27,27,26.3,27,2518,0
PTG,D,20260219,000000,26.2,26.9,25.8,26.5,1342,0
PTG,D,20260220,000000,26,26.4,25.5,26.4,2479,0
PTG,D,20260223,000000,25,25.4,24.1,24.8,13990,0
PTG,D,20260224,000000,24.8,25.4,24.6,25.4,599,0
PTG,D,20260225,000000,25.8,26,25,26,1920,0
PTG,D,20260226,000000,26,26,26,26,93,0
PTG,D,20260227,000000,25.1,26,24.6,25.8,1739,0
PTG,D,20260302,000000,25.2,25.3,24.5,24.6,2248,0
PTG,D,20260303,000000,24.6,25.3,23.9,23.9,5227,0
PTG,D,20260304,000000,25.3,25.3,23.9,24.6,292,0
PTG,D,20260305,000000,24.6,25.3,24.4,25.3,589,0
PTG,D,20260306,000000,25.1,26,24.2,24.7,1581,0
PTG,D,20260309,000000,25.9,25.9,24.1,24.5,687,0
PTG,D,20260310,000000,24.6,25,24.1,24.1,8815,0
PTG,D,20260311,000000,24.7,24.7,24,24.4,6889,0
PTG,D,20260312,000000,24.5,24.5,23.7,23.7,1483,0
PTG,D,20260313,000000,24.2,24.4,23.7,24.4,458,0
PTG,D,20260316,000000,24,24.9,24,24.5,5421,0
PTG,D,20260317,000000,24.9,25,24.6,24.6,1825,0
PTG,D,20260318,000000,24.8,25,24.6,24.8,9348,0
PTG,D,20260319,000000,24.8,24.8,24,24,422,0
PTG,D,20260320,000000,24.8,24.8,23.5,23.7,1427,0
PTG,D,20260323,000000,24.4,24.4,22.6,24.4,6656,0
PTG,D,20260324,000000,23.4,23.9,22.6,23.8,5737,0
PTG,D,20260325,000000,23.5,24,23.5,24,2795,0
PTG,D,20260326,000000,23.1,23.3,18.9,19.9,79497,0
PTG,D,20260327,000000,16.5,17.2,16,16.5,98226,0
PTG,D,20260330,000000,17,17,16.1,16.75,21565,0
PTG,D,20260331,000000,16.75,17,16.4,16.7,13668,0
PTG,D,20260401,000000,16.85,18.15,16.85,17.7,11325,0
PTG,D,20260402,000000,17.65,17.7,17,17.55,9874,0
PTG,D,20260407,000000,17.65,17.65,16.9,17,3648,0
PTG,D,20260408,000000,17,17.25,16.75,17.2,4114,0
PTG,D,20260409,000000,17,17,16.5,16.5,1883,0
PTG,D,20260410,000000,16.65,17.2,16.5,16.75,5818,0
PTG,D,20260413,000000,16.9,17.15,16.5,17.05,3135,0
PTG,D,20260414,000000,17.1,17.15,16.5,16.9,5708,0
PTG,D,20260415,000000,17,17,16.65,16.75,2224,0
PTG,D,20260416,000000,17,17,16.7,16.9,1340,0
PTG,D,20260417,000000,16.95,16.95,16.45,16.85,2854,0
PTG,D,20260420,000000,16.85,17.1,16.65,16.85,5312,0
PTG,D,20260421,000000,16.95,17.05,16.6,17,5241,0
PTG,D,20260422,000000,17.05,17.15,16.85,16.85,34377,0
PTG,D,20260423,000000,16.8,17.15,16.55,16.95,7497,0
PTG,D,20260424,000000,17.05,17.45,17.05,17.2,16428,0
PTG,D,20260427,000000,17.35,17.35,16.9,17,2287,0
PTG,D,20260428,000000,17.15,17.15,16.95,17.15,5163,0
PTG,D,20260429,000000,17.15,17.15,16.7,17.15,2881,0
PTG,D,20260430,000000,17.1,17.1,17,17,1338,0
PTG,D,20260504,000000,17.15,17.7,16.9,17.7,3129,0
PTG,D,20260505,000000,17.7,17.7,17.3,17.45,4709,0
PTG,D,20260506,000000,17.5,17.5,17.1,17.2,2265,0
PTG,D,20260507,000000,17.7,17.7,17.2,17.2,2802,0
PTG,D,20260508,000000,17.5,17.5,17.15,17.4,2458,0
PTG,D,20260511,000000,17.4,17.4,17.15,17.3,4942,0
PTG,D,20260512,000000,17.4,17.4,16.8,16.8,6085,0
PTG,D,20260513,000000,17.5,17.7,16.9,17.35,7926,0
PTG,D,20260514,000000,17.45,17.45,17,17.45,1864,0
PTG,D,20260515,000000,17.5,17.5,17,17,2033,0
PTG,D,20260518,000000,17.2,18.9,17.2,18,17820,0
PTG,D,20260519,000000,18.95,20,18.55,19.9,52636,0
PTG,D,20260520,000000,20.7,20.7,19.2,19.5,21667,0
PTG,D,20260521,000000,19.5,20,19.5,19.7,6193,0
PTG,D,20260522,000000,20.4,20.4,19.55,19.95,8564,0
PTG,D,20260525,000000,20.2,20.2,19.5,19.9,4724,0
PTG,D,20260526,000000,19.9,19.9,17.2,19,74470,0
PTG,D,20260527,000000,19.6,19.6,18.5,18.9,6837,0
PTG,D,20260528,000000,18.6,18.9,18.45,18.9,3421,0
PTG,D,20260529,000000,19.1,19.1,18.45,18.9,5070,0
PTG,D,20260601,000000,18.9,18.9,18.45,18.6,9114,0
PTG,D,20260602,000000,18.5,18.9,17.95,18.9,17334,0
PTG,D,20260603,000000,18.9,19,18.5,19,9839,0
PTG,D,20260605,000000,19.2,19.2,18.5,19,3374,0
PTG,D,20260608,000000,19,19.05,17.5,18.9,12161,0
PTG,D,20260609,000000,19.4,19.7,19,19.1,13068,0
PTG,D,20260610,000000,19.1,19.1,17.85,18.4,9175,0
PTG,D,20260611,000000,18.25,18.8,17.9,18.8,3423,0
PTG,D,20260612,000000,18.8,19.45,18.15,19.35,3810,0
PTG,D,20260615,000000,19.35,19.35,18.95,19.2,1140,0
PTG,D,20260616,000000,19.2,19.35,18.7,18.95,3041,0
PTG,D,20260617,000000,18.65,18.95,18.5,18.55,2220,0
PTG,D,20260618,000000,18.6,18.85,18.05,18.8,1477,0
PTG,D,20260619,000000,18.6,18.7,18.1,18.7,2001,0
PTG,D,20260622,000000,18.9,18.9,18,18,5784,0
PTG,D,20260623,000000,18,19.3,17.5,18.25,7756,0
PTG,D,20260624,000000,19.25,19.8,18.15,18.75,6272,0
PTG,D,20260625,000000,18.9,18.9,17.95,18.75,20503,0
PTG,D,20260626,000000,19,19.1,18.15,19,9352,0
PTG,D,20260629,000000,19.35,19.8,18.55,18.95,1537,0
PTG,D,20260630,000000,19.35,19.35,18.1,18.7,9643,0
PTG,D,20260701,000000,18.7,19.3,18.05,18.6,2182,0
PTG,D,20260702,000000,18.95,18.95,18.25,18.75,2374,0
PTG,D,20260703,000000,18.2,18.65,18.15,18.4,4501,0
PTG,D,20260706,000000,18.65,18.7,17.75,18.35,10353,0
PTG,D,20260707,000000,18.15,18.5,17.9,18,16467,0
PTG,D,20260708,000000,17.85,18.2,17.55,18,22303,0
PTG,D,20260709,000000,17.7,18.8,17.7,18.8,4727,0
PTG,D,20260710,000000,18.8,19.15,18.2,19.15,9652,0
PTG,D,20260713,000000,19.15,19.4,19,19,4875,0
PTG,D,20260714,000000,19,19.4,18.05,19.4,2457,0
PTG,D,20260715,000000,19.45,19.45,19.1,19.3,2470,0
PTG,D,20260716,000000,19.1,19.75,19.05,19.7,7431,0
PTG,D,20260717,000000,19.7,19.7,18.9,19.6,5185,0
PTG,D,20260720,000000,19.85,24.2,19.5,24.2,22440,0
PTG,D,20260721,000000,25,25,22.6,23.5,26509,0
PTG,D,20260722,000000,24,24,22.5,23,4984,0
PTG,D,20260723,000000,23,23,21,23,5681,0
PTG,D,20260724,000000,23,23.4,22.6,23.4,2696,0
PTG,D,20260727,000000,23.4,23.4,22.4,22.7,1706,0
PTG,D,20260728,000000,22.9,22.9,21.6,22.1,9170,0
PTG,D,20260729,000000,21.7,22.9,21.3,22.9,3902,0
PTG,D,20260730,000000,22.9,24,22.1,24,8256,0
PTG,D,20260731,000000,24,24,23,24,2194,0
PTG,D,20260803,000000,24,24.3,23.8,24.3,5087,0
PTG,D,20260804,000000,23.6,25.2,23.6,25,9450,0
PTG,D,20260805,000000,25,25.9,25,25.8,16629,0
PTG,D,20260806,000000,25.9,26.1,25.5,26,3637,0
PTG,D,20260807,000000,26,26,25.3,25.8,2220,0
PTG,D,20260810,000000,26.1,26.1,25.3,26,1813,0
PTG,D,20260811,000000,26,26.9,25.8,26.9,6374,0
PTG,D,20260812,000000,26.9,27,26.7,26.9,5491,0
PTG,D,20260813,000000,26.9,27,26.5,26.9,6048,0
PTG,D,20260814,000000,26.5,27,26.1,26.6,2187,0
PTG,D,20260817,000000,26.8,26.8,26.1,26.2,3736,0
PTG,D,20260818,000000,26.2,26.4,25.5,25.9,1947,0
