<TICKER>,<PER>,<DATE>,<TIME>,<OPEN>,<HIGH>,<LOW>,<CLOSE>,<VOL>,<OPENINT>
QNA,D,20231214,000000,48.5,65,44.5,63,42466,0
QNA,D,20231215,000000,63.87,71.9,56.2,58.66,16490,0
QNA,D,20231218,000000,58.66,58.66,52.2,54.8,5413,0
QNA,D,20231219,000000,53,53.89,50.5,53.87,5811,0
QNA,D,20231220,000000,53.87,57.9,53.87,54.1,1890,0
QNA,D,20231221,000000,56.6,56.6,53.9,53.9,574,0
QNA,D,20231222,000000,55.7,55.7,52,55,269,0
QNA,D,20231227,000000,52.3,54.9,52,54.47,611,0
QNA,D,20231228,000000,53,54.4,52.2,52.6,1036,0
QNA,D,20231229,000000,53.7,54.98,52,52,1334,0
QNA,D,20240102,000000,52,53.99,52,53.79,351,0
QNA,D,20240103,000000,53.01,53.7,50.65,53.7,872,0
QNA,D,20240104,000000,52,57.44,51.6,54.96,2437,0
QNA,D,20240105,000000,54.96,56.62,54,54.92,621,0
QNA,D,20240108,000000,54.1,55,52.25,54.99,1350,0
QNA,D,20240109,000000,54,62,54,58,3847,0
QNA,D,20240110,000000,58.99,62.79,58.99,62.55,2293,0
QNA,D,20240111,000000,62.58,63.5,61.62,62.98,602,0
QNA,D,20240112,000000,62.96,62.97,59,62.97,872,0
QNA,D,20240115,000000,62,62,60,60,688,0
QNA,D,20240116,000000,59.5,59.8,59,59,234,0
QNA,D,20240117,000000,59,60,57.3,57.4,609,0
QNA,D,20240118,000000,58.95,60.5,57,57.5,639,0
QNA,D,20240119,000000,58.9,58.95,58.9,58.95,45,0
QNA,D,20240122,000000,58.95,58.95,58.95,58.95,34,0
QNA,D,20240123,000000,57.1,57.1,49.99,57,4644,0
QNA,D,20240124,000000,56.5,56.5,53.2,54.9,233,0
QNA,D,20240125,000000,54.9,55.4,53,55.4,437,0
QNA,D,20240126,000000,55.4,55.9,52.16,54.8,1088,0
QNA,D,20240129,000000,55.55,59,55.55,57.9,901,0
QNA,D,20240130,000000,57,58,56,58,703,0
QNA,D,20240131,000000,59,59.8,58,58.1,367,0
QNA,D,20240201,000000,58.1,58.99,58,58.95,200,0
QNA,D,20240202,000000,59,60.5,57.7,57.7,2231,0
QNA,D,20240205,000000,57.7,62.99,56,58,1626,0
QNA,D,20240206,000000,58.11,58.14,55.6,57,1316,0
QNA,D,20240207,000000,57,59.34,55,57.99,1023,0
QNA,D,20240208,000000,56.1,59.5,55.1,56,928,0
QNA,D,20240209,000000,56,58.97,56,56,1165,0
QNA,D,20240212,000000,57.93,57.93,53.3,56.32,858,0
QNA,D,20240213,000000,56.32,56.32,55.6,56,299,0
QNA,D,20240214,000000,56,56.5,53.5,55.5,236,0
QNA,D,20240215,000000,54.1,55.1,53.81,55.1,512,0
QNA,D,20240216,000000,55.06,55.1,53,54.96,2094,0
QNA,D,20240219,000000,54.96,54.96,53.11,54,390,0
QNA,D,20240220,000000,53.15,53.15,51.53,51.9,2077,0
QNA,D,20240221,000000,52.2,53.5,52,52,731,0
QNA,D,20240222,000000,52,53,51.45,51.45,367,0
QNA,D,20240223,000000,53.4,53.4,51.16,52.9,378,0
QNA,D,20240226,000000,52,52,46.02,49.5,4706,0
QNA,D,20240227,000000,49,50,47,48.1,1961,0
QNA,D,20240228,000000,49.95,49.99,49,49,2880,0
QNA,D,20240229,000000,49.5,49.5,48,48.5,342,0
QNA,D,20240301,000000,48.005,49,47.6,47.6,1073,0
QNA,D,20240304,000000,47.79,47.8,47.79,47.79,504,0
QNA,D,20240305,000000,47.79,48,47.3,47.79,213,0
QNA,D,20240306,000000,47.7,47.7,47.3,47.7,265,0
QNA,D,20240307,000000,47.69,47.69,47.2,47.6,652,0
QNA,D,20240308,000000,47.69,47.69,47,47,322,0
QNA,D,20240311,000000,47.495,47.495,42.9,43,5365,0
QNA,D,20240312,000000,43.01,43.8,39,41.18,4051,0
QNA,D,20240313,000000,40.98,40.98,34.6,37.9,18417,0
QNA,D,20240314,000000,37.6,39.9,37,38,7498,0
QNA,D,20240315,000000,38.38,41.1,37.52,39.65,1854,0
QNA,D,20240318,000000,39.7,41.2,39.2,41.19,2766,0
QNA,D,20240319,000000,41.19,41.2,38.7,39,2665,0
QNA,D,20240320,000000,40.8,41,38.6,38.99,2318,0
QNA,D,20240321,000000,39,40.2,38.7,39.885,1712,0
QNA,D,20240322,000000,39,39.975,38.8,39.5,1286,0
QNA,D,20240325,000000,39.46,39.8,37,39.8,1050,0
QNA,D,20240326,000000,38.1,38.1,34.9,35.5,8361,0
QNA,D,20240327,000000,36.68,37.775,35.05,37.775,670,0
QNA,D,20240328,000000,37.695,38.995,37.695,38.995,730,0
QNA,D,20240402,000000,38.5,39.8,38,38,983,0
QNA,D,20240403,000000,38,39.2,38,38.5,780,0
QNA,D,20240404,000000,39.5,39.5,37.5,37.5,526,0
QNA,D,20240405,000000,38.5,38.5,36.5,37.5,1641,0
QNA,D,20240408,000000,37.05,39,37,37,1997,0
QNA,D,20240409,000000,37.05,37.05,35,35.2,3678,0
QNA,D,20240410,000000,35.2,36,30,32.9,9871,0
QNA,D,20240411,000000,31.6,35,31.6,34.15,208,0
QNA,D,20240412,000000,34.85,34.85,33.8,34.55,3105,0
QNA,D,20240415,000000,35.1,35.2,35.1,35.2,927,0
QNA,D,20240416,000000,35,35.9,34.4,35.9,896,0
QNA,D,20240417,000000,35.85,35.85,35.8,35.8,31,0
QNA,D,20240418,000000,34.75,35.6,34.75,35.6,350,0
QNA,D,20240419,000000,35.6,35.6,35,35.6,125,0
QNA,D,20240422,000000,35.5,35.5,34.5,34.5,201,0
QNA,D,20240423,000000,34.3,35.1,34.3,35.1,181,0
QNA,D,20240424,000000,35.1,36.45,34,36,597,0
QNA,D,20240425,000000,36.35,36.5,35.2,36,346,0
QNA,D,20240426,000000,34,36.1,34,35.5,1098,0
QNA,D,20240429,000000,35.5,35.5,33.85,34,630,0
QNA,D,20240430,000000,34.85,34.85,34.85,34.85,45,0
QNA,D,20240502,000000,34.65,34.9,34.65,34.9,123,0
QNA,D,20240506,000000,35.4,35.4,34.9,35,201,0
QNA,D,20240507,000000,35,35,32.7,33.75,927,0
QNA,D,20240508,000000,33.75,34.1,30,31.8,2942,0
QNA,D,20240509,000000,31.8,32,29.95,31.3,3255,0
QNA,D,20240510,000000,30.8,32.95,30.4,32.9,1048,0
QNA,D,20240513,000000,32.8,33.5,30.05,32,1602,0
QNA,D,20240514,000000,32,32.95,31.9,32.4,746,0
QNA,D,20240515,000000,33.3,34.95,33.3,34,507,0
QNA,D,20240516,000000,34.3,35.05,34,34.9,2194,0
QNA,D,20240517,000000,34,35,33,33.1,2462,0
QNA,D,20240520,000000,34.35,35,34.35,35,1059,0
QNA,D,20240521,000000,35,35,33.8,33.8,441,0
QNA,D,20240522,000000,33.95,35,33.95,34.9,110,0
QNA,D,20240523,000000,34.85,35,34.85,35,540,0
QNA,D,20240524,000000,34.9,34.9,31.3,33.4,2920,0
QNA,D,20240527,000000,33.5,33.7,31.55,31.55,1307,0
QNA,D,20240528,000000,31.55,32.7,30.5,30.8,941,0
QNA,D,20240529,000000,30.55,30.55,28.3,29.65,2432,0
QNA,D,20240531,000000,29.5,29.5,28.2,29.25,644,0
QNA,D,20240603,000000,29,31.9,29,31.5,2502,0
QNA,D,20240604,000000,31.5,31.5,29.9,30.2,1674,0
QNA,D,20240605,000000,30.4,30.4,29.05,29.05,116,0
QNA,D,20240606,000000,29.15,29.5,29.15,29.5,108,0
QNA,D,20240607,000000,29.5,30.85,29.5,30.4,358,0
QNA,D,20240610,000000,30.85,34.85,30.3,32.8,5720,0
QNA,D,20240611,000000,34.1,38,34,35.5,4046,0
QNA,D,20240612,000000,36.7,38.25,36.2,37.6,3034,0
QNA,D,20240613,000000,37.6,37.6,34.3,35.5,2049,0
QNA,D,20240614,000000,34.6,37.5,34.6,37.25,868,0
QNA,D,20240617,000000,38,38,35.4,35.55,2454,0
QNA,D,20240618,000000,36.7,38.3,36.7,36.95,2361,0
QNA,D,20240619,000000,37,37.2,36.25,37,1016,0
QNA,D,20240620,000000,37,37,35.85,36.55,890,0
QNA,D,20240621,000000,36.6,38.9,35.15,35.65,5620,0
QNA,D,20240624,000000,35.65,36.3,35.2,35.7,1746,0
QNA,D,20240625,000000,37.1,37.1,35.9,36,1412,0
QNA,D,20240626,000000,36.85,37.1,35,35,2862,0
QNA,D,20240627,000000,35.3,35.95,34.75,35.75,731,0
QNA,D,20240628,000000,35.75,36.45,34.8,35,1067,0
QNA,D,20240701,000000,33.25,34.2,32,34.2,1334,0
QNA,D,20240702,000000,34,34.9,33.2,33.2,406,0
QNA,D,20240703,000000,33.2,34,33.2,34,235,0
QNA,D,20240704,000000,34,34.75,34,34.75,314,0
QNA,D,20240705,000000,34.7,34.7,32,32.4,916,0
QNA,D,20240708,000000,33.2,33.2,29,31.6,2010,0
QNA,D,20240709,000000,31.6,34.25,31.6,34.25,372,0
QNA,D,20240710,000000,34.2,34.2,33,33.2,1041,0
QNA,D,20240711,000000,33.2,34.35,31.8,34.35,743,0
QNA,D,20240712,000000,34.3,34.3,32.1,32.3,1038,0
QNA,D,20240715,000000,32.3,32.75,32,32.75,597,0
QNA,D,20240716,000000,31.9,32,31.1,31.1,915,0
QNA,D,20240717,000000,33.15,33.15,31,31.05,712,0
QNA,D,20240718,000000,32.35,32.55,32.35,32.55,90,0
QNA,D,20240719,000000,32.4,32.7,31.65,31.65,167,0
QNA,D,20240722,000000,32,33.4,32,33.4,177,0
QNA,D,20240723,000000,33.4,33.9,33.4,33.4,266,0
QNA,D,20240725,000000,33,33,33,33,135,0
QNA,D,20240726,000000,33.8,33.8,33.8,33.8,302,0
QNA,D,20240729,000000,33.8,34.5,33.8,34.5,594,0
QNA,D,20240730,000000,34.55,40,34.5,40,2685,0
QNA,D,20240731,000000,38.8,45,38.8,40.8,1826,0
QNA,D,20240801,000000,39.05,41.5,39,40,428,0
QNA,D,20240802,000000,40,40.55,38.8,38.8,1451,0
QNA,D,20240805,000000,38.8,38.8,35.5,37.8,1421,0
QNA,D,20240806,000000,37.95,38.8,37.95,38.8,88,0
QNA,D,20240807,000000,38.8,38.8,37.15,37.15,14,0
QNA,D,20240808,000000,37.1,37.1,36,37,119,0
QNA,D,20240809,000000,36.4,38.65,36.4,38.65,105,0
QNA,D,20240812,000000,38.65,39.65,38.65,39.65,389,0
QNA,D,20240813,000000,39.6,39.6,38.35,39.5,644,0
QNA,D,20240814,000000,38.4,38.4,32,36.25,1980,0
QNA,D,20240816,000000,36.6,36.6,34.25,35.4,936,0
QNA,D,20240819,000000,35.8,35.8,35.4,35.4,151,0
QNA,D,20240820,000000,35.4,35.8,34.05,34.05,767,0
QNA,D,20240821,000000,35.9,35.9,34.2,34.8,525,0
QNA,D,20240822,000000,34.3,35.8,33.95,33.95,761,0
QNA,D,20240823,000000,34.05,34.1,33.95,33.95,1428,0
QNA,D,20240826,000000,34.65,34.85,33.8,33.8,325,0
QNA,D,20240827,000000,33.85,36,33.75,33.75,1421,0
QNA,D,20240828,000000,34.85,34.85,33,33,1021,0
QNA,D,20240829,000000,33,34.05,33,34.05,76,0
QNA,D,20240830,000000,34.05,34.45,33.35,34.45,298,0
QNA,D,20240902,000000,34.5,34.5,31.6,33.05,527,0
QNA,D,20240903,000000,33.2,34,32.1,34,811,0
QNA,D,20240904,000000,34,34,31.7,33.3,363,0
QNA,D,20240905,000000,33,33.9,33,33.9,296,0
QNA,D,20240906,000000,33.7,33.7,32,32,1305,0
QNA,D,20240909,000000,32,32,32,32,112,0
QNA,D,20240910,000000,32,32.9,32,32.9,80,0
QNA,D,20240911,000000,32.95,32.95,32.15,32.95,211,0
QNA,D,20240912,000000,33.35,33.35,32.5,32.5,498,0
QNA,D,20240913,000000,33,34.8,33,34.8,206,0
QNA,D,20240916,000000,34.8,34.8,32,33.4,337,0
QNA,D,20240917,000000,33.4,33.4,32.05,33.3,338,0
QNA,D,20240918,000000,33.3,33.3,33,33,436,0
QNA,D,20240919,000000,33.4,33.4,31,32.4,1835,0
QNA,D,20240920,000000,32.3,32.3,31,31,418,0
QNA,D,20240923,000000,32.2,32.2,30.25,31.85,172,0
QNA,D,20240924,000000,31.85,31.85,30.2,31.35,708,0
QNA,D,20240925,000000,30.25,30.8,30,30.5,1110,0
QNA,D,20240926,000000,30.5,31.9,30.1,30.2,1236,0
QNA,D,20240927,000000,29.95,33.15,29.95,33.15,987,0
QNA,D,20240930,000000,31.5,33.1,31.5,32,74,0
QNA,D,20241001,000000,33.1,36.3,33,36.15,3622,0
QNA,D,20241002,000000,36.05,36.05,33.1,33.6,812,0
QNA,D,20241003,000000,33.3,34.7,32,32,1000,0
QNA,D,20241004,000000,33.75,33.75,33.55,33.55,101,0
QNA,D,20241007,000000,32.9,33.55,32.9,33.55,117,0
QNA,D,20241008,000000,33.55,33.55,33.55,33.55,1,0
QNA,D,20241009,000000,33.55,33.55,32.15,33.5,41,0
QNA,D,20241010,000000,33.5,33.5,32.5,33.5,84,0
QNA,D,20241011,000000,33.5,34.5,33.5,34.5,90,0
QNA,D,20241014,000000,33.6,33.6,33.6,33.6,3,0
QNA,D,20241015,000000,33.6,33.6,33.1,33.6,57,0
QNA,D,20241016,000000,33.6,34.6,33.1,34.6,144,0
QNA,D,20241017,000000,34.75,34.75,33.1,34.6,464,0
QNA,D,20241018,000000,34.2,34.55,33,33,78,0
QNA,D,20241021,000000,34.2,34.4,33.9,34,283,0
QNA,D,20241022,000000,34.5,34.7,33.5,33.5,182,0
QNA,D,20241023,000000,34,34.8,33.4,34.7,588,0
QNA,D,20241024,000000,34,34.75,34,34.7,313,0
QNA,D,20241025,000000,34,34.75,33.2,34.75,200,0
QNA,D,20241028,000000,34.5,34.5,33.7,34.5,131,0
QNA,D,20241029,000000,34.5,34.5,34.5,34.5,10,0
QNA,D,20241030,000000,34.8,34.8,33.1,33.1,415,0
QNA,D,20241031,000000,34.5,34.6,30.1,32,522,0
QNA,D,20241104,000000,33,34.4,32.9,34.4,80,0
QNA,D,20241105,000000,34,34.4,34,34.4,107,0
QNA,D,20241106,000000,34.4,34.8,34.4,34.8,160,0
QNA,D,20241107,000000,34.8,34.8,34.8,34.8,11,0
QNA,D,20241108,000000,34.8,34.8,33.5,34.8,137,0
QNA,D,20241112,000000,34.8,34.8,32,32,311,0
QNA,D,20241113,000000,32.8,34,32.8,34,447,0
QNA,D,20241114,000000,34.2,34.2,30.8,32,550,0
QNA,D,20241115,000000,31.75,34.1,31.75,32.2,429,0
QNA,D,20241118,000000,32.5,33.4,32,33.4,249,0
QNA,D,20241119,000000,32,33.1,31.5,31.5,402,0
QNA,D,20241120,000000,31.5,31.5,31.5,31.5,5,0
QNA,D,20241121,000000,32.6,32.6,32.6,32.6,7,0
QNA,D,20241122,000000,31.6,32.45,31.35,32.45,95,0
QNA,D,20241125,000000,32.65,33,32,32,133,0
QNA,D,20241126,000000,32.9,34.05,32.9,34.05,1015,0
QNA,D,20241127,000000,33.1,34.1,33,33.1,314,0
QNA,D,20241128,000000,33,33,33,33,49,0
QNA,D,20241129,000000,32,32,31.5,31.5,625,0
QNA,D,20241202,000000,32.5,34.2,31,31.1,460,0
QNA,D,20241203,000000,31,31.1,30,31.1,677,0
QNA,D,20241204,000000,31.05,31.05,29,29.9,1364,0
QNA,D,20241205,000000,29,29.8,26.5,28.7,3512,0
QNA,D,20241206,000000,28.2,28.7,26,27.8,2665,0
QNA,D,20241209,000000,28.2,28.4,26.8,26.8,1245,0
QNA,D,20241210,000000,26.8,28,26.5,28,1218,0
QNA,D,20241211,000000,27.55,29,27.5,28.5,361,0
QNA,D,20241212,000000,27.5,29.3,27.5,28.5,312,0
QNA,D,20241213,000000,28.5,28.9,28,28,50,0
QNA,D,20241216,000000,28,28,26,26.7,1317,0
QNA,D,20241217,000000,26.8,26.8,25.35,26,1075,0
QNA,D,20241218,000000,26.7,26.7,25,25,632,0
QNA,D,20241219,000000,25,25.4,22.1,23.5,2615,0
QNA,D,20241220,000000,22.9,25.45,22.9,25.45,2277,0
QNA,D,20241223,000000,27,27,25.2,26,2963,0
QNA,D,20241227,000000,26.95,26.95,25.2,25.3,1675,0
QNA,D,20241230,000000,26.85,26.85,24.5,25.1,478,0
QNA,D,20250102,000000,25.1,25.2,24.85,25,441,0
QNA,D,20250103,000000,25.25,25.25,24.5,24.8,130,0
QNA,D,20250107,000000,24.8,25.3,24.8,25.2,739,0
QNA,D,20250108,000000,25.2,28.5,25.2,28.5,61,0
QNA,D,20250109,000000,29,29,27.6,28.75,647,0
QNA,D,20250110,000000,28.75,28.8,28.75,28.8,212,0
QNA,D,20250113,000000,28.8,28.8,28.4,28.8,16,0
QNA,D,20250114,000000,28.8,28.8,26.2,27.55,259,0
QNA,D,20250115,000000,27.55,28.8,27.55,28.7,232,0
QNA,D,20250116,000000,28.7,29.9,26.8,28.9,1572,0
QNA,D,20250117,000000,28.95,28.95,26,27.8,301,0
QNA,D,20250120,000000,27.75,28.7,26.6,26.6,538,0
QNA,D,20250122,000000,26.6,26.6,24.8,25.45,2285,0
QNA,D,20250123,000000,25.45,25.75,25,25.7,402,0
QNA,D,20250124,000000,25.7,26.1,25.7,26.1,2,0
QNA,D,20250127,000000,26.1,26.1,26.1,26.1,42,0
QNA,D,20250128,000000,26,26,25.8,25.8,17,0
QNA,D,20250129,000000,25.8,25.8,24.75,24.75,761,0
QNA,D,20250130,000000,24.5,25,22.5,23.7,4557,0
QNA,D,20250131,000000,23.7,23.7,22.3,22.3,1175,0
QNA,D,20250203,000000,22.8,23.1,22.5,23,2515,0
QNA,D,20250204,000000,22.1,26.5,22.1,24.7,696,0
QNA,D,20250205,000000,24.75,25.2,23,24.9,1855,0
QNA,D,20250206,000000,25.5,25.85,25.5,25.8,291,0
QNA,D,20250207,000000,25.75,26.3,23,24.3,6282,0
QNA,D,20250210,000000,24,25.1,23,23.5,1355,0
QNA,D,20250211,000000,23.5,23.75,22.85,23.75,492,0
QNA,D,20250212,000000,23.75,23.75,22,22.95,3125,0
QNA,D,20250213,000000,23.45,23.75,22.8,23.75,586,0
QNA,D,20250214,000000,23.75,24,23.75,23.75,138,0
QNA,D,20250217,000000,23.95,25.65,23.9,23.9,1920,0
QNA,D,20250218,000000,23.85,24.9,23.85,24,321,0
QNA,D,20250219,000000,23.95,24.7,23.4,24.7,556,0
QNA,D,20250220,000000,24.8,24.8,24.8,24.8,195,0
QNA,D,20250221,000000,24.95,25.45,24.3,25,2595,0
QNA,D,20250224,000000,25.7,25.85,24.45,25.8,890,0
QNA,D,20250225,000000,25.9,29,25.9,28.2,1253,0
QNA,D,20250226,000000,28.2,29.3,26.65,29.15,704,0
QNA,D,20250227,000000,29.05,29.5,28,29.2,1525,0
QNA,D,20250228,000000,29,29.2,29,29.15,161,0
QNA,D,20250303,000000,29.15,29.15,29.15,29.15,14,0
QNA,D,20250304,000000,29.1,29.1,27.05,28.6,695,0
QNA,D,20250305,000000,27.45,28.45,27.2,28.45,160,0
QNA,D,20250306,000000,27.4,28.2,25,27,975,0
QNA,D,20250307,000000,26,28,26,27.6,540,0
QNA,D,20250310,000000,27.6,27.6,26.75,27.4,709,0
QNA,D,20250311,000000,27.4,27.4,26.7,27,193,0
QNA,D,20250312,000000,27,27,27,27,107,0
QNA,D,20250313,000000,26.1,27.05,25.6,27,598,0
QNA,D,20250314,000000,26.05,27.25,26.05,27.25,1078,0
QNA,D,20250317,000000,27.35,27.85,27,27.85,654,0
QNA,D,20250318,000000,27.85,28.55,27.2,28.2,872,0
QNA,D,20250319,000000,28.6,29.2,28,29.2,968,0
QNA,D,20250320,000000,29.1,29.2,29,29,398,0
QNA,D,20250321,000000,29,29,27.45,29,46,0
QNA,D,20250324,000000,29,29,27.15,28.7,569,0
QNA,D,20250325,000000,28.7,28.7,25.6,26.8,1252,0
QNA,D,20250326,000000,27.2,28.1,26.2,26.3,1683,0
QNA,D,20250327,000000,26.3,27.15,26.3,27.15,382,0
QNA,D,20250328,000000,26.45,27.8,26.45,27.7,489,0
QNA,D,20250331,000000,27.7,28,27,28,349,0
QNA,D,20250401,000000,32.9,32.9,27.3,28.1,229,0
QNA,D,20250402,000000,28.1,28.2,27,28.2,1041,0
QNA,D,20250403,000000,28.2,28.7,28,28,1045,0
QNA,D,20250404,000000,27.2,29.2,27.1,29.2,852,0
QNA,D,20250407,000000,29.2,29.2,24.5,27,1408,0
QNA,D,20250408,000000,27.2,28,25.7,27.9,887,0
QNA,D,20250409,000000,27.9,27.9,27.9,27.9,18,0
QNA,D,20250410,000000,28,28,27.4,27.4,181,0
QNA,D,20250411,000000,25.8,25.8,25.3,25.3,210,0
QNA,D,20250414,000000,26.8,27.5,26.6,26.7,505,0
QNA,D,20250415,000000,27,27.2,25.6,25.6,213,0
QNA,D,20250416,000000,27,28,27,28,125,0
QNA,D,20250417,000000,28,28,26,27.5,84,0
QNA,D,20250422,000000,26.5,27.7,26.5,27.7,103,0
QNA,D,20250423,000000,27.8,27.9,26.3,27.9,446,0
QNA,D,20250424,000000,28,28.2,27.5,28.2,192,0
QNA,D,20250425,000000,27.1,28,27.1,28,174,0
QNA,D,20250428,000000,28,28.3,27.5,28.3,21,0
QNA,D,20250429,000000,28.4,28.4,28.4,28.4,88,0
QNA,D,20250430,000000,28.4,28.6,28,28.6,383,0
QNA,D,20250502,000000,28.6,28.9,27.5,28.8,30,0
QNA,D,20250505,000000,29,29.5,28.5,29.5,357,0
QNA,D,20250506,000000,29.6,29.6,28,28,203,0
QNA,D,20250507,000000,28.3,29.7,28.1,28.6,444,0
QNA,D,20250508,000000,29.4,31,28.7,30.8,2178,0
QNA,D,20250509,000000,30.8,31.2,29.1,29.1,403,0
QNA,D,20250512,000000,29.3,31.8,29.3,31.8,264,0
QNA,D,20250513,000000,32.2,32.2,30,30,564,0
QNA,D,20250514,000000,31,31.4,30.7,31,599,0
QNA,D,20250515,000000,31,31,29.5,29.5,307,0
QNA,D,20250516,000000,29.9,30.9,29.8,29.9,906,0
QNA,D,20250519,000000,29.9,29.9,29.9,29.9,100,0
QNA,D,20250520,000000,29.9,29.9,29.9,29.9,11,0
QNA,D,20250521,000000,29.9,29.9,29.7,29.7,18,0
QNA,D,20250522,000000,29.7,34.8,29,32.7,6100,0
QNA,D,20250523,000000,32.3,33.2,31.5,31.5,1799,0
QNA,D,20250526,000000,31.8,32,30,30,668,0
QNA,D,20250527,000000,30.8,32.4,30.7,30.8,683,0
QNA,D,20250528,000000,31,31,30.7,31,409,0
QNA,D,20250529,000000,31.9,31.9,30.4,31.6,102,0
QNA,D,20250530,000000,31.5,31.6,29.9,30,636,0
QNA,D,20250602,000000,30.9,31.4,29.5,31.4,371,0
QNA,D,20250603,000000,31.9,31.9,30.6,30.6,304,0
QNA,D,20250604,000000,31.4,31.4,29.7,30.8,133,0
QNA,D,20250605,000000,29.9,31,29.5,30.6,995,0
QNA,D,20250606,000000,30.6,30.9,29.9,29.9,363,0
QNA,D,20250609,000000,30.6,30.6,29.7,30.6,444,0
QNA,D,20250610,000000,30.6,30.6,29.7,29.7,11,0
QNA,D,20250611,000000,29.7,30.6,29.7,30.6,220,0
QNA,D,20250612,000000,30.6,31,30.6,31,449,0
QNA,D,20250613,000000,32.1,32.1,31,32.1,379,0
QNA,D,20250616,000000,32.5,33.3,31,32.5,508,0
QNA,D,20250617,000000,33.3,33.5,31.8,33.5,1256,0
QNA,D,20250618,000000,33.5,37.9,33,37.5,1785,0
QNA,D,20250620,000000,37.5,37.6,35.4,37.4,1315,0
QNA,D,20250623,000000,35.7,37.8,35,35,527,0
QNA,D,20250624,000000,37.3,37.8,36,37.8,982,0
QNA,D,20250625,000000,36.7,36.7,27.5,30,19019,0
QNA,D,20250626,000000,30.2,30.3,29.1,30.1,4072,0
QNA,D,20250627,000000,30.1,30.1,27.1,28.2,7655,0
QNA,D,20250630,000000,29.7,30,28.3,30,2376,0
QNA,D,20250701,000000,29.9,29.9,29.1,29.9,1098,0
QNA,D,20250702,000000,30,30,28.4,29.8,1578,0
QNA,D,20250703,000000,29.8,29.9,28.5,29.7,1115,0
QNA,D,20250704,000000,29.9,30,29,29.8,649,0
QNA,D,20250707,000000,29,29,28.2,28.3,770,0
QNA,D,20250708,000000,28.4,29.7,28.4,29.5,1695,0
QNA,D,20250709,000000,29.5,29.6,28.4,29,599,0
QNA,D,20250710,000000,29.5,29.5,28.7,29.2,334,0
QNA,D,20250711,000000,29.3,29.3,27.1,28.1,1939,0
QNA,D,20250714,000000,28.5,28.5,27.5,28.5,575,0
QNA,D,20250715,000000,28.5,28.8,28.5,28.8,294,0
QNA,D,20250716,000000,28.8,29.1,28.8,29.1,434,0
QNA,D,20250717,000000,29.3,29.3,27.3,28.5,1278,0
QNA,D,20250718,000000,29.3,29.3,27.8,28.5,1006,0
QNA,D,20250721,000000,28.5,29.3,28,28.2,350,0
QNA,D,20250722,000000,29.5,29.5,27.8,28.9,151,0
QNA,D,20250723,000000,29.4,29.4,27.2,27.9,2589,0
QNA,D,20250724,000000,28.5,28.6,27.4,27.9,1327,0
QNA,D,20250725,000000,28,28.2,27.4,28.2,317,0
QNA,D,20250728,000000,28.1,28.1,27.5,28.1,205,0
QNA,D,20250729,000000,28.1,28.1,27.5,28,779,0
QNA,D,20250730,000000,28.2,28.2,27.7,27.7,439,0
QNA,D,20250731,000000,28.1,28.3,27.5,28.3,1006,0
QNA,D,20250801,000000,28.4,28.9,27.6,27.7,2186,0
QNA,D,20250804,000000,28.9,29.2,28,28.5,844,0
QNA,D,20250805,000000,29,29.1,27.7,27.7,1267,0
QNA,D,20250806,000000,27.7,28.1,27.2,28,1652,0
QNA,D,20250807,000000,28.2,29.1,27.3,27.9,351,0
QNA,D,20250808,000000,28,29.2,28,28,2829,0
QNA,D,20250811,000000,29.1,30,28.8,30,2911,0
QNA,D,20250812,000000,30,32.4,29.2,30,4222,0
QNA,D,20250813,000000,31.6,31.6,30.1,31.3,1497,0
QNA,D,20250814,000000,30.8,31.8,30.8,31.8,198,0
QNA,D,20250818,000000,31.8,32.4,31.1,31.8,1247,0
QNA,D,20250819,000000,32.3,33,31.6,33,656,0
QNA,D,20250820,000000,32.9,32.9,31.9,31.9,310,0
QNA,D,20250821,000000,31.9,32.5,31.9,32.5,576,0
QNA,D,20250822,000000,32.6,32.6,32.5,32.5,247,0
QNA,D,20250825,000000,32.5,33,31.7,33,1876,0
QNA,D,20250826,000000,32.8,33.4,32,32,721,0
QNA,D,20250827,000000,32.7,32.9,31.9,32.1,1343,0
QNA,D,20250828,000000,32.2,33.2,31.7,31.7,915,0
QNA,D,20250829,000000,32,32.1,29.3,31.1,3896,0
QNA,D,20250901,000000,31.9,32.1,31.3,32.1,876,0
QNA,D,20250902,000000,32.1,32.3,31.3,32.3,448,0
QNA,D,20250903,000000,32.7,32.7,31.3,32.7,70,0
QNA,D,20250904,000000,32.7,32.7,30.4,32.3,4686,0
QNA,D,20250905,000000,32.2,32.3,31.2,31.2,1144,0
QNA,D,20250908,000000,31.3,32.2,30.7,32.1,2332,0
QNA,D,20250909,000000,32.1,32.1,31.2,32,1740,0
QNA,D,20250910,000000,30.8,31.8,30.8,31.5,1605,0
QNA,D,20250911,000000,31.6,31.6,30.8,31.4,131,0
QNA,D,20250912,000000,30.8,31.4,30.8,31,466,0
QNA,D,20250915,000000,31,32,30.8,31.9,1275,0
QNA,D,20250916,000000,32,32,30.9,31.7,473,0
QNA,D,20250917,000000,31.7,32,31,32,1593,0
QNA,D,20250918,000000,32,32,31.5,32,1743,0
QNA,D,20250919,000000,32.5,32.5,31.1,32,83,0
QNA,D,20250922,000000,31.9,31.9,31.1,31.5,94,0
QNA,D,20250923,000000,31.6,31.6,31,31.6,614,0
QNA,D,20250924,000000,31.6,31.7,30.8,30.8,571,0
QNA,D,20250925,000000,31.2,31.5,30.6,31.2,1494,0
QNA,D,20250926,000000,31.2,31.2,30.3,30.7,799,0
QNA,D,20250929,000000,31,31.6,30.3,31,204,0
QNA,D,20250930,000000,31.5,31.6,31,31,858,0
QNA,D,20251001,000000,31,31.6,30.3,31.2,408,0
QNA,D,20251002,000000,31.2,31.3,30,31,1739,0
QNA,D,20251003,000000,31,31,30,30,1973,0
QNA,D,20251006,000000,30,30.7,28.2,30.2,951,0
QNA,D,20251007,000000,30.6,31,29.6,31,1899,0
QNA,D,20251008,000000,30.9,30.9,29.8,30.6,56,0
QNA,D,20251009,000000,30.7,31.6,30,30,807,0
QNA,D,20251010,000000,31.6,31.8,29.9,31.4,1250,0
QNA,D,20251013,000000,31.4,31.4,30,30,1121,0
QNA,D,20251014,000000,31.4,31.4,29.9,30.1,272,0
QNA,D,20251015,000000,30.8,30.9,29.9,29.9,577,0
QNA,D,20251016,000000,31,31,29.8,31,575,0
QNA,D,20251017,000000,31,31,30,30.7,313,0
QNA,D,20251020,000000,31,31,29.3,29.9,806,0
QNA,D,20251021,000000,29.2,29.9,28.8,28.8,874,0
QNA,D,20251022,000000,28.2,28.2,25.6,27.1,4618,0
QNA,D,20251023,000000,28.7,28.7,26.9,27.6,1317,0
QNA,D,20251024,000000,26.2,29.5,26.2,29.5,3522,0
QNA,D,20251027,000000,29.5,29.5,28,28,889,0
QNA,D,20251028,000000,28,28.3,28,28.3,191,0
QNA,D,20251029,000000,28.3,29.3,28.3,29.1,1584,0
QNA,D,20251030,000000,29.1,29.2,28.4,28.4,440,0
QNA,D,20251031,000000,28.4,29.2,28.4,29.1,452,0
QNA,D,20251103,000000,29.2,29.2,27.9,27.9,2712,0
QNA,D,20251104,000000,27.7,27.7,26.6,27.4,713,0
QNA,D,20251105,000000,28.2,28.2,26.1,26.9,7400,0
QNA,D,20251106,000000,26.8,27.5,26.1,26.2,1910,0
QNA,D,20251107,000000,26.9,26.9,25.7,26.4,713,0
QNA,D,20251110,000000,26.3,26.3,24.8,25.5,4168,0
QNA,D,20251112,000000,24.9,25.7,24.9,25.7,2732,0
QNA,D,20251113,000000,26.3,26.3,25.5,26.2,289,0
QNA,D,20251114,000000,27.9,27.9,25.3,25.7,2731,0
QNA,D,20251117,000000,25.7,26.4,25,25.6,1200,0
QNA,D,20251118,000000,26,26.3,24.8,25.5,928,0
QNA,D,20251119,000000,26.3,26.3,25.1,25.7,1056,0
QNA,D,20251120,000000,26.3,26.3,25.2,25.2,1037,0
QNA,D,20251121,000000,26.2,26.2,25,25.5,338,0
QNA,D,20251124,000000,26,26,25,25.6,168,0
QNA,D,20251125,000000,25.6,26.2,25,25.4,748,0
QNA,D,20251126,000000,26.1,26.1,25,25.5,3783,0
QNA,D,20251127,000000,25.5,27.8,25.5,26.7,1497,0
QNA,D,20251128,000000,27.1,27.1,25.4,26.2,1466,0
QNA,D,20251201,000000,26.2,26.5,25.1,25.9,870,0
QNA,D,20251202,000000,25.1,25.9,25.1,25.1,482,0
QNA,D,20251203,000000,25.4,27.6,25.4,27,1879,0
QNA,D,20251204,000000,27.6,27.6,26,26.4,367,0
QNA,D,20251205,000000,26.7,28.5,26.7,28.3,1429,0
QNA,D,20251208,000000,26.8,28,26.8,27,226,0
QNA,D,20251209,000000,28.4,28.4,27,27.1,403,0
QNA,D,20251210,000000,29.3,29.3,27.9,27.9,845,0
QNA,D,20251211,000000,27.9,28.7,27.1,28.1,1458,0
QNA,D,20251212,000000,29.2,29.2,27.6,27.9,1113,0
QNA,D,20251215,000000,27.9,29.3,27.2,29.1,1719,0
QNA,D,20251216,000000,29,29,27.2,27.2,415,0
QNA,D,20251217,000000,27.2,28,26,26,1804,0
QNA,D,20251218,000000,26.1,28,26.1,27.6,659,0
QNA,D,20251219,000000,28.6,28.6,26,28,48,0
QNA,D,20251222,000000,28.9,28.9,27.8,28.5,306,0
QNA,D,20251223,000000,28.8,28.9,27.5,28,491,0
QNA,D,20251229,000000,28.9,28.9,26.1,27.3,1378,0
QNA,D,20251230,000000,27.2,27.2,26.5,27,360,0
QNA,D,20260102,000000,28.4,28.4,26.4,27.2,200,0
QNA,D,20260105,000000,27.3,28,26.3,26.8,2055,0
QNA,D,20260107,000000,28.2,28.2,26.6,27.7,864,0
QNA,D,20260108,000000,26.7,28.1,26.4,27.6,1243,0
QNA,D,20260109,000000,27.7,27.7,26.6,27,435,0
QNA,D,20260112,000000,27,28.5,27,28.5,3717,0
QNA,D,20260113,000000,26.6,28.6,26.6,28.5,1954,0
QNA,D,20260114,000000,28.7,28.7,27.9,27.9,71,0
QNA,D,20260115,000000,27.5,28.5,27,27.1,242,0
QNA,D,20260116,000000,28,28,27.1,27.1,577,0
QNA,D,20260119,000000,27.1,28,27.1,28,393,0
QNA,D,20260120,000000,27.6,30,27.4,28.5,1495,0
QNA,D,20260121,000000,29.3,29.3,28,28.9,2324,0
QNA,D,20260122,000000,28.9,29.6,28.4,28.4,3739,0
QNA,D,20260123,000000,30.3,36.5,29.9,35.6,31827,0
QNA,D,20260126,000000,37.4,37.5,31.5,36,24513,0
QNA,D,20260127,000000,36,36,33,33.5,3384,0
QNA,D,20260128,000000,35,35,32.6,33.6,2398,0
QNA,D,20260129,000000,34.5,37.9,32.6,37.2,7949,0
QNA,D,20260130,000000,38,45,38,41,19987,0
QNA,D,20260202,000000,40.9,44.9,38.1,40,9754,0
QNA,D,20260203,000000,40,44,38.6,43.6,11367,0
QNA,D,20260204,000000,44,48.4,43,46.4,17942,0
QNA,D,20260205,000000,46,47.9,41.6,41.6,10229,0
QNA,D,20260206,000000,41,42.4,41,42.4,2291,0
QNA,D,20260209,000000,43.8,44.3,41.2,42.8,1634,0
QNA,D,20260210,000000,42.6,50,41.6,47.8,16422,0
QNA,D,20260211,000000,49,51.8,48,49.3,18050,0
QNA,D,20260212,000000,50,50,47.1,48.4,2641,0
QNA,D,20260213,000000,47.6,51.8,47.6,51.6,10776,0
QNA,D,20260216,000000,52,52,47.7,51.2,8004,0
QNA,D,20260217,000000,51.4,51.4,47.2,49,3900,0
QNA,D,20260218,000000,49.8,51,47.8,50.2,2555,0
QNA,D,20260219,000000,50.2,50.8,48,48.3,2320,0
QNA,D,20260220,000000,48,48.3,44.3,45.9,8442,0
QNA,D,20260223,000000,47,47.8,46,47.7,3258,0
QNA,D,20260224,000000,47.7,47.8,43.5,43.5,2006,0
QNA,D,20260225,000000,43.6,44,41.3,43.9,7266,0
QNA,D,20260226,000000,44,44,41.2,42.3,2554,0
QNA,D,20260227,000000,42,42,40.1,41.6,1687,0
QNA,D,20260302,000000,41.2,41.2,38.4,40.7,3043,0
QNA,D,20260303,000000,39.5,40.2,38.4,39.5,1033,0
QNA,D,20260304,000000,39,40.8,37.1,39.6,3797,0
QNA,D,20260305,000000,40.4,43.3,39.8,41.6,2247,0
QNA,D,20260306,000000,41.9,44.4,40,41.6,5742,0
QNA,D,20260309,000000,40.3,44.1,38.9,44,4703,0
QNA,D,20260310,000000,44,46.2,43.8,43.9,1846,0
QNA,D,20260311,000000,44,45.6,43.6,44.9,1702,0
QNA,D,20260312,000000,45.5,45.5,41.5,43,1852,0
QNA,D,20260313,000000,43.9,43.9,42,42.2,258,0
QNA,D,20260316,000000,41.5,41.9,39,40.3,3557,0
QNA,D,20260317,000000,41.4,41.5,38.6,40,1325,0
QNA,D,20260318,000000,40.4,40.5,39,40,345,0
QNA,D,20260319,000000,40.5,41.5,39.1,39.9,2733,0
QNA,D,20260320,000000,40.5,40.5,38.6,39.6,704,0
QNA,D,20260323,000000,38.9,39.5,36.4,38.2,2092,0
QNA,D,20260324,000000,38,38.3,38,38.3,510,0
QNA,D,20260325,000000,38.3,40.4,38.3,40.1,868,0
QNA,D,20260326,000000,40.4,44,38.9,44,2629,0
QNA,D,20260327,000000,43.5,50,43,46.7,13010,0
QNA,D,20260330,000000,46.4,49.3,42.1,47.4,4969,0
QNA,D,20260331,000000,48,48.9,46,48.2,1369,0
QNA,D,20260401,000000,48.2,49.8,47.5,48.7,1654,0
QNA,D,20260402,000000,47.3,48.8,44.5,45,3811,0
QNA,D,20260407,000000,44.5,46.9,41.2,41.9,7364,0
QNA,D,20260408,000000,43,47,42,46.4,6886,0
QNA,D,20260409,000000,46.4,46.4,43.8,45.6,1124,0
QNA,D,20260410,000000,45.5,45.5,41.5,44.2,3747,0
QNA,D,20260413,000000,44.6,44.6,42.7,44.1,2805,0
QNA,D,20260414,000000,44.7,46,43.9,44,718,0
QNA,D,20260415,000000,44,44,42.7,43,610,0
QNA,D,20260416,000000,42.7,43,41.8,42.7,1563,0
QNA,D,20260417,000000,42.7,42.7,39,39.8,12592,0
QNA,D,20260420,000000,40.9,46.4,40.1,43.3,13370,0
QNA,D,20260421,000000,44.5,53.6,44.5,49,37086,0
QNA,D,20260422,000000,47.1,50,45.5,46.8,11010,0
QNA,D,20260423,000000,46.8,46.8,45.3,46.8,3599,0
QNA,D,20260424,000000,46.8,46.8,43.6,44.6,2739,0
QNA,D,20260427,000000,45.5,49.5,45.1,46.7,4520,0
QNA,D,20260428,000000,46.7,48.6,45.4,45.8,1270,0
QNA,D,20260429,000000,47,47,45.1,45.3,403,0
QNA,D,20260430,000000,45.8,46.2,44.8,46.2,788,0
QNA,D,20260504,000000,45.7,46.5,44.7,44.7,1270,0
QNA,D,20260505,000000,44.8,44.8,42.6,43.6,2908,0
QNA,D,20260506,000000,42.4,43.4,41.1,42.7,2781,0
QNA,D,20260507,000000,43.1,45,42,44.9,2822,0
QNA,D,20260508,000000,43.5,45.5,43.5,45.3,867,0
QNA,D,20260511,000000,45.3,45.4,44.2,44.2,1606,0
QNA,D,20260512,000000,45.6,48,43.4,45.1,4009,0
QNA,D,20260513,000000,47.8,49.7,46,48.7,5785,0
QNA,D,20260514,000000,48.7,50,47,47,5153,0
QNA,D,20260515,000000,46,47.9,45.9,47.9,2376,0
QNA,D,20260518,000000,47.9,47.9,45.5,45.7,3001,0
QNA,D,20260519,000000,49,49,45.7,46.9,634,0
QNA,D,20260520,000000,46.9,48,45.9,47.5,792,0
QNA,D,20260521,000000,47.9,48.4,46,47.3,1188,0
QNA,D,20260522,000000,47.3,48.5,46.8,48,2830,0
QNA,D,20260525,000000,48.8,57.8,46,47,37190,0
QNA,D,20260526,000000,46.9,49,45.8,47,2512,0
QNA,D,20260527,000000,46.9,48.9,42.5,43.8,6274,0
QNA,D,20260528,000000,44,46,43,44.4,5012,0
QNA,D,20260529,000000,43.3,47,43.3,46.8,3752,0
QNA,D,20260601,000000,47.2,47.2,43,43.5,5632,0
QNA,D,20260602,000000,43.5,44.3,41,43.7,2695,0
QNA,D,20260603,000000,43.7,43.8,42,43.8,2276,0
QNA,D,20260605,000000,43.8,43.8,41,41.7,2295,0
QNA,D,20260608,000000,41.5,42.4,40.5,42,1152,0
QNA,D,20260609,000000,42,42,40.1,40.8,3413,0
QNA,D,20260610,000000,41.6,42,40.5,41.8,691,0
QNA,D,20260611,000000,41.7,41.9,39.9,41.8,1428,0
QNA,D,20260612,000000,41.8,42.3,40.6,41.7,2599,0
QNA,D,20260615,000000,41.7,41.9,40,41.5,1519,0
QNA,D,20260616,000000,41.4,41.4,40,41.1,3616,0
QNA,D,20260617,000000,41.1,41.5,40.4,41.1,436,0
QNA,D,20260618,000000,41.1,41.5,40.3,41.3,779,0
QNA,D,20260619,000000,41.3,43.5,41.2,42.4,1843,0
QNA,D,20260622,000000,43.4,43.4,40.3,42.4,846,0
QNA,D,20260623,000000,42.2,42.2,39.6,40.5,6546,0
QNA,D,20260624,000000,41,41,39.4,40.6,2453,0
QNA,D,20260625,000000,40.2,41,40.1,40.6,1385,0
QNA,D,20260626,000000,40.7,40.7,40,40.1,632,0
QNA,D,20260629,000000,40.7,41.8,40,40.4,2474,0
QNA,D,20260630,000000,41.5,41.5,40.1,41.3,295,0
QNA,D,20260701,000000,41.3,41.7,40.2,41.7,867,0
QNA,D,20260702,000000,41.6,41.6,40.5,41.6,901,0
QNA,D,20260703,000000,41.6,42.2,41,42.2,2256,0
QNA,D,20260706,000000,43.2,43.2,41.6,41.8,507,0
QNA,D,20260707,000000,42.4,42.5,40.8,40.8,4206,0
QNA,D,20260708,000000,40.8,41.7,40,41.2,2518,0
QNA,D,20260709,000000,41.2,41.4,40.6,40.6,844,0
QNA,D,20260710,000000,41.4,41.4,40.4,41.4,451,0
QNA,D,20260713,000000,41.3,41.3,40.8,41.3,716,0
QNA,D,20260714,000000,41.4,41.9,40.8,41.7,2169,0
QNA,D,20260715,000000,41,41.5,39.6,39.6,4109,0
QNA,D,20260716,000000,40.6,41.4,38.4,39.9,2476,0
QNA,D,20260717,000000,39.1,39.7,38.6,38.9,1066,0
QNA,D,20260720,000000,39.2,39.2,36,36.5,5985,0
QNA,D,20260721,000000,36.5,36.5,33.3,33.8,12448,0
QNA,D,20260722,000000,34.3,34.3,31.4,32.7,5584,0
QNA,D,20260723,000000,33.6,35,31.2,32.7,5320,0
QNA,D,20260724,000000,32.4,32.7,31.4,32,1972,0
QNA,D,20260727,000000,32,34.3,30.7,32.9,3398,0
QNA,D,20260728,000000,32.6,32.6,31.4,31.6,532,0
QNA,D,20260729,000000,32.4,33.3,31.1,33.3,2016,0
QNA,D,20260730,000000,33.3,33.9,32.7,33.4,668,0
QNA,D,20260731,000000,33.4,33.5,32.1,32.1,754,0
QNA,D,20260803,000000,32.1,33.5,32.1,33.4,892,0
QNA,D,20260804,000000,33.5,33.5,32.6,33.5,763,0
QNA,D,20260805,000000,33.9,36.4,32.7,36.4,2182,0
QNA,D,20260806,000000,37,37.9,35.3,37.3,1889,0
QNA,D,20260807,000000,37.5,37.9,37,37.5,968,0
QNA,D,20260810,000000,36.4,36.4,34.5,36.4,1198,0
QNA,D,20260811,000000,36.4,37.8,35.1,37,802,0
QNA,D,20260812,000000,37.1,37.1,35,36,901,0
QNA,D,20260813,000000,36,36.9,35.3,35.3,762,0
QNA,D,20260814,000000,36.4,36.8,35.2,35.6,291,0
QNA,D,20260817,000000,35.3,35.4,35,35,410,0
QNA,D,20260818,000000,35.2,36,34.1,34.6,386,0
