<TICKER>,<PER>,<DATE>,<TIME>,<OPEN>,<HIGH>,<LOW>,<CLOSE>,<VOL>,<OPENINT>
RND,D,20211222,000000,112.228,112.228,96.9236,101.94,10379.79199528696,0
RND,D,20211223,000000,104.15,124.981,102.025,121.393,9781.116173689106,0
RND,D,20211227,000000,127.531,127.531,107.211,118.179,3033.369241455532,0
RND,D,20211228,000000,110.102,115.544,106.276,115.544,1099.728670322188,0
RND,D,20211229,000000,113.928,113.928,104.576,107.977,1063.267078044126,0
RND,D,20211230,000000,107.977,109.677,107.977,108.826,270.52149109529756,0
RND,D,20220103,000000,110.528,112.738,102.025,112.738,769.2219790274983,0
RND,D,20220104,000000,111.377,111.377,106.361,110.528,199.9506673313069,0
RND,D,20220105,000000,110.357,117.754,110.357,117.754,246.99788317396735,0
RND,D,20220107,000000,113.928,116.479,109.677,113.911,117.61803960665112,0
RND,D,20220110,000000,110.528,112.228,110.442,110.528,355.20647961208635,0
RND,D,20220111,000000,110.528,110.613,109.677,109.677,221.1219144605041,0
RND,D,20220112,000000,108.572,109.66,106.276,109.66,286.9880166402287,0
RND,D,20220113,000000,109.677,113.928,109.677,110.528,127.02748277518322,0
RND,D,20220114,000000,111.377,111.802,107.977,110.357,175.25087901391018,0
RND,D,20220117,000000,108.147,109.507,106.446,109.507,119.97040039878415,0
RND,D,20220118,000000,108.826,108.826,103.726,107.977,357.5588404042194,0
RND,D,20220119,000000,104.576,106.192,102.45,106.192,288.16419703629526,0
RND,D,20220120,000000,102.875,108.826,102.025,108.826,908.0112657633466,0
RND,D,20220121,000000,105.851,107.892,104.576,107.892,190.5412241627748,0
RND,D,20220124,000000,105.001,105.001,95.2233,101.6,651.6039394208472,0
RND,D,20220125,000000,101.6,101.6,96.2438,101.43,675.1275473421774,0
RND,D,20220126,000000,101.175,101.175,96.4138,101.158,136.4369259437153,0
RND,D,20220127,000000,102.79,104.661,99.4745,104.661,152.90345148864645,0
RND,D,20220128,000000,104.661,110.528,102.025,105.936,1733.6899038020376,0
RND,D,20220131,000000,105.936,108.232,102.875,107.875,515.167013477132,0
RND,D,20220201,000000,107.875,112.228,90.2242,112.228,1106.785752698587,0
RND,D,20220202,000000,103.896,114.778,103.896,114.744,275.2262126795636,0
RND,D,20220203,000000,112.228,131.783,112.228,127.515,3192.1535949245113,0
RND,D,20220204,000000,126.511,127.531,125.831,125.831,537.5144410023956,0
RND,D,20220207,000000,125.831,129.232,125.831,127.531,336.3875932750222,0
RND,D,20220208,000000,127.956,127.956,122.431,125.831,74.0993649521902,0
RND,D,20220209,000000,125.831,125.831,125.831,125.831,1.1761803960665111,0
RND,D,20220210,000000,125.406,125.831,125.321,125.831,371.6730051570175,0
RND,D,20220211,000000,125.831,125.831,124.981,124.981,101.15151406171996,0
RND,D,20220214,000000,116.479,116.479,109.677,113.928,285.81183624416224,0
RND,D,20220215,000000,110.528,116.394,109.677,116.394,98.79915326958694,0
RND,D,20220216,000000,116.394,116.394,116.394,116.394,95.2706120813874,0
RND,D,20220217,000000,112.228,112.228,110.528,110.528,321.0972481261576,0
RND,D,20220218,000000,112.228,114.693,108.826,108.826,171.72233782571064,0
RND,D,20220221,000000,110.528,114.693,103.981,112.092,346.9732168396208,0
RND,D,20220222,000000,107.977,119.029,102.025,119.029,1811.3178099424274,0
RND,D,20220223,000000,118.859,118.859,110.528,112.228,41.16631386232789,0
RND,D,20220224,000000,105.443,105.443,90.2924,98.6247,1339.6694711197563,0
RND,D,20220225,000000,100.325,106.276,100.325,106.276,47.04721584266045,0
RND,D,20220228,000000,97.7742,104.576,97.7742,104.576,18.81888633706418,0
RND,D,20220301,000000,105.426,107.977,105.426,107.977,78.80408653645625,0
RND,D,20220302,000000,107.977,108.826,107.977,108.826,29.40450990166278,0
RND,D,20220303,000000,108.826,117.329,108.826,109.677,215.24101248017155,0
RND,D,20220304,000000,109.677,115.612,102.893,110.442,161.13671426111202,0
RND,D,20220307,000000,109.592,109.592,109.592,109.592,11.761803960665112,0
RND,D,20220308,000000,110.102,114.319,110.102,114.319,29.40450990166278,0
RND,D,20220309,000000,113.928,115.629,113.928,113.928,181.13178099424275,0
RND,D,20220310,000000,108.826,114.778,107.126,114.778,271.6976714913641,0
RND,D,20220311,000000,113.078,113.078,113.078,113.078,464.5912564462719,0
RND,D,20220314,000000,110.528,113.078,110.528,113.078,104.68005524991949,0
RND,D,20220315,000000,110.528,112.653,108.997,112.653,179.9556005981762,0
RND,D,20220316,000000,112.653,112.653,112.653,112.653,1.1761803960665111,0
RND,D,20220317,000000,112.653,112.908,112.636,112.908,36.46159227806185,0
RND,D,20220318,000000,112.228,112.908,110.528,110.528,78.80408653645625,0
RND,D,20220321,000000,112.738,112.908,108.826,112.908,69.39464336792416,0
RND,D,20220322,000000,112.908,112.908,112.908,112.908,1.1761803960665111,0
RND,D,20220323,000000,112.908,112.908,110.528,110.528,246.99788317396735,0
RND,D,20220325,000000,111.717,111.717,111.717,111.717,1.1761803960665111,0
RND,D,20220328,000000,111.887,111.887,108.826,111.377,65.86610217972463,0
RND,D,20220329,000000,111.377,111.377,106.276,106.276,74.0993649521902,0
RND,D,20220330,000000,110.528,110.528,110.528,110.528,2.3523607921330223,0
RND,D,20220404,000000,109.677,109.677,109.677,109.677,11.761803960665112,0
RND,D,20220405,000000,109.252,109.252,109.252,109.252,5.880901980332556,0
RND,D,20220406,000000,108.826,108.826,108.826,108.826,243.4693419857678,0
RND,D,20220407,000000,109.252,110.528,107.126,107.126,5683.303673793382,0
RND,D,20220408,000000,110.102,110.102,107.126,107.126,9.40944316853209,0
RND,D,20220411,000000,106.786,106.786,106.701,106.701,28.228329505596268,0
RND,D,20220412,000000,107.126,107.126,104.576,105.426,234.05989881723573,0
RND,D,20220413,000000,104.576,104.576,104.576,104.576,382.25862872161616,0
RND,D,20220414,000000,106.701,107.977,103.726,103.726,225.82663604477014,0
RND,D,20220419,000000,105.426,105.426,103.726,103.726,2084.191661829858,0
RND,D,20220420,000000,105.426,109.677,105.426,106.701,1293.7984356731624,0
RND,D,20220421,000000,109.677,114.778,108.402,108.826,326.97815010649015,0
RND,D,20220422,000000,112.653,113.928,110.528,110.528,98.79915326958694,0
RND,D,20220425,000000,108.826,113.503,107.977,107.977,138.78928673584832,0
RND,D,20220426,000000,107.552,107.552,107.552,107.552,62.337560991525095,0
RND,D,20220427,000000,107.126,109.677,106.276,109.677,286.9880166402287,0
RND,D,20220429,000000,109.677,109.677,102.875,107.126,241.1169811936348,0
RND,D,20220502,000000,107.977,107.977,104.576,104.576,63.51374138759161,0
RND,D,20220504,000000,104.576,109.677,102.875,109.677,56.456659011192535,0
RND,D,20220505,000000,104.576,104.576,104.576,104.576,5.880901980332556,0
RND,D,20220506,000000,104.576,104.576,102.025,102.025,898.6018225948145,0
RND,D,20220510,000000,101.175,102.025,97.7742,98.6247,321.0972481261576,0
RND,D,20220512,000000,98.199,101.175,79.0695,95.2233,312.86398535369193,0
RND,D,20220513,000000,96.0739,97.7742,94.3736,96.0739,237.58844000543525,0
RND,D,20220516,000000,98.6247,101.175,93.523,93.523,169.3699770335776,0
RND,D,20220519,000000,93.9478,93.9478,92.6733,92.6733,178.7794202021097,0
RND,D,20220523,000000,92.6733,93.523,91.8227,93.523,110.56095723025204,0
RND,D,20220524,000000,91.8227,91.8227,87.9967,90.1224,85.86116891285532,0
RND,D,20220525,000000,87.5716,90.1224,87.1465,87.5716,275.2262126795636,0
RND,D,20220526,000000,89.6976,91.8227,87.5716,87.5716,101.15151406171996,0
RND,D,20220527,000000,89.2718,89.2718,89.2718,89.2718,23.523607921330225,0
RND,D,20220530,000000,88.4218,88.4218,88.4218,88.4218,39.99013346626138,0
RND,D,20220531,000000,87.1465,91.8227,85.8712,91.8227,272.8738518874306,0
RND,D,20220601,000000,92.2476,92.2476,92.2476,92.2476,4.704721584266045,0
RND,D,20220602,000000,86.7214,87.5716,86.7214,86.7214,321.0972481261576,0
RND,D,20220606,000000,84.1708,84.5108,80.7699,84.5108,83.50880812072229,0
RND,D,20220607,000000,81.28,85.0209,80.94,84.1708,122.32276119091716,0
RND,D,20220608,000000,85.8712,90.1224,85.8712,90.1224,394.02043268228124,0
RND,D,20220609,000000,91.3979,93.0981,84.1708,84.1708,112.91331802238507,0
RND,D,20220610,000000,88.4218,89.2718,88.4218,89.2718,61.16138059545858,0
RND,D,20220613,000000,86.7214,86.7214,81.28,82.4703,492.8195859518682,0
RND,D,20220614,000000,80.7699,85.8712,80.7699,85.8712,178.7794202021097,0
RND,D,20220615,000000,85.8712,85.8712,83.3206,83.3206,1434.9400832011438,0
RND,D,20220617,000000,84.1708,93.0981,84.1708,93.0981,102.32769445778648,0
RND,D,20220620,000000,89.2718,89.2718,87.1465,87.1465,118.79422000271762,0
RND,D,20220621,000000,87.1465,87.1465,83.3206,83.3206,176.4270594099767,0
RND,D,20220622,000000,83.3206,86.7214,83.3206,83.3206,88.21352970498835,0
RND,D,20220623,000000,83.3206,83.3206,83.3206,83.3206,1.1761803960665111,0
RND,D,20220624,000000,83.3206,84.1708,83.3206,83.3206,39.99013346626138,0
RND,D,20220627,000000,82.8105,82.8105,81.6202,81.6202,55.28047861512602,0
RND,D,20220628,000000,81.6202,81.6202,81.6202,81.6202,36.46159227806185,0
RND,D,20220629,000000,81.6202,81.6202,81.6202,81.6202,15.290345148864645,0
RND,D,20220630,000000,81.6202,81.6202,81.6202,81.6202,12.937984356731624,0
RND,D,20220701,000000,81.6202,81.6202,81.6202,81.6202,1.1761803960665111,0
RND,D,20220704,000000,80.7699,80.7699,80.7699,80.7699,17.64270594099767,0
RND,D,20220705,000000,80.7699,80.7699,80.7699,80.7699,1.1761803960665111,0
RND,D,20220706,000000,82.4703,85.0209,82.4703,85.0209,7.057082376399067,0
RND,D,20220707,000000,85.0209,87.5716,76.5189,87.5716,268.16913030316454,0
RND,D,20220708,000000,87.5716,87.5716,87.5716,87.5716,10.5856235645986,0
RND,D,20220711,000000,88.4218,98.6247,88.4218,93.523,171.72233782571064,0
RND,D,20220712,000000,93.523,93.523,93.523,93.523,1.1761803960665111,0
RND,D,20220713,000000,93.523,93.523,93.523,93.523,43.51867465446091,0
RND,D,20220718,000000,93.523,93.523,85.8712,85.8712,23.523607921330225,0
RND,D,20220720,000000,87.5716,96.9236,87.5716,96.9236,24.699788317396735,0
RND,D,20220722,000000,96.9236,96.9236,96.9236,96.9236,12.937984356731624,0
RND,D,20220725,000000,100.325,119.88,97.7742,101.175,72.9231845561237,0
RND,D,20220726,000000,102.025,117.329,102.025,117.329,109.38477683418554,0
RND,D,20220727,000000,115.629,115.629,115.629,115.629,19.99506673313069,0
RND,D,20220728,000000,116.053,116.053,116.053,116.053,1.1761803960665111,0
RND,D,20220729,000000,110.528,110.528,110.528,110.528,17.64270594099767,0
RND,D,20220801,000000,114.778,115.629,109.677,109.677,17.64270594099767,0
RND,D,20220802,000000,109.252,113.928,108.826,113.928,59.985200199392075,0
RND,D,20220804,000000,107.126,107.126,106.276,106.276,9.40944316853209,0
RND,D,20220805,000000,107.126,107.126,107.126,107.126,14.114164752798134,0
RND,D,20220808,000000,107.977,109.677,103.726,103.726,143.49400832011435,0
RND,D,20220810,000000,103.726,103.726,103.726,103.726,12.937984356731624,0
RND,D,20220811,000000,103.726,103.726,103.726,103.726,3.5285411881995334,0
RND,D,20220812,000000,109.677,109.677,108.826,108.826,57.63283940725905,0
RND,D,20220816,000000,108.826,108.826,108.826,108.826,1.1761803960665111,0
RND,D,20220817,000000,108.826,116.053,106.276,116.053,839.792802791489,0
RND,D,20220818,000000,116.053,116.053,116.053,116.053,19.99506673313069,0
RND,D,20220819,000000,116.053,116.053,116.053,116.053,2.3523607921330223,0
RND,D,20220822,000000,116.053,116.053,102.025,102.025,63.51374138759161,0
RND,D,20220823,000000,103.726,103.726,102.025,102.025,47.04721584266045,0
RND,D,20220824,000000,102.025,102.025,102.025,102.025,1.1761803960665111,0
RND,D,20220825,000000,102.025,102.025,102.025,102.025,18.81888633706418,0
RND,D,20220829,000000,102.45,102.45,102.45,102.45,1.1761803960665111,0
RND,D,20220831,000000,102.025,102.025,102.025,102.025,1.1761803960665111,0
RND,D,20220901,000000,102.025,102.45,102.025,102.45,22.34742752526371,0
RND,D,20220902,000000,102.025,102.025,102.025,102.025,1.1761803960665111,0
RND,D,20220905,000000,102.45,103.301,102.45,103.301,3.5285411881995334,0
RND,D,20220906,000000,102.025,102.45,102.025,102.45,76.45172574432323,0
RND,D,20220908,000000,102.875,102.875,102.875,102.875,1.1761803960665111,0
RND,D,20220909,000000,102.875,102.875,102.875,102.875,1.1761803960665111,0
RND,D,20220912,000000,102.875,104.576,102.875,104.576,29.40450990166278,0
RND,D,20220914,000000,102.45,102.45,102.45,102.45,2.3523607921330223,0
RND,D,20220915,000000,103.301,103.301,103.301,103.301,1.1761803960665111,0
RND,D,20220921,000000,104.15,104.576,104.15,104.576,149.3749103004469,0
RND,D,20220922,000000,105.426,105.426,105.426,105.426,25.875968713463248,0
RND,D,20220926,000000,105.426,105.426,102.025,102.025,1182.0612980468438,0
RND,D,20220927,000000,104.576,104.576,104.576,104.576,2.3523607921330223,0
RND,D,20220929,000000,105.001,105.426,99.4745,99.4745,11.761803960665112,0
RND,D,20221003,000000,98.6247,101.175,96.9236,101.175,38.81395307019487,0
RND,D,20221005,000000,102.025,102.875,102.025,102.875,4.704721584266045,0
RND,D,20221007,000000,103.301,120.305,103.301,119.455,78.80408653645625,0
RND,D,20221010,000000,120.305,120.305,115.629,117.329,175.25087901391018,0
RND,D,20221011,000000,113.078,113.078,105.426,105.426,24.699788317396735,0
RND,D,20221017,000000,105.426,105.426,105.426,105.426,2.3523607921330223,0
RND,D,20221018,000000,105.426,105.426,104.576,104.576,2.3523607921330223,0
RND,D,20221020,000000,104.576,104.576,102.875,102.875,7.057082376399067,0
RND,D,20221024,000000,102.875,103.726,102.875,103.726,61.16138059545858,0
RND,D,20221026,000000,103.726,105.001,103.726,104.15,181.13178099424275,0
RND,D,20221027,000000,105.426,105.426,105.426,105.426,58.80901980332556,0
RND,D,20221031,000000,104.576,104.576,104.576,104.576,9.40944316853209,0
RND,D,20221102,000000,104.576,104.576,104.576,104.576,23.523607921330225,0
RND,D,20221103,000000,104.576,107.126,102.875,107.126,238.76462040150176,0
RND,D,20221104,000000,102.025,102.025,101.175,101.175,251.7026047582334,0
RND,D,20221107,000000,100.325,102.025,100.325,101.175,77.62790614038974,0
RND,D,20221110,000000,104.576,112.228,104.576,112.228,25.875968713463248,0
RND,D,20221114,000000,111.802,111.802,111.802,111.802,1.1761803960665111,0
RND,D,20221115,000000,111.802,111.802,111.802,111.802,1.1761803960665111,0
RND,D,20221116,000000,112.228,112.228,112.228,112.228,1.1761803960665111,0
RND,D,20221117,000000,112.228,112.228,108.826,112.228,7.057082376399067,0
RND,D,20221118,000000,111.802,111.802,108.826,108.826,3.5285411881995334,0
RND,D,20221121,000000,107.126,107.977,103.726,107.977,25.875968713463248,0
RND,D,20221124,000000,104.576,104.576,102.875,102.875,4.704721584266045,0
RND,D,20221130,000000,105.426,106.276,105.426,106.276,79.98026693252277,0
RND,D,20221202,000000,102.875,102.875,101.175,102.025,30.58069029772929,0
RND,D,20221205,000000,102.025,102.025,102.025,102.025,11.761803960665112,0
RND,D,20221206,000000,102.025,102.025,102.025,102.025,19.99506673313069,0
RND,D,20221208,000000,100.325,100.325,98.6247,98.6247,122.32276119091716,0
RND,D,20221209,000000,97.7742,97.7742,97.7742,97.7742,137.6131063397818,0
RND,D,20221212,000000,97.7742,97.7742,97.7742,97.7742,35.28541188199534,0
RND,D,20221216,000000,99.4745,100.325,99.4745,100.325,176.4270594099767,0
RND,D,20221219,000000,100.325,100.325,100.325,100.325,1.1761803960665111,0
RND,D,20221220,000000,100.325,100.325,100.325,100.325,129.37984356731624,0
RND,D,20221221,000000,100.325,100.325,100.325,100.325,18.81888633706418,0
RND,D,20221222,000000,100.325,100.325,100.325,100.325,50.57575703085998,0
RND,D,20221223,000000,100.325,100.325,100.325,100.325,47.04721584266045,0
RND,D,20221227,000000,99.4745,99.4745,99.4745,99.4745,24.699788317396735,0
RND,D,20221228,000000,100.325,100.325,100.325,100.325,29.40450990166278,0
RND,D,20221229,000000,98.6247,98.6247,98.6247,98.6247,23.523607921330225,0
RND,D,20230102,000000,98.6247,98.6247,98.6247,98.6247,23.523607921330225,0
RND,D,20230104,000000,100.325,104.576,100.325,104.576,35.28541188199534,0
RND,D,20230105,000000,104.15,109.677,104.15,109.677,147.02254950831392,0
RND,D,20230109,000000,107.126,110.528,105.426,110.528,458.71035446593936,0
RND,D,20230110,000000,110.528,124.131,105.851,124.131,663.3657433815123,0
RND,D,20230111,000000,123.28,123.28,118.604,118.604,760.9887162550327,0
RND,D,20230112,000000,119.455,119.88,116.479,116.904,35.28541188199534,0
RND,D,20230113,000000,119.88,120.305,119.029,119.455,175.25087901391018,0
RND,D,20230116,000000,121.58,123.28,121.58,123.28,54.104298219059515,0
RND,D,20230117,000000,123.28,123.28,118.179,118.179,110.56095723025204,0
RND,D,20230118,000000,116.479,116.479,113.078,116.479,71.74700416005717,0
RND,D,20230119,000000,113.928,116.479,110.953,110.953,28.228329505596268,0
RND,D,20230120,000000,110.528,112.228,107.977,108.826,192.89358495490785,0
RND,D,20230123,000000,114.778,116.479,107.977,116.479,699.8273356595741,0
RND,D,20230124,000000,115.629,115.629,115.629,115.629,1.1761803960665111,0
RND,D,20230125,000000,116.479,117.329,116.479,117.329,25.875968713463248,0
RND,D,20230126,000000,114.778,122.855,114.778,119.029,147.02254950831392,0
RND,D,20230127,000000,119.029,119.029,117.329,117.329,161.13671426111202,0
RND,D,20230130,000000,117.329,124.981,117.329,120.729,50.57575703085998,0
RND,D,20230131,000000,119.029,121.58,119.029,119.029,64.68992178365812,0
RND,D,20230201,000000,119.029,121.155,119.029,121.155,12.937984356731624,0
RND,D,20230202,000000,120.305,121.58,118.604,118.604,227.00281644083665,0
RND,D,20230203,000000,118.604,120.729,118.604,120.729,12.937984356731624,0
RND,D,20230206,000000,119.455,120.729,117.754,117.754,71.74700416005717,0
RND,D,20230207,000000,118.179,118.179,118.179,118.179,5.880901980332556,0
RND,D,20230208,000000,120.305,120.729,120.305,120.729,9.40944316853209,0
RND,D,20230209,000000,121.155,121.155,121.155,121.155,10.5856235645986,0
RND,D,20230210,000000,120.729,120.729,120.729,120.729,243.4693419857678,0
RND,D,20230213,000000,121.58,122.005,119.029,122.005,139.96546713191483,0
RND,D,20230214,000000,122.855,122.855,119.88,119.88,122.32276119091716,0
RND,D,20230215,000000,122.431,131.783,122.431,127.531,784.512324176363,0
RND,D,20230216,000000,123.28,127.531,122.855,122.855,84.6849885167888,0
RND,D,20230217,000000,124.556,130.082,122.855,130.082,255.23114594643292,0
RND,D,20230220,000000,130.932,130.932,128.807,129.657,155.25581228077948,0
RND,D,20230221,000000,131.783,131.783,126.681,126.681,56.456659011192535,0
RND,D,20230222,000000,126.681,126.681,126.681,126.681,4.704721584266045,0
RND,D,20230223,000000,127.107,127.107,127.107,127.107,4.704721584266045,0
RND,D,20230224,000000,128.807,140.285,126.256,127.531,129.37984356731624,0
RND,D,20230227,000000,124.131,127.531,123.28,127.531,57.63283940725905,0
RND,D,20230228,000000,127.531,131.783,127.107,129.232,284.6356558480957,0
RND,D,20230301,000000,135.183,135.183,127.956,127.956,71.74700416005717,0
RND,D,20230303,000000,128.382,128.382,127.531,127.531,28.228329505596268,0
RND,D,20230306,000000,127.531,127.531,127.531,127.531,2.3523607921330223,0
RND,D,20230307,000000,127.531,127.531,127.531,127.531,18.81888633706418,0
RND,D,20230308,000000,124.981,124.981,119.455,119.455,62.337560991525095,0
RND,D,20230309,000000,120.305,120.729,119.88,119.88,67.04228257579113,0
RND,D,20230310,000000,120.729,120.729,120.305,120.729,30.58069029772929,0
RND,D,20230313,000000,120.729,120.729,119.88,119.88,45.871035446593936,0
RND,D,20230314,000000,119.88,126.681,119.88,119.88,174.07469861784364,0
RND,D,20230315,000000,122.431,122.431,120.729,120.729,85.86116891285532,0
RND,D,20230316,000000,120.729,123.28,120.729,123.28,157.6081730729125,0
RND,D,20230317,000000,123.28,123.28,123.28,123.28,36.46159227806185,0
RND,D,20230320,000000,123.28,123.28,123.28,123.28,23.523607921330225,0
RND,D,20230321,000000,123.28,123.28,122.431,123.28,25.875968713463248,0
RND,D,20230322,000000,122.005,122.005,122.005,122.005,2.3523607921330223,0
RND,D,20230323,000000,121.155,121.155,120.305,120.305,3.5285411881995334,0
RND,D,20230324,000000,120.729,125.406,120.305,120.305,72.9231845561237,0
RND,D,20230327,000000,120.305,120.305,120.305,120.305,1.1761803960665111,0
RND,D,20230328,000000,120.305,125.406,120.305,121.155,51.751937426926496,0
RND,D,20230329,000000,121.155,125.406,121.155,125.406,155.25581228077948,0
RND,D,20230330,000000,125.406,125.406,125.406,125.406,12.937984356731624,0
RND,D,20230331,000000,125.406,128.382,122.431,122.431,276.40239307563013,0
RND,D,20230403,000000,124.981,127.531,124.981,127.531,7.057082376399067,0
RND,D,20230404,000000,127.531,127.531,121.58,121.58,32.93305108986232,0
RND,D,20230405,000000,124.131,124.131,124.131,124.131,1.1761803960665111,0
RND,D,20230406,000000,124.131,127.107,124.131,126.681,114.0894984184516,0
RND,D,20230411,000000,126.681,127.107,126.681,127.107,9.40944316853209,0
RND,D,20230412,000000,125.406,125.406,113.503,119.029,703.3558768477736,0
RND,D,20230413,000000,120.305,120.729,120.305,120.729,225.82663604477014,0
RND,D,20230414,000000,120.305,121.58,120.305,121.58,36.46159227806185,0
RND,D,20230417,000000,122.431,128.382,122.431,125.406,182.30796139030923,0
RND,D,20230418,000000,127.107,128.382,125.831,128.382,755.1078142747001,0
RND,D,20230419,000000,128.807,130.932,125.831,130.082,127.02748277518322,0
RND,D,20230420,000000,130.932,131.783,128.382,128.382,234.05989881723573,0
RND,D,20230421,000000,132.632,135.183,130.082,133.483,99.97533366565345,0
RND,D,20230424,000000,135.183,135.183,134.333,134.333,2.3523607921330223,0
RND,D,20230425,000000,134.333,134.333,134.333,134.333,2.3523607921330223,0
RND,D,20230426,000000,134.333,134.333,130.082,130.082,36.46159227806185,0
RND,D,20230427,000000,132.632,132.632,132.632,132.632,23.523607921330225,0
RND,D,20230428,000000,130.082,130.082,127.531,130.082,25.875968713463248,0
RND,D,20230502,000000,132.632,135.183,132.632,135.183,135.26074554764878,0
RND,D,20230504,000000,135.183,135.183,133.483,133.483,8.23326277246558,0
RND,D,20230505,000000,133.483,133.483,133.483,133.483,35.28541188199534,0
RND,D,20230508,000000,131.783,131.783,127.531,128.382,58.80901980332556,0
RND,D,20230510,000000,130.082,130.932,126.681,130.932,43.51867465446091,0
RND,D,20230511,000000,128.382,131.783,127.531,127.531,84.6849885167888,0
RND,D,20230512,000000,127.531,127.531,127.531,127.531,62.337560991525095,0
RND,D,20230515,000000,127.531,131.783,124.981,125.831,639.8421354601821,0
RND,D,20230516,000000,124.131,125.831,120.729,125.831,34.109231485928824,0
RND,D,20230517,000000,125.831,125.831,120.729,123.28,104.68005524991949,0
RND,D,20230518,000000,123.28,123.28,119.029,120.729,243.4693419857678,0
RND,D,20230519,000000,121.58,123.28,120.729,123.28,111.73713762631857,0
RND,D,20230522,000000,123.28,123.28,119.88,119.88,38.81395307019487,0
RND,D,20230523,000000,119.88,119.88,119.029,119.029,38.81395307019487,0
RND,D,20230524,000000,119.88,123.28,119.029,119.029,79.98026693252277,0
RND,D,20230525,000000,119.029,123.28,119.029,123.28,2046.5538891557296,0
RND,D,20230526,000000,123.28,123.28,123.28,123.28,18.81888633706418,0
RND,D,20230529,000000,119.88,123.28,119.88,122.431,70.57082376399067,0
RND,D,20230530,000000,122.431,122.431,122.431,122.431,17.64270594099767,0
RND,D,20230531,000000,119.029,119.029,113.928,119.029,249.35024396610038,0
RND,D,20230605,000000,119.029,119.029,119.029,119.029,1.1761803960665111,0
RND,D,20230606,000000,119.029,119.029,117.329,117.329,25.875968713463248,0
RND,D,20230607,000000,118.179,118.179,118.179,118.179,12.937984356731624,0
RND,D,20230609,000000,118.179,120.729,118.179,119.029,48.22339623872696,0
RND,D,20230612,000000,119.029,119.029,117.329,117.329,65.86610217972463,0
RND,D,20230613,000000,119.88,123.28,119.88,123.28,701.0035160556407,0
RND,D,20230614,000000,123.28,132.632,123.28,129.232,335.2114128789557,0
RND,D,20230615,000000,130.932,137.734,129.232,136.034,1111.490474282853,0
RND,D,20230616,000000,137.734,149.637,136.883,144.535,1262.0415649793665,0
RND,D,20230619,000000,144.535,153.038,141.985,148.786,812.7406536819592,0
RND,D,20230620,000000,144.535,150.488,144.535,148.786,244.64552238183433,0
RND,D,20230621,000000,148.786,151.337,143.686,149.637,377.55390713735005,0
RND,D,20230622,000000,145.386,152.188,141.985,152.188,147.02254950831392,0
RND,D,20230623,000000,148.786,148.786,144.535,147.086,79.98026693252277,0
RND,D,20230626,000000,143.686,146.236,141.985,146.236,14.114164752798134,0
RND,D,20230627,000000,141.985,144.535,138.584,144.535,107.03241604205252,0
RND,D,20230628,000000,144.535,144.535,142.835,144.535,42.3424942583944,0
RND,D,20230629,000000,144.535,147.937,143.686,146.236,175.25087901391018,0
RND,D,20230630,000000,144.535,148.786,144.535,147.937,128.2036631712497,0
RND,D,20230703,000000,146.236,161.54,146.236,161.54,496.34812714006773,0
RND,D,20230704,000000,153.038,161.54,153.038,161.54,1437.2924439932767,0
RND,D,20230705,000000,161.54,163.24,153.888,160.689,411.66313862327894,0
RND,D,20230706,000000,155.588,158.139,153.038,157.289,94.0944316853209,0
RND,D,20230707,000000,158.989,160.689,155.588,160.689,239.9408007975683,0
RND,D,20230710,000000,161.54,185.346,161.54,185.346,2313.5468390628275,0
RND,D,20230711,000000,185.346,207.451,185.346,197.249,1688.99504875151,0
RND,D,20230712,000000,200.649,200.649,187.046,195.548,250.52642436216686,0
RND,D,20230713,000000,195.548,197.249,187.046,197.249,362.2635619884855,0
RND,D,20230714,000000,192.148,197.249,190.447,197.249,58.80901980332556,0
RND,D,20230717,000000,195.548,198.949,188.746,198.949,175.25087901391018,0
RND,D,20230718,000000,198.949,202.349,193.848,202.349,422.2487621878775,0
RND,D,20230719,000000,202.349,204.051,198.949,202.349,410.48695822721237,0
RND,D,20230720,000000,202.349,205.751,200.649,205.751,511.6384722889324,0
RND,D,20230721,000000,205.751,221.054,188.746,204.051,666.8942845697119,0
RND,D,20230724,000000,204.051,209.152,197.249,204.051,82.33262772465578,0
RND,D,20230725,000000,202.349,205.751,200.649,205.751,118.79422000271762,0
RND,D,20230726,000000,198.949,205.751,190.447,205.751,211.712471291972,0
RND,D,20230727,000000,204.051,204.051,193.848,200.649,1207.9372667603068,0
RND,D,20230728,000000,202.349,210.852,202.349,210.852,205.83156931163947,0
RND,D,20230731,000000,210.852,224.455,210.852,219.354,495.1719467440012,0
RND,D,20230801,000000,214.253,214.253,209.152,214.253,142.31782792404786,0
RND,D,20230802,000000,214.253,215.954,214.253,215.954,28.228329505596268,0
RND,D,20230803,000000,215.954,217.654,207.451,215.954,105.856235645986,0
RND,D,20230804,000000,217.654,217.654,217.654,217.654,1.1761803960665111,0
RND,D,20230807,000000,209.152,221.054,209.152,221.054,424.60112298001053,0
RND,D,20230808,000000,217.654,221.054,217.654,221.054,92.91825128925437,0
RND,D,20230809,000000,221.054,221.054,221.054,221.054,1.1761803960665111,0
RND,D,20230810,000000,217.654,217.654,209.152,217.654,118.79422000271762,0
RND,D,20230811,000000,212.552,219.354,212.552,217.654,58.80901980332556,0
RND,D,20230814,000000,212.552,215.954,212.552,212.552,35.28541188199534,0
RND,D,20230816,000000,212.552,215.954,197.249,214.253,303.45454218515994,0
RND,D,20230817,000000,215.954,215.954,202.349,212.552,158.78435346897902,0
RND,D,20230818,000000,210.852,212.552,197.249,205.751,203.47920851950641,0
RND,D,20230821,000000,209.152,209.152,202.349,207.451,18.81888633706418,0
RND,D,20230822,000000,205.751,205.751,205.751,205.751,11.761803960665112,0
RND,D,20230823,000000,205.751,205.751,198.949,202.349,56.456659011192535,0
RND,D,20230824,000000,202.349,204.051,202.349,204.051,38.81395307019487,0
RND,D,20230825,000000,198.949,202.349,197.249,202.349,58.80901980332556,0
RND,D,20230828,000000,202.349,202.349,197.249,197.249,12.937984356731624,0
RND,D,20230829,000000,197.249,200.649,197.249,200.649,31.756870693795804,0
RND,D,20230830,000000,200.649,200.649,190.447,197.249,83.50880812072229,0
RND,D,20230831,000000,197.249,200.649,197.249,198.949,14.114164752798134,0
RND,D,20230901,000000,198.949,221.054,197.249,217.654,292.86891862056126,0
RND,D,20230904,000000,207.451,217.654,197.249,217.654,329.3305108986231,0
RND,D,20230905,000000,212.552,212.552,212.552,212.552,18.81888633706418,0
RND,D,20230906,000000,212.552,212.552,212.552,212.552,142.31782792404786,0
RND,D,20230907,000000,212.552,212.552,212.552,212.552,2.3523607921330223,0
RND,D,20230908,000000,212.552,212.552,205.751,209.152,85.86116891285532,0
RND,D,20230911,000000,205.751,215.954,205.751,205.751,68.21846297185765,0
RND,D,20230912,000000,205.751,207.451,205.751,205.751,8.23326277246558,0
RND,D,20230913,000000,209.152,210.852,207.451,207.451,18.81888633706418,0
RND,D,20230914,000000,209.152,209.152,200.649,202.349,24.699788317396735,0
RND,D,20230915,000000,202.349,205.751,202.349,205.751,18.81888633706418,0
RND,D,20230918,000000,204.051,204.051,200.649,200.649,15.290345148864645,0
RND,D,20230919,000000,202.349,204.051,192.148,197.249,89.38971010105485,0
RND,D,20230920,000000,198.949,198.949,188.746,193.848,230.5313576290362,0
RND,D,20230921,000000,192.148,193.848,192.148,193.848,4.704721584266045,0
RND,D,20230922,000000,193.848,193.848,187.046,190.447,67.04228257579113,0
RND,D,20230925,000000,187.046,190.447,185.346,190.447,39.99013346626138,0
RND,D,20230926,000000,190.447,190.447,190.447,190.447,2.3523607921330223,0
RND,D,20230927,000000,188.746,188.746,180.245,187.046,102.32769445778648,0
RND,D,20230928,000000,185.346,185.346,176.843,181.945,164.66525544931156,0
RND,D,20230929,000000,180.245,183.645,168.342,175.143,441.0676485249417,0
RND,D,20231002,000000,175.143,187.046,175.143,187.046,83.50880812072229,0
RND,D,20231003,000000,187.046,187.046,181.945,185.346,110.56095723025204,0
RND,D,20231004,000000,183.645,188.746,181.945,188.746,51.751937426926496,0
RND,D,20231005,000000,190.447,190.447,187.046,188.746,18.81888633706418,0
RND,D,20231006,000000,187.046,187.046,183.645,187.046,50.57575703085998,0
RND,D,20231009,000000,183.645,187.046,183.645,187.046,47.04721584266045,0
RND,D,20231010,000000,187.046,187.046,183.645,183.645,104.68005524991949,0
RND,D,20231011,000000,187.046,187.046,183.645,185.346,105.856235645986,0
RND,D,20231012,000000,180.245,180.245,166.641,180.245,183.48414178637574,0
RND,D,20231013,000000,176.843,181.945,176.843,181.945,63.51374138759161,0
RND,D,20231016,000000,185.346,185.346,180.245,180.245,16.46652554493116,0
RND,D,20231017,000000,175.143,176.843,175.143,175.143,51.751937426926496,0
RND,D,20231018,000000,175.143,181.945,175.143,181.945,25.875968713463248,0
RND,D,20231019,000000,187.046,200.649,187.046,190.447,458.71035446593936,0
RND,D,20231020,000000,188.746,188.746,185.346,187.046,609.2614451624528,0
RND,D,20231023,000000,187.046,187.046,181.945,181.945,105.856235645986,0
RND,D,20231024,000000,183.645,187.046,183.645,187.046,78.80408653645625,0
RND,D,20231025,000000,187.046,187.046,187.046,187.046,89.38971010105485,0
RND,D,20231026,000000,187.046,187.046,183.645,185.346,78.80408653645625,0
RND,D,20231027,000000,185.346,185.346,183.645,183.645,39.99013346626138,0
RND,D,20231030,000000,183.645,187.046,183.645,187.046,221.1219144605041,0
RND,D,20231031,000000,187.046,187.046,178.544,185.346,633.9612334798496,0
RND,D,20231102,000000,187.046,187.046,185.346,185.346,75.27554534825671,0
RND,D,20231103,000000,185.346,188.746,178.544,188.746,72.9231845561237,0
RND,D,20231106,000000,188.746,188.746,185.346,185.346,414.01549941541197,0
RND,D,20231107,000000,183.645,183.645,180.245,181.945,127.02748277518322,0
RND,D,20231108,000000,187.046,190.447,173.443,181.945,570.4474920922579,0
RND,D,20231109,000000,180.245,183.645,176.843,180.245,657.4848414011798,0
RND,D,20231110,000000,176.843,180.245,173.443,176.843,690.417892491042,0
RND,D,20231113,000000,175.143,176.843,170.042,175.143,149.3749103004469,0
RND,D,20231114,000000,171.743,171.743,165.791,170.042,349.32557763175384,0
RND,D,20231115,000000,171.743,175.143,169.192,171.743,748.0507318983011,0
RND,D,20231116,000000,171.743,171.743,170.042,171.743,725.7033043730374,0
RND,D,20231117,000000,173.443,175.143,170.042,171.743,306.9830833733594,0
RND,D,20231120,000000,173.443,178.544,167.491,170.042,329.3305108986231,0
RND,D,20231121,000000,170.042,170.042,165.791,170.042,99.97533366565345,0
RND,D,20231122,000000,170.042,170.042,164.94,170.042,274.0500322834971,0
RND,D,20231123,000000,169.192,170.042,168.342,170.042,256.4073263424994,0
RND,D,20231124,000000,169.192,170.042,168.342,168.342,88.21352970498835,0
RND,D,20231127,000000,170.042,170.042,162.39,168.342,208.18393010377247,0
RND,D,20231128,000000,170.042,171.743,166.641,170.042,759.8125358589663,0
RND,D,20231129,000000,171.743,171.743,164.091,169.192,441.0676485249417,0
RND,D,20231130,000000,169.192,171.743,165.791,165.791,164.66525544931156,0
RND,D,20231201,000000,168.342,173.443,165.791,165.791,748.0507318983011,0
RND,D,20231204,000000,167.491,169.192,158.139,164.94,736.288927937636,0
RND,D,20231205,000000,166.641,173.443,161.54,165.791,2659.3438755063817,0
RND,D,20231206,000000,168.342,185.346,164.091,185.346,11283.098539466042,0
RND,D,20231207,000000,185.346,204.051,166.641,169.192,5017.585569619737,0
RND,D,20231208,000000,178.544,185.346,161.54,167.491,9569.403702397136,0
RND,D,20231211,000000,173.443,178.544,167.491,171.743,3777.8914321656343,0
RND,D,20231212,000000,171.743,173.443,156.439,159.84,2555.840000652529,0
RND,D,20231213,000000,161.54,165.791,156.439,157.289,772.7505202156979,0
RND,D,20231214,000000,157.289,157.289,135.183,137.734,9312.996376054636,0
RND,D,20231215,000000,138.584,141.985,132.632,137.734,2846.356558480957,0
RND,D,20231218,000000,138.584,140.285,134.333,134.333,877.4305754656174,0
RND,D,20231219,000000,134.333,135.183,128.382,129.232,1532.5630560746642,0
RND,D,20231220,000000,130.082,132.632,119.88,122.431,1763.0944137037002,0
RND,D,20231221,000000,123.28,124.981,119.029,123.28,1031.5102073503303,0
RND,D,20231222,000000,125.831,130.082,124.981,128.382,2045.377708759663,0
RND,D,20231227,000000,128.382,128.382,124.981,126.681,1096.2001291339884,0
RND,D,20231228,000000,126.681,133.483,125.831,129.232,479.8816015951366,0
RND,D,20231229,000000,129.232,132.632,126.681,132.632,695.1226140753081,0
RND,D,20240102,000000,127.531,132.632,127.531,131.783,190.5412241627748,0
RND,D,20240103,000000,130.082,130.082,127.531,127.531,451.6532720895403,0
RND,D,20240104,000000,127.531,136.034,127.531,128.382,322.27342852222404,0
RND,D,20240105,000000,131.783,132.632,128.382,128.382,545.7477037748612,0
RND,D,20240108,000000,129.232,131.783,129.232,130.932,121.14658079485065,0
RND,D,20240109,000000,132.632,141.135,130.932,139.434,1638.41929172065,0
RND,D,20240110,000000,141.985,146.236,137.734,141.135,261.11204792676546,0
RND,D,20240111,000000,141.135,141.985,137.734,140.285,109.38477683418554,0
RND,D,20240112,000000,141.135,141.135,136.034,136.034,176.4270594099767,0
RND,D,20240115,000000,138.584,141.135,136.034,138.584,211.712471291972,0
RND,D,20240116,000000,138.584,138.584,123.28,134.333,656.3086610051132,0
RND,D,20240117,000000,136.034,136.883,125.831,130.082,575.152213676524,0
RND,D,20240118,000000,130.082,130.082,130.082,130.082,75.27554534825671,0
RND,D,20240119,000000,131.783,133.483,130.932,130.932,44.69485505052742,0
RND,D,20240122,000000,133.483,138.584,132.632,138.584,205.83156931163947,0
RND,D,20240123,000000,138.584,138.584,131.783,135.183,163.48907505324507,0
RND,D,20240124,000000,130.082,134.333,130.082,134.333,94.0944316853209,0
RND,D,20240125,000000,134.333,134.333,129.232,132.632,244.64552238183433,0
RND,D,20240126,000000,132.632,133.483,127.531,127.531,78.80408653645625,0
RND,D,20240129,000000,127.531,129.232,127.531,127.531,322.27342852222404,0
RND,D,20240130,000000,127.531,127.531,115.629,117.329,443.42000931707474,0
RND,D,20240131,000000,119.029,124.981,117.329,124.981,578.6807548647234,0
RND,D,20240201,000000,127.531,127.531,124.981,126.681,303.45454218515994,0
RND,D,20240202,000000,126.681,130.932,126.681,127.531,270.52149109529756,0
RND,D,20240205,000000,128.382,139.434,127.531,136.034,479.8816015951366,0
RND,D,20240206,000000,131.783,132.632,129.232,130.082,207.00774970770598,0
RND,D,20240207,000000,129.232,133.483,124.981,131.783,690.417892491042,0
RND,D,20240208,000000,130.082,136.034,130.082,136.034,394.02043268228124,0
RND,D,20240209,000000,136.883,141.135,134.333,139.434,723.3509435809043,0
RND,D,20240212,000000,139.434,141.135,137.734,139.434,184.66032218244226,0
RND,D,20240213,000000,137.734,137.734,130.082,131.783,652.7801198169137,0
RND,D,20240214,000000,132.632,136.034,126.681,126.681,322.27342852222404,0
RND,D,20240215,000000,114.778,114.778,104.576,107.126,7979.207806915212,0
RND,D,20240216,000000,107.126,107.977,98.6247,102.875,1557.2628443920607,0
RND,D,20240219,000000,104.576,110.528,100.325,102.025,381.0824483255496,0
RND,D,20240220,000000,102.025,102.025,99.4745,99.4745,238.76462040150176,0
RND,D,20240221,000000,101.175,102.875,101.175,101.175,611.6138059545858,0
RND,D,20240222,000000,101.175,104.576,101.175,104.576,1354.959816268621,0
RND,D,20240223,000000,102.875,103.726,100.325,102.875,2404.112729559949,0
RND,D,20240226,000000,101.175,103.726,100.325,103.726,940.944316853209,0
RND,D,20240227,000000,103.726,103.726,100.325,103.726,112.91331802238507,0
RND,D,20240228,000000,103.726,103.726,101.175,101.175,499.8766683282673,0
RND,D,20240229,000000,101.175,101.175,101.175,101.175,191.7174045588413,0
RND,D,20240301,000000,101.175,102.875,101.175,102.875,76.45172574432323,0
RND,D,20240304,000000,102.025,102.025,99.4745,101.175,215.24101248017155,0
RND,D,20240305,000000,101.175,101.175,98.6247,99.4745,406.95841703901283,0
RND,D,20240306,000000,99.4745,99.4745,98.6247,98.6247,227.00281644083665,0
RND,D,20240307,000000,100.325,101.175,98.6247,101.175,115.2656788145181,0
RND,D,20240308,000000,101.175,101.175,98.6247,100.325,154.07963188471297,0
RND,D,20240311,000000,101.175,101.175,99.4745,99.4745,27.052149109529758,0
RND,D,20240312,000000,101.175,102.875,101.175,102.875,114.0894984184516,0
RND,D,20240313,000000,101.175,102.025,100.325,101.175,84.6849885167888,0
RND,D,20240314,000000,102.025,104.576,102.025,104.576,105.856235645986,0
RND,D,20240315,000000,102.025,102.875,101.175,101.175,418.72022099967796,0
RND,D,20240318,000000,101.175,102.025,100.325,102.025,76.45172574432323,0
RND,D,20240319,000000,102.875,103.726,100.325,103.726,175.25087901391018,0
RND,D,20240320,000000,103.726,103.726,102.875,102.875,15.290345148864645,0
RND,D,20240321,000000,102.875,102.875,100.325,100.325,144.67018871618086,0
RND,D,20240322,000000,103.726,103.726,98.6247,102.025,95.2706120813874,0
RND,D,20240325,000000,102.875,106.276,100.325,100.325,509.2861114967994,0
RND,D,20240326,000000,100.325,102.025,98.6247,98.6247,55.28047861512602,0
RND,D,20240327,000000,98.6247,102.025,98.6247,101.175,933.8872344768099,0
RND,D,20240328,000000,102.875,105.426,98.6247,102.875,7782.785680772105,0
RND,D,20240402,000000,103.726,108.402,100.325,107.552,212.88865168803852,0
RND,D,20240403,000000,107.552,110.102,103.726,109.677,3593.231109983192,0
RND,D,20240404,000000,109.677,110.528,103.726,103.726,906.8350853672802,0
RND,D,20240405,000000,106.276,106.276,102.875,105.851,144.67018871618086,0
RND,D,20240408,000000,106.276,108.826,105.001,105.001,98.79915326958694,0
RND,D,20240409,000000,105.001,109.677,105.001,107.977,135.26074554764878,0
RND,D,20240410,000000,109.677,122.005,109.677,122.005,810.3882928898262,0
RND,D,20240411,000000,122.005,123.28,112.653,122.855,202.30302812343993,0
RND,D,20240412,000000,114.778,124.981,114.778,124.131,149.3749103004469,0
RND,D,20240415,000000,124.131,124.131,111.802,113.928,652.7801198169137,0
RND,D,20240416,000000,111.377,112.228,105.001,107.126,775.1028810078308,0
RND,D,20240417,000000,106.701,111.377,106.276,109.677,263.46440871889854,0
RND,D,20240418,000000,109.677,111.377,108.826,111.377,87.03734930892182,0
RND,D,20240419,000000,110.953,110.953,110.953,110.953,1.1761803960665111,0
RND,D,20240422,000000,112.228,113.928,111.377,113.078,43.51867465446091,0
RND,D,20240423,000000,113.928,114.353,112.653,112.653,9.40944316853209,0
RND,D,20240424,000000,112.653,112.653,108.402,112.228,22.34742752526371,0
RND,D,20240425,000000,108.402,111.802,105.851,111.802,402.25369545474683,0
RND,D,20240426,000000,111.802,111.802,105.851,106.701,135.26074554764878,0
RND,D,20240429,000000,106.276,110.528,105.001,106.276,345.7970364435543,0
RND,D,20240430,000000,105.851,108.826,105.426,105.426,2190.047897475844,0
RND,D,20240502,000000,107.126,108.402,105.426,108.402,167.01761624144459,0
RND,D,20240506,000000,105.851,108.826,105.426,108.826,115.2656788145181,0
RND,D,20240507,000000,108.826,109.677,105.851,105.851,230.5313576290362,0
RND,D,20240508,000000,105.851,109.677,105.851,109.677,38.81395307019487,0
RND,D,20240509,000000,107.126,109.677,107.126,109.677,15.290345148864645,0
RND,D,20240510,000000,109.677,110.953,107.126,110.953,88.21352970498835,0
RND,D,20240513,000000,107.977,110.102,107.126,110.102,123.49894158698368,0
RND,D,20240514,000000,110.528,111.377,110.528,111.377,102.32769445778648,0
RND,D,20240515,000000,111.377,119.029,111.377,118.604,890.368559822349,0
RND,D,20240516,000000,117.754,122.431,117.754,122.005,757.4601750668332,0
RND,D,20240517,000000,122.005,124.981,117.329,124.981,168.1937966375111,0
RND,D,20240520,000000,124.131,124.131,116.479,121.58,150.55109069651343,0
RND,D,20240521,000000,122.431,122.431,122.431,122.431,38.81395307019487,0
RND,D,20240522,000000,117.329,118.604,114.353,117.754,137.6131063397818,0
RND,D,20240523,000000,114.778,117.754,114.778,117.754,27.052149109529758,0
RND,D,20240524,000000,114.353,117.329,109.677,117.329,214.06483208410503,0
RND,D,20240527,000000,111.802,118.604,110.528,118.604,342.2684952553547,0
RND,D,20240528,000000,118.604,119.029,113.928,118.179,232.8837184211692,0
RND,D,20240529,000000,113.928,117.329,113.503,114.778,79.98026693252277,0
RND,D,20240531,000000,116.479,116.904,116.479,116.904,14.114164752798134,0
RND,D,20240603,000000,112.228,112.228,106.276,110.528,434.01056614854264,0
RND,D,20240604,000000,104.576,106.276,102.875,103.726,1617.248044591453,0
RND,D,20240605,000000,106.276,109.252,105.851,105.851,94.0944316853209,0
RND,D,20240606,000000,106.701,108.402,106.276,107.552,229.35517723296968,0
RND,D,20240607,000000,107.552,108.826,107.552,108.826,462.2388956541389,0
RND,D,20240610,000000,108.826,110.528,105.001,108.402,72.9231845561237,0
RND,D,20240611,000000,106.701,108.402,104.15,104.15,125.8513023791167,0
RND,D,20240612,000000,107.126,107.977,104.15,104.15,134.08456515158227,0
RND,D,20240613,000000,105.001,108.826,104.15,104.15,18965.908886573055,0
RND,D,20240614,000000,106.701,108.826,106.276,106.276,282.2832950559627,0
RND,D,20240617,000000,108.402,108.402,106.276,106.276,38.81395307019487,0
RND,D,20240619,000000,106.276,115.629,104.576,113.928,617.4947079349183,0
RND,D,20240620,000000,110.528,113.928,110.528,113.928,56.456659011192535,0
RND,D,20240621,000000,113.503,114.778,113.503,114.778,61.16138059545858,0
RND,D,20240624,000000,113.928,113.928,113.928,113.928,2.3523607921330223,0
RND,D,20240625,000000,113.928,113.928,110.953,110.953,110.56095723025204,0
RND,D,20240626,000000,110.953,110.953,108.402,108.402,18.81888633706418,0
RND,D,20240627,000000,112.228,113.078,112.228,113.078,11.761803960665112,0
RND,D,20240628,000000,113.078,117.329,109.677,110.102,1417.297377260146,0
RND,D,20240701,000000,109.252,111.377,109.252,109.677,161.13671426111202,0
RND,D,20240702,000000,113.928,113.928,109.677,109.677,41.16631386232789,0
RND,D,20240703,000000,107.977,110.102,105.001,110.102,76.45172574432323,0
RND,D,20240704,000000,111.802,112.653,107.126,110.528,22.34742752526371,0
RND,D,20240705,000000,112.653,113.078,109.677,113.078,16.46652554493116,0
RND,D,20240709,000000,113.078,113.078,110.953,110.953,37.63777267412836,0
RND,D,20240710,000000,110.528,110.528,110.528,110.528,22.34742752526371,0
RND,D,20240711,000000,113.078,113.078,113.078,113.078,35.28541188199534,0
RND,D,20240712,000000,113.928,115.629,110.528,110.953,1773.680037268299,0
RND,D,20240715,000000,110.953,114.778,110.528,114.778,971.5250071509383,0
RND,D,20240716,000000,114.778,122.431,113.078,120.729,1500.8061853808683,0
RND,D,20240717,000000,122.005,122.855,117.329,118.604,270.52149109529756,0
RND,D,20240718,000000,117.329,120.729,115.629,120.729,132.90838475551575,0
RND,D,20240719,000000,115.629,124.981,115.629,124.981,573.9760332804574,0
RND,D,20240722,000000,124.981,132.632,121.155,126.681,1018.5722229935988,0
RND,D,20240723,000000,126.681,128.382,125.831,127.956,243.4693419857678,0
RND,D,20240724,000000,122.431,127.956,122.431,127.956,15.290345148864645,0
RND,D,20240725,000000,124.981,127.107,117.754,124.131,96.44679247745393,0
RND,D,20240726,000000,121.155,122.431,114.778,118.604,623.375609915251,0
RND,D,20240729,000000,123.28,123.28,115.204,118.604,931.5348736846768,0
RND,D,20240730,000000,123.472,123.472,112.851,119.489,85.8653846148,0
RND,D,20240731,000000,119.489,125.243,114.179,123.472,12.4278846153,0
RND,D,20240801,000000,119.932,119.932,119.932,119.932,1.1298076923,0
RND,D,20240802,000000,114.621,116.391,114.621,116.391,10.1682692307,0
RND,D,20240805,000000,113.736,118.604,108.868,112.409,189.80769230639999,0
RND,D,20240806,000000,112.409,118.162,111.523,114.179,169.471153845,0
RND,D,20240807,000000,111.081,113.736,110.638,113.736,45.192307692,0
RND,D,20240808,000000,111.523,113.294,107.983,111.081,79.086538461,0
RND,D,20240809,000000,111.081,111.523,111.081,111.523,19.206730769099998,0
RND,D,20240812,000000,111.523,111.523,111.523,111.523,1.1298076923,0
RND,D,20240813,000000,109.753,112.409,108.868,110.638,107.3317307685,0
RND,D,20240814,000000,107.54,110.638,107.54,110.638,13.5576923076,0
RND,D,20240816,000000,111.081,111.081,108.426,108.426,201.1057692294,0
RND,D,20240819,000000,107.983,110.196,106.213,106.655,254.2067307675,0
RND,D,20240820,000000,106.655,108.868,106.655,106.655,149.1346153836,0
RND,D,20240821,000000,107.098,109.753,107.098,109.753,54.2307692304,0
RND,D,20240822,000000,109.753,110.638,107.983,110.638,36.1538461536,0
RND,D,20240823,000000,108.426,110.638,107.983,109.753,30.5048076921,0
RND,D,20240826,000000,107.098,110.638,106.655,106.655,108.4615384608,0
RND,D,20240827,000000,109.753,109.753,108.426,109.311,12.4278846153,0
RND,D,20240828,000000,109.753,109.753,109.753,109.753,117.4999999992,0
RND,D,20240829,000000,107.098,109.311,106.655,109.311,144.6153846144,0
RND,D,20240830,000000,107.983,108.426,107.54,108.426,83.6057692302,0
RND,D,20240902,000000,107.54,108.426,107.54,108.426,39.5432692305,0
RND,D,20240903,000000,107.098,108.426,106.655,106.655,255.3365384598,0
RND,D,20240904,000000,106.655,108.426,104.443,108.426,296.0096153826,0
RND,D,20240905,000000,106.213,108.868,104.885,106.213,88.1249999994,0
RND,D,20240906,000000,106.213,107.54,102.672,106.213,120.8894230761,0
RND,D,20240909,000000,104.885,105.77,99.5745,104.885,145.7451923067,0
RND,D,20240910,000000,105.77,105.77,100.017,102.672,319.7355769209,0
RND,D,20240911,000000,102.672,102.672,100.017,100.017,205.6249999986,0
RND,D,20240912,000000,100.017,101.787,100.017,100.017,240.6490384599,0
RND,D,20240913,000000,100.46,102.672,100.017,102.672,65.5288461534,0
RND,D,20240916,000000,102.672,102.672,99.5745,101.787,57.6201923073,0
RND,D,20240917,000000,100.017,106.213,100.017,101.787,180.769230768,0
RND,D,20240918,000000,104.885,105.77,100.46,104.443,151.3942307682,0
RND,D,20240919,000000,103.557,104.443,102.23,102.672,99.4230769224,0
RND,D,20240920,000000,106.213,111.966,106.213,111.081,305.048076921,0
RND,D,20240923,000000,106.655,112.409,96.034,97.3617,2523.9903845982,0
RND,D,20240924,000000,99.1319,105.77,98.2468,105.77,23.725961538299998,0
RND,D,20240925,000000,104,104,97.3617,101.787,35.0240384613,0
RND,D,20240926,000000,102.23,103.115,97.8043,103.115,181.8990384603,0
RND,D,20240927,000000,101.787,104.443,101.787,104.443,92.6442307686,0
RND,D,20240930,000000,104.443,105.77,97.3617,103.115,215.7932692293,0
RND,D,20241001,000000,99.5745,102.672,91.6085,93.3787,640.6009615341,0
RND,D,20241002,000000,92.9362,96.9191,84.9702,94.7064,555.8653846116,0
RND,D,20241003,000000,89.3957,100.017,86.7404,88.1566,499.3749999966,0
RND,D,20241004,000000,88.5106,93.3787,88.3336,91.166,94.90384615319999,0
RND,D,20241007,000000,88.9532,93.3787,87.9796,92.9362,180.769230768,0
RND,D,20241008,000000,90.7234,97.3617,90.7234,95.5915,73.4374999995,0
RND,D,20241009,000000,95.5915,95.5915,91.6085,92.0511,136.7067307683,0
RND,D,20241010,000000,91.6085,96.034,91.6085,96.034,120.8894230761,0
RND,D,20241011,000000,96.034,97.3617,95.1489,96.4766,12.4278846153,0
RND,D,20241014,000000,100.46,101.787,100.017,101.787,39.5432692305,0
RND,D,20241015,000000,100.902,100.902,94.2638,94.2638,6.7788461538,0
RND,D,20241016,000000,100.017,101.787,97.3617,101.787,172.8605769219,0
RND,D,20241017,000000,101.787,101.787,101.345,101.787,46.3221153843,0
RND,D,20241018,000000,101.787,105.77,101.787,105.77,10.1682692307,0
RND,D,20241021,000000,104.885,104.885,104.885,104.885,11.298076923,0
RND,D,20241022,000000,98.6894,98.6894,93.3787,98.2468,56.490384614999996,0
RND,D,20241023,000000,103.115,103.115,103.115,103.115,1.1298076923,0
RND,D,20241025,000000,100.46,100.46,100.46,100.46,1.1298076923,0
RND,D,20241028,000000,94.7064,99.5745,93.8213,99.5745,14.6874999999,0
RND,D,20241029,000000,97.3617,97.3617,97.3617,97.3617,11.298076923,0
RND,D,20241030,000000,98.6894,98.6894,98.6894,98.6894,2.2596153846,0
RND,D,20241104,000000,94.7064,94.7064,94.7064,94.7064,1.1298076923,0
RND,D,20241105,000000,96.9191,96.9191,96.9191,96.9191,1.1298076923,0
RND,D,20241106,000000,93.8213,101.345,92.9362,101.345,99.4230769224,0
RND,D,20241108,000000,99.1319,99.1319,92.9362,92.9362,480.1682692275,0
RND,D,20241112,000000,94.7064,94.7064,92.9362,92.9362,82.4759615379,0
RND,D,20241114,000000,92.9362,92.9362,92.9362,92.9362,56.490384614999996,0
RND,D,20241115,000000,93.8213,96.034,92.9362,92.9362,48.5817307689,0
RND,D,20241118,000000,92.9362,92.9362,92.9362,92.9362,62.1394230765,0
RND,D,20241119,000000,94.7064,97.3617,93.3787,94.2638,358.1490384591,0
RND,D,20241120,000000,93.8213,94.2638,93.8213,94.2638,6.7788461538,0
RND,D,20241121,000000,92.9362,92.9362,92.0511,92.0511,98.2932692301,0
RND,D,20241122,000000,92.0511,95.5915,92.0511,92.0511,54.2307692304,0
RND,D,20241125,000000,95.1489,97.3617,95.1489,97.3617,41.8028846151,0
RND,D,20241126,000000,96.9191,96.9191,92.4936,95.5915,13.5576923076,0
RND,D,20241127,000000,92.4936,92.4936,92.0511,92.0511,35.0240384613,0
RND,D,20241128,000000,91.166,93.8213,88.5106,93.8213,175.1201923065,0
RND,D,20241129,000000,93.8213,93.8213,88.9532,93.8213,82.4759615379,0
RND,D,20241202,000000,95.5915,95.5915,86.0323,88.5106,915.144230763,0
RND,D,20241203,000000,90.7234,90.7234,86.0323,88.5106,334.4230769208,0
RND,D,20241204,000000,86.2094,86.7404,80.1906,86.7404,277.9326923058,0
RND,D,20241205,000000,86.7404,87.9796,82.1379,87.8026,29.3749999998,0
RND,D,20241206,000000,87.4485,87.4485,82.846,87.4485,3.3894230769,0
RND,D,20241209,000000,87.6255,87.6255,83.377,86.2094,64.3990384611,0
RND,D,20241210,000000,86.2094,86.2094,86.2094,86.2094,2.2596153846,0
RND,D,20241211,000000,82.846,86.0323,81.7838,85.8553,23.725961538299998,0
RND,D,20241212,000000,82.4919,85.5013,79.6596,85.1472,114.1105769223,0
RND,D,20241213,000000,83.9081,83.9081,82.3149,82.3149,56.490384614999996,0
RND,D,20241216,000000,82.3149,83.023,74.526,82.1379,255.3365384598,0
RND,D,20241217,000000,79.6596,81.4298,77.0043,81.0757,248.557692306,0
RND,D,20241218,000000,81.0757,81.0757,81.0757,81.0757,37.2836538459,0
RND,D,20241219,000000,80.5447,81.6068,79.6596,79.6596,256.4663461521,0
RND,D,20241220,000000,79.6596,81.0757,77.0043,81.0757,246.2980769214,0
RND,D,20241223,000000,78.9515,81.0757,78.9515,81.0757,30.5048076921,0
RND,D,20241230,000000,80.5447,81.0757,80.5447,80.5447,24.8557692306,0
RND,D,20250102,000000,80.5447,81.4298,76.2962,81.4298,169.471153845,0
RND,D,20250103,000000,77.0043,79.3055,76.1191,79.3055,50.8413461535,0
RND,D,20250107,000000,79.3055,84.0851,79.3055,84.0851,562.6442307654,0
RND,D,20250108,000000,80.0136,83.7311,80.0136,83.7311,3.3894230769,0
RND,D,20250109,000000,83.554,83.554,83.554,83.554,2.2596153846,0
RND,D,20250110,000000,80.7217,82.3149,80.5447,80.5447,161.5624999989,0
RND,D,20250113,000000,80.5447,82.3149,79.6596,82.3149,83.6057692302,0
RND,D,20250114,000000,83.2,83.2,79.3055,83.2,90.384615384,0
RND,D,20250116,000000,82.3149,82.3149,82.3149,82.3149,1.1298076923,0
RND,D,20250120,000000,84.0851,84.0851,79.1285,83.9081,36.1538461536,0
RND,D,20250121,000000,79.4826,82.3149,79.4826,82.3149,15.8173076922,0
RND,D,20250122,000000,82.3149,84.0851,79.6596,82.4919,177.3798076911,0
RND,D,20250123,000000,82.6689,82.6689,79.1285,81.9609,178.5096153834,0
RND,D,20250124,000000,82.1379,82.3149,82.1379,82.3149,56.490384614999996,0
RND,D,20250127,000000,79.6596,81.9609,77.8894,81.9609,131.0576923068,0
RND,D,20250128,000000,78.5974,81.2528,78.5974,81.2528,63.2692307688,0
RND,D,20250129,000000,79.6596,79.6596,77.8894,77.8894,68.9182692303,0
RND,D,20250130,000000,78.9515,79.3055,75.4111,75.4111,423.6778846125,0
RND,D,20250131,000000,76.1191,76.1191,74.3489,74.526,265.5048076905,0
RND,D,20250203,000000,75.5881,78.7745,73.4638,77.0043,186.4182692295,0
RND,D,20250204,000000,73.8179,75.4111,72.4017,72.9328,167.2115384604,0
RND,D,20250205,000000,74.3489,74.3489,73.8179,73.8179,47.451923076599996,0
RND,D,20250206,000000,72.9328,77.0043,72.4017,77.0043,202.2355769217,0
RND,D,20250207,000000,75.7651,75.7651,72.5787,72.7557,425.9374999971,0
RND,D,20250210,000000,73.4638,76.1191,73.1098,76.1191,283.5817307673,0
RND,D,20250211,000000,76.1191,76.1191,72.5787,74.88,399.9519230742,0
RND,D,20250212,000000,74.703,74.703,72.5787,73.4638,681.2740384569,0
RND,D,20250213,000000,73.4638,77.8894,73.4638,77.3583,1324.1346153756,0
RND,D,20250214,000000,73.8179,77.3583,73.8179,77.3583,4.5192307692,0
RND,D,20250217,000000,73.8179,77.3583,73.8179,77.1813,37.2836538459,0
RND,D,20250218,000000,74.526,76.8272,73.1098,76.8272,185.2884615372,0
RND,D,20250219,000000,73.8179,76.1191,72.5787,76.1191,523.1009615349,0
RND,D,20250220,000000,75.057,75.057,73.4638,74.88,14.6874999999,0
RND,D,20250221,000000,74.526,75.4111,72.7557,75.234,80.2163461533,0
RND,D,20250224,000000,72.7557,75.057,72.5787,74.703,44.0624999997,0
RND,D,20250225,000000,72.7557,74.3489,72.4017,72.5787,120.8894230761,0
RND,D,20250226,000000,72.7557,75.7651,71.8706,72.4017,223.7019230754,0
RND,D,20250227,000000,75.057,76.1191,75.057,76.1191,24.8557692306,0
RND,D,20250228,000000,72.7557,75.057,70.8085,73.2868,317.4759615363,0
RND,D,20250303,000000,72.9328,73.1098,71.1626,71.1626,71.1778846149,0
RND,D,20250304,000000,71.3396,71.3396,68.6843,70.9855,218.0528846139,0
RND,D,20250306,000000,70.8085,70.8085,70.6315,70.6315,67.788461538,0
RND,D,20250307,000000,70.6315,70.6315,70.6315,70.6315,1.1298076923,0
RND,D,20250310,000000,70.6315,70.6315,69.9234,69.9234,18.0769230768,0
RND,D,20250311,000000,69.0383,70.6315,68.6843,70.6315,105.0721153839,0
RND,D,20250312,000000,70.4545,70.4545,67.9762,70.4545,65.5288461534,0
RND,D,20250313,000000,69.7464,69.9234,68.8613,68.8613,61.0096153842,0
RND,D,20250314,000000,68.1532,70.8085,68.1532,69.0383,605.5769230728,0
RND,D,20250317,000000,69.0383,69.0383,66.914,66.914,393.1730769204,0
RND,D,20250318,000000,69.2153,70.6315,66.914,69.9234,86.9951923071,0
RND,D,20250320,000000,69.9234,69.9234,69.9234,69.9234,15.8173076922,0
RND,D,20250321,000000,70.8085,76.1191,70.8085,76.1191,928.7019230706,0
RND,D,20250324,000000,76.1191,76.6502,68.8613,72.4017,102.8124999993,0
RND,D,20250325,000000,72.4017,72.4017,72.4017,72.4017,23.725961538299998,0
RND,D,20250326,000000,71.3396,72.4017,68.6843,68.8613,271.153846152,0
RND,D,20250327,000000,68.6843,72.2247,67.4451,67.4451,874.4711538402,0
RND,D,20250328,000000,70.6315,72.4017,68.5072,68.5072,79.086538461,0
RND,D,20250331,000000,70.8085,70.8085,70.8085,70.8085,5.6490384615,0
RND,D,20250401,000000,70.8085,70.8085,70.8085,70.8085,10.1682692307,0
RND,D,20250402,000000,70.8085,70.8085,70.8085,70.8085,10.1682692307,0
RND,D,20250403,000000,70.8085,71.5166,67.7991,67.7991,62.1394230765,0
RND,D,20250404,000000,70.1004,70.1004,67.2681,67.2681,80.2163461533,0
RND,D,20250407,000000,70.1004,70.2774,61.9574,67.6221,251.9471153829,0
RND,D,20250408,000000,67.6221,69.2153,64.2587,69.2153,59.8798076919,0
RND,D,20250409,000000,64.6128,68.5072,64.6128,68.5072,30.5048076921,0
RND,D,20250410,000000,65.4979,67.9762,65.4979,67.7991,59.8798076919,0
RND,D,20250411,000000,67.2681,70.1004,65.6749,70.1004,19.206730769099998,0
RND,D,20250414,000000,70.2774,70.2774,69.9234,69.9234,27.1153846152,0
RND,D,20250415,000000,69.9234,69.9234,69.9234,69.9234,19.206730769099998,0
RND,D,20250417,000000,69.9234,69.9234,69.9234,69.9234,11.298076923,0
RND,D,20250422,000000,70.2774,70.2774,70.2774,70.2774,4.5192307692,0
RND,D,20250423,000000,71.6936,71.6936,71.6936,71.6936,3.3894230769,0
RND,D,20250429,000000,70.8085,70.8085,70.8085,70.8085,3.3894230769,0
RND,D,20250430,000000,68.1532,68.1532,68.1532,68.1532,22.596153846,0
RND,D,20250505,000000,70.8085,70.8085,69.5694,69.5694,7.9086538461,0
RND,D,20250506,000000,69.5694,69.5694,69.5694,69.5694,11.298076923,0
RND,D,20250508,000000,70.8085,70.8085,70.8085,70.8085,44.0624999997,0
RND,D,20250509,000000,71.6936,75.057,71.6936,75.057,129.9278846145,0
RND,D,20250512,000000,75.057,90.7234,75.057,85.8553,2712.6682692123,0
RND,D,20250513,000000,85.8553,85.8553,77.3583,77.3583,245.1682692291,0
RND,D,20250514,000000,77.5353,85.1472,69.9234,74.88,2816.6105769039,0
RND,D,20250515,000000,74.88,78.5974,74.88,78.5974,44.0624999997,0
RND,D,20250516,000000,72.9328,77.7123,72.9328,77.7123,5.6490384615,0
RND,D,20250519,000000,77.7123,78.4204,77.7123,78.4204,80.2163461533,0
RND,D,20250520,000000,77.7123,77.7123,73.4638,77.7123,32.7644230767,0
RND,D,20250521,000000,73.8179,77.8894,73.8179,77.8894,372.836538459,0
RND,D,20250523,000000,77.7123,77.7123,72.7557,74.1719,260.9855769213,0
RND,D,20250527,000000,72.9328,74.3489,72.9328,73.4638,64.3990384611,0
RND,D,20250528,000000,73.4638,92.9362,73.4638,92.0511,2083.3653846012,0
RND,D,20250529,000000,92.0511,105.77,92.0511,98.2468,2450.5528845987,0
RND,D,20250530,000000,98.2468,98.2468,89.8383,96.034,552.4759615347,0
RND,D,20250602,000000,96.4766,96.4766,90.2809,95.5915,505.0240384581,0
RND,D,20250603,000000,96.9191,106.213,96.9191,104.443,2220.0721153695,0
RND,D,20250604,000000,104.443,105.328,99.1319,101.787,681.2740384569,0
RND,D,20250605,000000,100.902,104.885,100.902,104,161.5624999989,0
RND,D,20250606,000000,104.443,104.885,99.5745,102.672,244.0384615368,0
RND,D,20250609,000000,104,104,100.902,102.23,123.1490384607,0
RND,D,20250610,000000,101.787,104.443,98.2468,102.23,390.9134615358,0
RND,D,20250611,000000,100.902,104,99.1319,101.787,101.682692307,0
RND,D,20250612,000000,100.017,100.46,92.0511,96.4766,612.3557692266,0
RND,D,20250613,000000,96.9191,97.3617,92.4936,93.8213,218.0528846139,0
RND,D,20250616,000000,97.3617,100.017,93.8213,93.8213,45.192307692,0
RND,D,20250617,000000,93.3787,99.1319,88.9532,93.8213,325.3846153824,0
RND,D,20250618,000000,90.7234,99.1319,90.7234,99.1319,125.4086538453,0
RND,D,20250620,000000,99.1319,99.1319,92.4936,93.3787,59.8798076919,0
RND,D,20250623,000000,93.8213,100.902,93.8213,94.7064,308.4374999979,0
RND,D,20250624,000000,99.5745,99.5745,98.2468,98.2468,103.9423076916,0
RND,D,20250625,000000,98.2468,100.902,93.3787,100.902,475.6490384583,0
RND,D,20250626,000000,100.46,103.557,98.2468,103.557,556.9951923039,0
RND,D,20250627,000000,106.213,107.983,101.787,103.115,3127.3076922864,0
RND,D,20250630,000000,104.443,104.443,102.672,104,6271.5624999573,0
RND,D,20250701,000000,104,105.77,103.557,104.443,4817.4999999672,0
RND,D,20250702,000000,104.443,104.443,102.672,104,6713.3173076466,0
RND,D,20250703,000000,104.443,104.443,103.115,104,3387.1634615154,0
RND,D,20250704,000000,105,105,95,100.5,4171,0
RND,D,20250707,000000,100,100,97.8,99.6,172,0
RND,D,20250708,000000,97,98.8,96,96,352,0
RND,D,20250709,000000,98.8,98.8,92.4,97,190,0
RND,D,20250710,000000,97,97,92,92.6,216,0
RND,D,20250711,000000,92.6,94,84,88.8,1505,0
RND,D,20250714,000000,88.8,88.8,85,87,571,0
RND,D,20250715,000000,87.6,87.6,82,84,699,0
RND,D,20250716,000000,83,83,81,81,1035,0
RND,D,20250717,000000,81,82.6,80,82.6,313,0
RND,D,20250718,000000,82.6,82.8,80.8,82.8,153,0
RND,D,20250721,000000,82.8,82.8,80,82.6,167,0
RND,D,20250722,000000,82.6,82.6,80,80,242,0
RND,D,20250723,000000,80.2,82.2,80.2,82.2,15,0
RND,D,20250724,000000,82.2,82.4,80.4,81.8,182,0
RND,D,20250725,000000,82,82.2,80.2,82,76,0
RND,D,20250728,000000,82.2,82.2,80.2,81.8,71,0
RND,D,20250729,000000,80,81.8,80,80,268,0
RND,D,20250730,000000,79.4,79.4,79,79,145,0
RND,D,20250731,000000,80,80.4,79,80,505,0
RND,D,20250801,000000,79.2,81.6,79,80,222,0
RND,D,20250804,000000,80.8,80.8,77,80,325,0
RND,D,20250805,000000,79,80,79,80,283,0
RND,D,20250806,000000,79,79,77,77,251,0
RND,D,20250807,000000,78,78,70.2,70.2,5414,0
RND,D,20250808,000000,70.2,73,65,72.6,1537,0
RND,D,20250811,000000,71.8,73,69,71,504,0
RND,D,20250812,000000,71,71,66,69.4,812,0
RND,D,20250813,000000,69,71.8,65.4,69.2,733,0
RND,D,20250814,000000,70.2,72.6,69.2,72,437,0
RND,D,20250818,000000,71,74.2,71,74.2,131,0
RND,D,20250819,000000,69.6,73.8,69.6,72.8,14,0
RND,D,20250820,000000,71,72.8,71,71.6,29,0
RND,D,20250821,000000,71.4,72.8,71,71,211,0
RND,D,20250822,000000,70.6,71,68,69.4,452,0
RND,D,20250825,000000,69,72.8,69,72,245,0
RND,D,20250826,000000,72.8,72.8,72,72,2,0
RND,D,20250827,000000,72.8,72.8,71.6,72.8,163,0
RND,D,20250828,000000,72.8,72.8,72,72,48,0
RND,D,20250829,000000,72,72,71.2,72,54,0
RND,D,20250901,000000,72.4,73.2,70.4,70.4,172,0
RND,D,20250902,000000,74,74,72,72,15,0
RND,D,20250903,000000,72,74.8,71.2,72.2,220,0
RND,D,20250904,000000,72.2,75.8,72,75.8,77,0
RND,D,20250905,000000,75.8,77.6,73,77.6,303,0
RND,D,20250908,000000,77.6,78.4,76,78.4,331,0
RND,D,20250909,000000,78.4,78.8,77.8,77.8,128,0
RND,D,20250910,000000,77.8,77.8,73.8,74.2,166,0
RND,D,20250911,000000,77.6,77.6,75,75,25,0
RND,D,20250912,000000,77.2,77.4,75.2,75.8,60,0
RND,D,20250915,000000,77,77.4,76,77.4,238,0
RND,D,20250916,000000,77.4,78.4,77.4,78.4,41,0
RND,D,20250917,000000,78.4,78.4,74.6,74.6,661,0
RND,D,20250918,000000,75.4,75.4,75.4,75.4,18,0
RND,D,20250919,000000,75.4,76.4,72.4,73.6,667,0
RND,D,20250922,000000,73.6,76.6,73.6,74,133,0
RND,D,20250923,000000,74,74,70.6,73.8,213,0
RND,D,20250924,000000,71.6,75.6,71.4,75.6,588,0
RND,D,20250925,000000,73.6,78,73.6,78,839,0
RND,D,20250926,000000,76,76,76,76,20,0
RND,D,20250929,000000,76,77.8,72.6,77.4,677,0
RND,D,20250930,000000,77.4,77.4,73.2,77.4,49,0
RND,D,20251001,000000,77.4,77.4,77,77,34,0
RND,D,20251002,000000,77.6,77.8,76,77.8,98,0
RND,D,20251003,000000,77.4,77.6,76.6,76.6,49,0
RND,D,20251006,000000,77,77.8,76.8,77.8,136,0
RND,D,20251007,000000,77.8,77.8,76.6,77.6,194,0
RND,D,20251008,000000,77.8,77.8,77.6,77.6,181,0
RND,D,20251009,000000,76.8,78.6,76.8,78.4,109,0
RND,D,20251010,000000,78.4,78.4,77.4,78.4,46,0
RND,D,20251013,000000,78.4,78.8,77.2,78.4,174,0
RND,D,20251014,000000,78,78,78,78,167,0
RND,D,20251015,000000,78.4,79,78,78.8,32,0
RND,D,20251016,000000,78.8,79.6,75.6,75.6,491,0
RND,D,20251017,000000,75.8,77.8,75.4,76.8,200,0
RND,D,20251020,000000,77.8,78,77,77,78,0
RND,D,20251021,000000,78,78,77.2,77.2,63,0
RND,D,20251022,000000,80,80,77.4,79.8,338,0
RND,D,20251023,000000,79.8,79.8,78,78.2,64,0
RND,D,20251024,000000,80.6,80.6,78,78.2,110,0
RND,D,20251027,000000,79.8,79.8,74.4,75.2,172,0
RND,D,20251028,000000,75.6,77.8,75,75.2,180,0
RND,D,20251029,000000,78,80.6,74.6,80,443,0
RND,D,20251030,000000,76,79,76,79,105,0
RND,D,20251031,000000,78,78,78,78,6,0
RND,D,20251103,000000,78.4,78.4,78.4,78.4,27,0
RND,D,20251104,000000,78.4,78.4,76.2,76.4,72,0
RND,D,20251105,000000,76.2,78,75.6,76.2,84,0
RND,D,20251106,000000,77,77,77,77,32,0
RND,D,20251107,000000,77,77,75.4,75.4,203,0
RND,D,20251110,000000,77,77.6,72.4,77.4,294,0
RND,D,20251112,000000,74.8,75.6,72.2,73.2,350,0
RND,D,20251113,000000,74.6,74.6,72.2,74,191,0
RND,D,20251114,000000,74,74.6,70.4,74,142,0
RND,D,20251117,000000,74.6,79.2,72.6,72.8,639,0
RND,D,20251118,000000,77.8,77.8,72.8,76.6,60,0
RND,D,20251119,000000,76,76,73.6,73.6,24,0
RND,D,20251120,000000,76.8,77,76.8,77,53,0
RND,D,20251121,000000,74.8,74.8,74,74,52,0
RND,D,20251124,000000,74.6,75.4,72.6,73,80,0
RND,D,20251125,000000,75,76.8,75,76.6,209,0
RND,D,20251126,000000,75.2,75.6,73.6,73.6,209,0
RND,D,20251127,000000,74.2,76,73.6,76,42,0
RND,D,20251201,000000,74.4,74.4,73,73.2,165,0
RND,D,20251202,000000,74.4,74.4,73,73,15,0
RND,D,20251203,000000,73.2,73.2,72,72.6,261,0
RND,D,20251204,000000,72.6,75,72.4,72.4,75,0
RND,D,20251205,000000,74,74,72.8,73,149,0
RND,D,20251208,000000,73,73,70,72.6,397,0
RND,D,20251209,000000,72.8,73.8,71,71,722,0
RND,D,20251210,000000,71.6,73.6,71,73,279,0
RND,D,20251211,000000,72,72,70.4,70.6,675,0
RND,D,20251212,000000,72.8,73,72,73,101,0
RND,D,20251215,000000,73.8,74,72.8,74,266,0
RND,D,20251216,000000,74,74,73,74,41,0
RND,D,20251217,000000,74,74.6,73,74.6,520,0
RND,D,20251218,000000,74.4,75.8,74.4,75,896,0
RND,D,20251219,000000,75.8,76,74.4,74.4,206,0
RND,D,20251222,000000,76,76.6,74.4,76.6,146,0
RND,D,20251223,000000,76.8,79.6,76.8,79.6,2438,0
RND,D,20251229,000000,79.6,81,76.8,81,676,0
RND,D,20251230,000000,81,82.4,77,82.4,95,0
RND,D,20260102,000000,82.4,83.2,80.2,83,150,0
RND,D,20260105,000000,83.2,83.2,80.2,82,285,0
RND,D,20260107,000000,82.2,83.2,82,83.2,196,0
RND,D,20260108,000000,83.2,83.2,80.8,83.2,45,0
RND,D,20260109,000000,83.2,83.2,80.4,82.6,168,0
RND,D,20260112,000000,79,87,79,86.2,554,0
RND,D,20260113,000000,87,87,81.8,83.6,2298,0
RND,D,20260114,000000,82,82,81.8,81.8,120,0
RND,D,20260115,000000,82,83.8,82,82.2,165,0
RND,D,20260116,000000,83.6,84,83.6,84,215,0
RND,D,20260119,000000,85.8,86,81,86,465,0
RND,D,20260120,000000,87.8,90,83.6,88,239,0
RND,D,20260121,000000,88,89,86,89,513,0
RND,D,20260122,000000,89,89,89,89,44,0
RND,D,20260123,000000,87.2,87.2,86,86,1367,0
RND,D,20260126,000000,86.6,86.6,84.2,85,541,0
RND,D,20260127,000000,85.8,86,84.2,85,82,0
RND,D,20260128,000000,85,87,84.6,84.8,608,0
RND,D,20260129,000000,84,84,79.2,83,714,0
RND,D,20260130,000000,84,84,83,84,77,0
RND,D,20260202,000000,84,84,80.8,82,773,0
RND,D,20260203,000000,81,82,80,80,898,0
RND,D,20260204,000000,80,80,79,79,1657,0
RND,D,20260205,000000,79,81.4,79,81.4,238,0
RND,D,20260206,000000,81.4,81.4,78.8,79.2,337,0
RND,D,20260209,000000,80.2,80.8,78.8,80,125,0
RND,D,20260210,000000,80.6,80.6,78,80,4786,0
RND,D,20260211,000000,78.2,80.2,78,80.2,143,0
RND,D,20260212,000000,80.4,80.4,78,80,244,0
RND,D,20260213,000000,78.2,80.4,78,80.4,97,0
RND,D,20260216,000000,81.4,81.4,78,78,447,0
RND,D,20260217,000000,78,80.8,77.4,77.4,364,0
RND,D,20260219,000000,77.6,79.8,77.6,79.8,67,0
RND,D,20260220,000000,79.8,80,78.2,79,111,0
RND,D,20260223,000000,79,80,79,79.6,106,0
RND,D,20260224,000000,79.4,79.4,77.2,77.4,434,0
RND,D,20260225,000000,79,79.8,77,79.8,86,0
RND,D,20260226,000000,79.8,79.8,79.6,79.6,131,0
RND,D,20260227,000000,79.6,79.6,77.6,79,123,0
RND,D,20260302,000000,80,80,73.4,77,194,0
RND,D,20260303,000000,77,77.6,75.2,77.6,391,0
RND,D,20260304,000000,75.4,77.8,75.2,77.8,242,0
RND,D,20260305,000000,75.6,79.6,75.6,77,47,0
RND,D,20260306,000000,77,77.8,77,77,401,0
RND,D,20260309,000000,76,79.6,76,79.6,15,0
RND,D,20260310,000000,79.8,80.8,77,80.8,278,0
RND,D,20260311,000000,80.8,81.2,78.2,81.2,123,0
RND,D,20260312,000000,81.2,81.2,78,81.2,119,0
RND,D,20260313,000000,78.4,80.8,77.6,78,244,0
RND,D,20260316,000000,78.8,80,78,78,116,0
RND,D,20260317,000000,77.8,78,77.8,78,3,0
RND,D,20260318,000000,77.8,78.8,77.8,78.8,17,0
RND,D,20260319,000000,78,78,77.8,77.8,49,0
RND,D,20260320,000000,79.4,79.8,78,78,124,0
RND,D,20260323,000000,78.2,78.2,76.4,76.4,202,0
RND,D,20260324,000000,76.6,78,76.6,78,20,0
RND,D,20260325,000000,77.8,78,77.4,77.4,282,0
RND,D,20260326,000000,77,77,77,77,39,0
RND,D,20260327,000000,77,77,76.8,77,256,0
RND,D,20260330,000000,76.8,76.8,76,76,51,0
RND,D,20260331,000000,77.8,77.8,76.6,76.6,4,0
RND,D,20260401,000000,76.6,78,76.6,77,75,0
RND,D,20260402,000000,78.6,78.6,76.8,78,278,0
RND,D,20260407,000000,77.8,77.8,74.2,76,786,0
RND,D,20260408,000000,79,79,74.2,77,62,0
RND,D,20260409,000000,79.2,79.2,74.8,77.2,47,0
RND,D,20260410,000000,76,76,75.2,75.4,647,0
RND,D,20260413,000000,77.6,77.6,74.4,74.4,188,0
RND,D,20260414,000000,75,75,74,74.4,455,0
RND,D,20260415,000000,76.8,76.8,74.2,76.6,637,0
RND,D,20260416,000000,74.8,76.2,74.6,74.8,296,0
RND,D,20260417,000000,74.6,76.2,74.6,76,300,0
RND,D,20260420,000000,74.8,76.2,74.8,76.2,140,0
RND,D,20260421,000000,76.2,80.6,76.2,79.6,715,0
RND,D,20260422,000000,77,79.4,76.8,77,1607,0
RND,D,20260423,000000,76.6,78.2,75.2,75.2,434,0
RND,D,20260424,000000,75.2,80.8,74.2,79,377,0
RND,D,20260427,000000,75.4,77.4,75.4,75.4,339,0
RND,D,20260428,000000,75.8,77.4,75.8,75.8,17,0
RND,D,20260429,000000,76.6,77.6,74.8,74.8,626,0
RND,D,20260430,000000,75,76.2,74.8,76.2,62,0
RND,D,20260504,000000,75,76,74.4,75,185,0
RND,D,20260505,000000,74.6,76.6,74.6,76.6,70,0
RND,D,20260506,000000,76.8,77.2,75.4,77.2,421,0
RND,D,20260507,000000,77.4,77.4,77.4,77.4,19,0
RND,D,20260508,000000,77,77.8,75.4,76,210,0
RND,D,20260511,000000,76,76.6,75.6,76,100,0
RND,D,20260512,000000,79.4,79.4,76,79.4,188,0
RND,D,20260513,000000,79.4,79.4,79,79,109,0
RND,D,20260514,000000,78.2,78.2,76.6,76.6,120,0
RND,D,20260515,000000,77.6,77.6,76.8,76.8,129,0
RND,D,20260518,000000,76.8,77.2,76.6,77.2,29,0
RND,D,20260519,000000,76.4,76.4,75.2,76,410,0
RND,D,20260520,000000,75.4,76,74.4,75.4,560,0
RND,D,20260521,000000,75.4,75.4,75.2,75.2,87,0
RND,D,20260522,000000,75.4,77,75.2,76.2,242,0
RND,D,20260525,000000,75.2,77.6,75.2,77.6,119,0
RND,D,20260526,000000,76.2,78,75.4,77.2,106,0
RND,D,20260527,000000,76,77,75.6,76.8,146,0
RND,D,20260528,000000,76.6,77,76.6,76.8,543,0
RND,D,20260529,000000,75.8,76.8,75.8,76,11,0
RND,D,20260601,000000,77,77,75,75,807,0
RND,D,20260602,000000,76,76,76,76,32,0
RND,D,20260603,000000,76.2,76.2,75,75,223,0
RND,D,20260605,000000,75.4,75.4,75.2,75.2,20,0
RND,D,20260608,000000,75,76.2,75,75,408,0
RND,D,20260609,000000,75.4,75.4,74.6,74.6,98,0
RND,D,20260610,000000,74.4,74.6,73.8,74.6,265,0
RND,D,20260611,000000,75.4,75.4,75.4,75.4,13,0
RND,D,20260612,000000,75.6,75.6,72.2,72.6,1484,0
RND,D,20260615,000000,73.2,74.2,72.6,72.6,510,0
RND,D,20260616,000000,73.8,74.2,73.8,74.2,88,0
RND,D,20260617,000000,75,75.4,75,75.4,53,0
RND,D,20260618,000000,75.6,75.8,75.6,75.8,61,0
RND,D,20260619,000000,75.8,76.2,74,74.6,152,0
RND,D,20260622,000000,76.2,76.4,76.2,76.4,115,0
RND,D,20260623,000000,75.6,75.6,75,75,238,0
RND,D,20260624,000000,75,78.8,75,78.6,165,0
RND,D,20260625,000000,76,76,75.6,75.6,18,0
RND,D,20260626,000000,75.2,75.2,75.2,75.2,8,0
RND,D,20260629,000000,75,78.6,74.8,74.8,229,0
RND,D,20260630,000000,78.6,78.6,75,75,136,0
RND,D,20260701,000000,75,75,74.8,74.8,167,0
RND,D,20260702,000000,74.6,77.4,74.6,77.4,7,0
RND,D,20260703,000000,77.4,77.4,77.4,77.4,5,0
RND,D,20260706,000000,77.8,77.8,75,75,837,0
RND,D,20260707,000000,76.8,76.8,74.8,76.4,25,0
RND,D,20260708,000000,76.4,76.4,74.6,74.6,375,0
RND,D,20260709,000000,74.8,75.4,73.4,73.8,608,0
RND,D,20260710,000000,75.4,75.4,73,74,1178,0
RND,D,20260713,000000,74,76.2,73.2,76.2,67,0
RND,D,20260715,000000,76.2,76.2,73.8,73.8,305,0
RND,D,20260716,000000,76.2,76.6,74.2,74.2,19,0
RND,D,20260717,000000,74.2,78.2,74.2,74.6,140,0
RND,D,20260720,000000,74.6,74.8,74.6,74.8,30,0
RND,D,20260721,000000,74.8,74.8,73,73,589,0
RND,D,20260722,000000,73,74.4,72.8,74.4,417,0
RND,D,20260723,000000,73,73,72,72,460,0
RND,D,20260724,000000,71.6,73,71.4,73,170,0
RND,D,20260727,000000,71.6,73,71.6,73,6,0
RND,D,20260728,000000,74.4,74.4,73.8,73.8,14,0
RND,D,20260729,000000,73.6,73.6,72.6,72.6,50,0
RND,D,20260730,000000,72.8,73,72.8,72.8,169,0
RND,D,20260731,000000,73,73,68.2,71.8,1173,0
RND,D,20260803,000000,72,74.2,69.4,70,326,0
RND,D,20260804,000000,71.6,71.6,70,70.8,227,0
RND,D,20260805,000000,70.6,70.6,70,70,251,0
RND,D,20260806,000000,71,71,70.2,70.2,168,0
RND,D,20260807,000000,70.2,70.8,70,70.6,364,0
RND,D,20260810,000000,71.6,72,67.4,67.4,1540,0
RND,D,20260811,000000,67.6,68.8,67,68,722,0
RND,D,20260812,000000,68.8,69,67.8,69,147,0
RND,D,20260813,000000,69,69,69,69,30,0
RND,D,20260814,000000,69.8,75.4,69.8,73.8,1092,0
RND,D,20260817,000000,73.6,73.6,69,72,832,0
RND,D,20260818,000000,70,72,68.2,71.6,637,0
