<TICKER>,<PER>,<DATE>,<TIME>,<OPEN>,<HIGH>,<LOW>,<CLOSE>,<VOL>,<OPENINT>
SCW,D,20231011,000000,47.7,47.7,41,44.5,60670,0
SCW,D,20231012,000000,44.995,45.7,44.2,44.2,11565,0
SCW,D,20231013,000000,44.2,44.25,41.6,41.8,7940,0
SCW,D,20231016,000000,41.64,44.69,41.5,41.5,3790,0
SCW,D,20231017,000000,42,42.8,41.21,42,3216,0
SCW,D,20231018,000000,42.5,43.44,42.5,43.44,3837,0
SCW,D,20231019,000000,43.425,46.1,43.425,46.1,22270,0
SCW,D,20231020,000000,46,49.59,46,48,22018,0
SCW,D,20231023,000000,49.5,49.5,44.11,44.81,11061,0
SCW,D,20231024,000000,45.485,45.49,43.5,44.15,6480,0
SCW,D,20231025,000000,44.375,44.8,43.82,44,2928,0
SCW,D,20231026,000000,44,44.9,43.84,44.9,1033,0
SCW,D,20231027,000000,44.01,44.4,43.6,44,3149,0
SCW,D,20231030,000000,44,44.395,43.6,43.6,2757,0
SCW,D,20231031,000000,43.6,44.34,43.6,44,1686,0
SCW,D,20231102,000000,44,44.9,43.995,44,4275,0
SCW,D,20231103,000000,44.56,44.56,43.5,43.5,2083,0
SCW,D,20231106,000000,43.01,43.9,43,43.3,589,0
SCW,D,20231107,000000,43.3,43.3,40.52,41.2,7773,0
SCW,D,20231108,000000,42.3,42.3,40.54,40.9,1638,0
SCW,D,20231109,000000,40.9,40.9,37.1,38.58,8992,0
SCW,D,20231110,000000,38.58,38.58,34.995,36.895,5436,0
SCW,D,20231113,000000,35.11,36.68,29,31.685,32513,0
SCW,D,20231114,000000,31.1,33.4,30,33.395,4663,0
SCW,D,20231115,000000,33.4,34.35,31.22,33.5,4247,0
SCW,D,20231116,000000,33.45,34,32.61,34,1599,0
SCW,D,20231117,000000,33,34.28,31.9,34.25,7131,0
SCW,D,20231120,000000,32.705,33.915,32.705,33,1493,0
SCW,D,20231121,000000,33.87,35,33.71,34.92,1140,0
SCW,D,20231122,000000,34.94,39.88,34.94,39.88,3486,0
SCW,D,20231123,000000,39.5,42,37.2,42,9895,0
SCW,D,20231124,000000,43.9,43.9,39.2,41,3216,0
SCW,D,20231127,000000,41,41,37.5,39.385,2611,0
SCW,D,20231128,000000,39.75,39.75,37.8,39.38,164,0
SCW,D,20231129,000000,37.9,39.29,36.1,37.99,2350,0
SCW,D,20231130,000000,37.99,38.05,37.45,37.995,940,0
SCW,D,20231201,000000,38.45,39.39,37.995,38.99,861,0
SCW,D,20231204,000000,38.96,39.195,36,36.5,1362,0
SCW,D,20231205,000000,36.8,37.94,36.5,36.5,2636,0
SCW,D,20231206,000000,37.2,37.68,36.5,37.6,180,0
SCW,D,20231207,000000,36.505,37.38,36.5,37.38,621,0
SCW,D,20231208,000000,36.51,37.36,36,36.5,1036,0
SCW,D,20231211,000000,36.005,36.89,36,36.86,630,0
SCW,D,20231212,000000,36.505,36.85,36.3,36.3,405,0
SCW,D,20231213,000000,36.02,36.81,36,36.6,896,0
SCW,D,20231214,000000,36.58,36.8,36,36.8,1891,0
SCW,D,20231215,000000,36.81,36.81,35.7,36.4,798,0
SCW,D,20231218,000000,35.805,36.005,35.8,35.8,1839,0
SCW,D,20231219,000000,36.4,36.4,35.9,36.395,277,0
SCW,D,20231220,000000,35.905,36.1,35.8,35.8,2901,0
SCW,D,20231221,000000,35.66,37,34,35.405,3089,0
SCW,D,20231222,000000,36.295,36.98,36,36.6,1573,0
SCW,D,20231227,000000,36.6,36.6,35.52,36,1323,0
SCW,D,20231228,000000,36.575,36.575,35.205,36.495,731,0
SCW,D,20231229,000000,36.5,37.995,36.5,37,1362,0
SCW,D,20240102,000000,37,37,35.52,36,607,0
SCW,D,20240103,000000,36,36.3,35.8,35.8,463,0
SCW,D,20240104,000000,36,36.9,35.8,36.88,1744,0
SCW,D,20240105,000000,36.89,36.89,35.805,36.46,385,0
SCW,D,20240108,000000,36.46,36.95,35.8,36.95,1441,0
SCW,D,20240109,000000,36.945,36.99,36.945,36.99,470,0
SCW,D,20240110,000000,36.99,36.995,36.34,36.5,176,0
SCW,D,20240111,000000,36.5,36.88,35.91,36.88,294,0
SCW,D,20240112,000000,36.88,36.99,36.11,36.99,234,0
SCW,D,20240115,000000,36.8,36.99,36.4,36.99,105,0
SCW,D,20240116,000000,36.99,36.99,36.3,36.98,71,0
SCW,D,20240117,000000,36.975,36.975,36.95,36.95,72,0
SCW,D,20240118,000000,36.34,36.99,36.34,36.99,26,0
SCW,D,20240119,000000,36.99,37,36.08,36.8,513,0
SCW,D,20240122,000000,36.81,37,36.8,36.995,221,0
SCW,D,20240123,000000,36.7,37,36.7,37,250,0
SCW,D,20240124,000000,37,39.92,37,37,2135,0
SCW,D,20240125,000000,38.295,38.295,36.72,37.5,360,0
SCW,D,20240126,000000,37.7,37.8,37,37.795,1126,0
SCW,D,20240129,000000,37.7,38.16,37,38,2105,0
SCW,D,20240130,000000,38.155,41,38.15,39.605,5761,0
SCW,D,20240131,000000,39.54,39.605,38.54,39.6,776,0
SCW,D,20240201,000000,39.605,39.84,38.56,39.79,545,0
SCW,D,20240202,000000,40,40.35,39.78,40.34,1748,0
SCW,D,20240205,000000,40.35,43,40.34,42.79,1436,0
SCW,D,20240206,000000,42.78,42.78,41.315,42.05,590,0
SCW,D,20240207,000000,41.9,42.74,41.85,42.5,269,0
SCW,D,20240208,000000,42.5,42.68,40,40,860,0
SCW,D,20240209,000000,41.89,41.895,39.2,39.67,922,0
SCW,D,20240212,000000,39.5,39.5,38.56,39.28,1256,0
SCW,D,20240213,000000,39,39,36,38.16,4677,0
SCW,D,20240214,000000,37.87,37.88,36.5,36.5,614,0
SCW,D,20240215,000000,36.995,37.88,33,34.4,3891,0
SCW,D,20240216,000000,34.5,37,34.5,36.295,441,0
SCW,D,20240219,000000,36.295,36.295,35.5,36.195,652,0
SCW,D,20240220,000000,36,36.18,35,36.18,2203,0
SCW,D,20240221,000000,35.6,36.28,35.3,36.28,267,0
SCW,D,20240222,000000,36.29,36.5,35.8,36.5,980,0
SCW,D,20240223,000000,36.35,39.35,36.35,38.495,694,0
SCW,D,20240226,000000,38.45,38.45,37.7,38.38,93,0
SCW,D,20240227,000000,37,38.44,37,37.98,555,0
SCW,D,20240228,000000,37.98,37.98,36.8,37,177,0
SCW,D,20240229,000000,36.995,37.46,36.66,36.66,423,0
SCW,D,20240301,000000,36.66,37.44,35.705,35.705,1591,0
SCW,D,20240304,000000,36.46,36.46,34.5,34.5,520,0
SCW,D,20240305,000000,34.4,36,34.4,36,1027,0
SCW,D,20240306,000000,36.195,36.2,34.41,35.4,664,0
SCW,D,20240307,000000,35.795,35.795,33,34.86,1006,0
SCW,D,20240308,000000,33.6,35.49,33.6,35,940,0
SCW,D,20240311,000000,35.795,36.5,35,35.995,1030,0
SCW,D,20240312,000000,36.495,36.495,34.06,35.98,778,0
SCW,D,20240313,000000,35.98,35.98,35.98,35.98,10,0
SCW,D,20240314,000000,35.7,35.7,34.9,35.495,134,0
SCW,D,20240315,000000,35.48,37,35.48,36.2,400,0
SCW,D,20240318,000000,36.195,37.86,35.48,36.38,1939,0
SCW,D,20240319,000000,36.5,36.5,33.8,35.8,735,0
SCW,D,20240320,000000,35.63,35.63,33,35.4,1716,0
SCW,D,20240321,000000,33.37,35,33,33.99,2049,0
SCW,D,20240322,000000,34,34,33.99,34,199,0
SCW,D,20240325,000000,34,34.7,32.47,34,1969,0
SCW,D,20240326,000000,33.2,33.995,33,33.97,715,0
SCW,D,20240327,000000,32.5,33.5,29.2,30.005,6176,0
SCW,D,20240328,000000,31.36,32.8,30.02,31.8,3837,0
SCW,D,20240402,000000,33.6,35,32.2,33.9,1954,0
SCW,D,20240403,000000,33.75,33.75,33.5,33.55,91,0
SCW,D,20240404,000000,33.55,33.55,32,32.4,1163,0
SCW,D,20240405,000000,32.8,34,32.75,34,832,0
SCW,D,20240408,000000,33.95,34,33,33.9,995,0
SCW,D,20240409,000000,33.85,34.85,33.85,33.85,1048,0
SCW,D,20240410,000000,33.9,33.95,32.7,33.6,1265,0
SCW,D,20240411,000000,33.9,34,33.05,33.65,888,0
SCW,D,20240412,000000,33.95,34,33.65,33.65,1986,0
SCW,D,20240415,000000,33,33.65,32,33.2,1049,0
SCW,D,20240416,000000,33.2,37.5,33.2,34.5,1171,0
SCW,D,20240417,000000,34.9,35,34.1,34.5,1919,0
SCW,D,20240418,000000,35.4,35.4,34.2,35,3625,0
SCW,D,20240419,000000,35.4,35.7,34.2,34.9,6307,0
SCW,D,20240422,000000,35.5,35.7,34.4,35.65,1521,0
SCW,D,20240423,000000,34.7,35.5,34.35,35.5,192,0
SCW,D,20240424,000000,35.45,35.45,34.35,35.35,588,0
SCW,D,20240425,000000,34.4,35.1,33.2,34,1531,0
SCW,D,20240426,000000,33.8,34.15,33.8,34.1,292,0
SCW,D,20240429,000000,34.1,35,33.95,34.8,361,0
SCW,D,20240430,000000,34.8,35.1,34.2,35.1,123,0
SCW,D,20240502,000000,35.15,35.15,34.3,35.1,122,0
SCW,D,20240506,000000,35.1,35.35,34.35,35.35,713,0
SCW,D,20240507,000000,35.35,35.4,34.05,34.95,1897,0
SCW,D,20240508,000000,34.15,34.7,33.7,34,1365,0
SCW,D,20240509,000000,34,35.15,33.75,35.15,468,0
SCW,D,20240510,000000,34.4,34.4,33.8,34,500,0
SCW,D,20240513,000000,35.05,36.5,33.4,33.4,4441,0
SCW,D,20240514,000000,34.3,35.8,34.3,35.6,1783,0
SCW,D,20240515,000000,35.3,36.5,34.7,36.3,3665,0
SCW,D,20240516,000000,36.5,36.85,29.2,34.75,7876,0
SCW,D,20240517,000000,34.75,34.95,34.05,34.7,1007,0
SCW,D,20240520,000000,34.7,34.7,30,33.15,6518,0
SCW,D,20240521,000000,32.75,33.3,30.6,32.9,2084,0
SCW,D,20240522,000000,32.9,34.3,32.6,33.9,1359,0
SCW,D,20240523,000000,33.8,33.85,32.8,33.85,91,0
SCW,D,20240524,000000,33.15,33.75,32.8,33.4,270,0
SCW,D,20240527,000000,33.5,34.3,33.05,34.2,363,0
SCW,D,20240528,000000,34.2,34.2,33.4,33.95,425,0
SCW,D,20240529,000000,33.55,33.95,31.9,33.2,1003,0
SCW,D,20240531,000000,33.45,34.1,33.3,34.1,400,0
SCW,D,20240603,000000,34.1,34.55,34.1,34.4,11,0
SCW,D,20240604,000000,34.3,34.7,33.35,34.5,1118,0
SCW,D,20240605,000000,33.65,34.05,33.35,34.05,1145,0
SCW,D,20240606,000000,34.1,34.5,33.4,33.95,221,0
SCW,D,20240607,000000,33.95,34.95,33.95,34.9,493,0
SCW,D,20240610,000000,34.7,34.7,33.75,34.4,262,0
SCW,D,20240611,000000,34.45,34.45,33.15,34.3,333,0
SCW,D,20240612,000000,34.55,34.55,33.1,33.85,781,0
SCW,D,20240613,000000,33.85,34.35,33.2,34.35,303,0
SCW,D,20240614,000000,34.25,34.3,33.2,34.3,427,0
SCW,D,20240617,000000,34.3,34.4,34,34.4,686,0
SCW,D,20240618,000000,34.4,34.4,34,34.35,79,0
SCW,D,20240619,000000,34.35,34.4,34.35,34.4,57,0
SCW,D,20240620,000000,34.4,34.4,34,34.35,361,0
SCW,D,20240621,000000,33.95,34.5,33.95,34.5,435,0
SCW,D,20240624,000000,34.5,34.6,32.55,34.4,773,0
SCW,D,20240625,000000,33.15,34.4,33.15,34.4,3,0
SCW,D,20240626,000000,33.95,34,33.95,34,50,0
SCW,D,20240627,000000,33.65,34.15,33.65,33.75,165,0
SCW,D,20240628,000000,34.1,34.25,34.1,34.25,71,0
SCW,D,20240701,000000,34.25,34.3,34,34.3,112,0
SCW,D,20240702,000000,33.9,34.1,33.8,34.1,185,0
SCW,D,20240703,000000,34,34,33.85,33.85,44,0
SCW,D,20240704,000000,34,34,33.9,33.9,122,0
SCW,D,20240705,000000,33.5,34.1,33.45,34.1,1543,0
SCW,D,20240708,000000,34.1,36.1,34.1,35.3,2868,0
SCW,D,20240709,000000,35.55,35.9,35.1,35.9,1554,0
SCW,D,20240710,000000,35.75,36.1,35.75,36.1,500,0
SCW,D,20240711,000000,35.45,36.1,35.45,36.05,370,0
SCW,D,20240712,000000,36.1,36.1,34.8,36,825,0
SCW,D,20240715,000000,36,36,35.2,35.3,625,0
SCW,D,20240716,000000,35.9,35.9,34.8,34.8,661,0
SCW,D,20240717,000000,35.45,36,35.3,35.3,351,0
SCW,D,20240718,000000,35.3,35.3,34.9,34.9,120,0
SCW,D,20240719,000000,34.95,35.05,34.85,35.05,97,0
SCW,D,20240722,000000,35.1,35.85,35.1,35.85,266,0
SCW,D,20240723,000000,35.2,35.75,35.15,35.75,105,0
SCW,D,20240724,000000,35.15,35.15,35,35,232,0
SCW,D,20240725,000000,34.95,35.7,34.95,35.1,169,0
SCW,D,20240726,000000,35.1,35.2,34.7,35.1,638,0
SCW,D,20240729,000000,34.7,35.2,34.6,35.2,560,0
SCW,D,20240730,000000,35.15,36.3,35.15,36.3,2485,0
SCW,D,20240731,000000,36.3,36.3,35.6,36.1,716,0
SCW,D,20240801,000000,36.1,36.1,35.4,35.7,379,0
SCW,D,20240802,000000,35.15,35.15,34.3,35,1264,0
SCW,D,20240805,000000,34.1,34.5,32,33.9,2460,0
SCW,D,20240806,000000,32.5,33.95,32.5,33,2330,0
SCW,D,20240807,000000,33,33.9,33,33.9,1168,0
SCW,D,20240808,000000,34.2,35,34,34,2841,0
SCW,D,20240809,000000,36,36.75,35.1,35.3,2392,0
SCW,D,20240812,000000,37,37,35.5,35.85,1817,0
SCW,D,20240813,000000,36.4,36.8,35.9,36.75,1578,0
SCW,D,20240814,000000,36.75,38.5,36.5,37.5,2433,0
SCW,D,20240816,000000,38.5,39.5,38,38.6,2522,0
SCW,D,20240819,000000,39.9,43.9,39.15,40.25,27740,0
SCW,D,20240820,000000,41.9,43.8,41.2,42.75,6802,0
SCW,D,20240821,000000,43.2,43.7,40.7,42.8,6487,0
SCW,D,20240822,000000,42.8,42.8,40.85,41.7,1668,0
SCW,D,20240823,000000,42.5,42.5,41,42.35,1250,0
SCW,D,20240826,000000,38.8,41.65,37.7,40.5,11602,0
SCW,D,20240827,000000,40.85,42,40.8,41.55,1390,0
SCW,D,20240828,000000,41.95,42,41.25,41.55,867,0
SCW,D,20240829,000000,41.95,41.95,39.95,41,2865,0
SCW,D,20240830,000000,40.2,41.4,40.2,40.5,645,0
SCW,D,20240902,000000,41.15,41.95,40.5,40.55,1017,0
SCW,D,20240903,000000,40.55,43.9,40,41.7,10503,0
SCW,D,20240904,000000,42.5,43,41.6,42.45,3154,0
SCW,D,20240905,000000,42.45,42.8,40.6,42.1,1490,0
SCW,D,20240906,000000,42.2,42.2,41,42.05,355,0
SCW,D,20240909,000000,41.1,42.05,41.1,42.05,1038,0
SCW,D,20240910,000000,42,42.05,41.05,41.05,719,0
SCW,D,20240911,000000,41.4,41.4,40.15,40.9,800,0
SCW,D,20240912,000000,40.85,40.9,40.5,40.6,582,0
SCW,D,20240913,000000,41.1,41.2,40.7,40.7,698,0
SCW,D,20240916,000000,41,41.25,40.6,41.25,900,0
SCW,D,20240917,000000,41.05,42.95,41.05,42,1842,0
SCW,D,20240918,000000,42.3,42.5,41.95,42.25,823,0
SCW,D,20240919,000000,42.2,42.4,41.7,42,952,0
SCW,D,20240920,000000,42.25,42.8,41,41,1251,0
SCW,D,20240923,000000,42.35,42.65,36.6,39.65,3672,0
SCW,D,20240924,000000,39.8,41.5,39.8,40.05,523,0
SCW,D,20240925,000000,40.2,40.2,39.3,40.15,1697,0
SCW,D,20240926,000000,39.4,39.95,39.4,39.9,520,0
SCW,D,20240927,000000,40,40.15,39.2,39.75,1064,0
SCW,D,20240930,000000,39.8,39.8,39.75,39.75,80,0
SCW,D,20241001,000000,39,39,38.45,38.45,1256,0
SCW,D,20241002,000000,38,38.35,37,37.9,948,0
SCW,D,20241003,000000,37.9,37.9,37,37.8,357,0
SCW,D,20241004,000000,37,37.8,36,37.8,2886,0
SCW,D,20241007,000000,37.95,40.35,36.15,40.15,5113,0
SCW,D,20241008,000000,40.15,40.6,37.6,39,7741,0
SCW,D,20241009,000000,39.5,40.75,38.5,39.65,2656,0
SCW,D,20241010,000000,38.5,39.95,38.5,38.8,1581,0
SCW,D,20241011,000000,38.95,39,36.55,37.65,4452,0
SCW,D,20241014,000000,36.65,37.95,35.9,37.55,2426,0
SCW,D,20241015,000000,37.55,37.7,36.6,36.95,2134,0
SCW,D,20241016,000000,36.95,37.6,36,36,5061,0
SCW,D,20241017,000000,35.8,35.8,35.1,35.4,3796,0
SCW,D,20241018,000000,35.6,37.15,35.6,37,916,0
SCW,D,20241021,000000,36.6,36.7,36.5,36.5,1238,0
SCW,D,20241022,000000,36.5,37.8,35.85,37,891,0
SCW,D,20241023,000000,37.25,37.25,36.3,36.3,683,0
SCW,D,20241024,000000,36.8,37,36.75,36.75,190,0
SCW,D,20241025,000000,36.95,37.45,36.75,37,494,0
SCW,D,20241028,000000,37,37,36.3,36.9,434,0
SCW,D,20241029,000000,36.9,37.45,36.9,37.45,149,0
SCW,D,20241030,000000,37.45,39.9,37.45,39.35,1895,0
SCW,D,20241031,000000,39.5,39.5,38.25,38.5,543,0
SCW,D,20241104,000000,38.8,40.15,38.8,39,3580,0
SCW,D,20241105,000000,39.5,39.95,36.9,38.2,4994,0
SCW,D,20241106,000000,38.25,38.25,37,37,555,0
SCW,D,20241107,000000,38,38.1,37,37.4,1317,0
SCW,D,20241108,000000,37.6,39.85,37.6,38.95,2139,0
SCW,D,20241112,000000,38.5,39.9,36.95,38.3,5732,0
SCW,D,20241113,000000,38.25,38.25,36.95,37.7,3124,0
SCW,D,20241114,000000,37.65,37.65,34,36.4,11675,0
SCW,D,20241115,000000,36.3,36.75,35,35.95,1349,0
SCW,D,20241118,000000,35.95,35.95,33.95,35.85,4105,0
SCW,D,20241119,000000,34.5,35.2,34,34.1,3486,0
SCW,D,20241120,000000,34.85,36.4,34.15,34.85,4442,0
SCW,D,20241121,000000,34.85,35.6,34.6,35.6,504,0
SCW,D,20241122,000000,35.6,36.15,34.3,35.2,3582,0
SCW,D,20241125,000000,35.4,35.45,34.4,35.05,372,0
SCW,D,20241126,000000,35.25,35.5,34.4,34.4,3957,0
SCW,D,20241127,000000,34.45,35,33.3,35,10211,0
SCW,D,20241128,000000,34.65,36.2,34.65,35.05,1842,0
SCW,D,20241129,000000,35.2,35.85,35.2,35.5,1017,0
SCW,D,20241202,000000,35.75,35.95,35.5,35.85,1105,0
SCW,D,20241203,000000,35.9,37.75,35.9,37,3735,0
SCW,D,20241204,000000,37.4,37.55,36.3,37.5,695,0
SCW,D,20241205,000000,37.55,37.8,37,37.75,700,0
SCW,D,20241206,000000,37.8,38.1,36,36,1300,0
SCW,D,20241209,000000,35.6,37.3,35.6,37,885,0
SCW,D,20241210,000000,37.3,37.3,36,36.5,2312,0
SCW,D,20241211,000000,36.15,36.9,35.1,36.6,1812,0
SCW,D,20241212,000000,36.6,37.15,36.6,36.95,1541,0
SCW,D,20241213,000000,37,38,36.65,38,1447,0
SCW,D,20241216,000000,37.9,37.9,37.15,37.75,472,0
SCW,D,20241217,000000,37.9,37.9,37.15,37.3,2475,0
SCW,D,20241218,000000,37,38.85,37,38.35,3164,0
SCW,D,20241219,000000,38.85,38.95,38.4,38.4,126,0
SCW,D,20241220,000000,38.9,43.6,38.35,42.4,12367,0
SCW,D,20241223,000000,42.4,45,41.85,42.45,8791,0
SCW,D,20241227,000000,42.45,43.5,41.9,42.7,2815,0
SCW,D,20241230,000000,43.25,44.75,42.9,43.3,3065,0
SCW,D,20250102,000000,43.95,46.25,42.7,44,2468,0
SCW,D,20250103,000000,44.15,45.65,43.5,45.55,1941,0
SCW,D,20250107,000000,45.55,45.55,44.2,44.6,548,0
SCW,D,20250108,000000,44,44.5,43.1,43.25,877,0
SCW,D,20250109,000000,43.7,47.95,43.3,45,6412,0
SCW,D,20250110,000000,45.45,45.45,44,44,634,0
SCW,D,20250113,000000,44.4,44.4,43.05,43.95,1441,0
SCW,D,20250114,000000,44.35,44.35,43.55,44.3,56,0
SCW,D,20250115,000000,44.05,44.95,43.8,44.95,444,0
SCW,D,20250116,000000,44.95,49.5,44.5,48,7462,0
SCW,D,20250117,000000,48.95,49.6,44.6,46.85,7852,0
SCW,D,20250120,000000,46.85,47.45,45,45.85,2078,0
SCW,D,20250121,000000,45.35,47.4,44.55,47.4,781,0
SCW,D,20250122,000000,47.4,48.45,45.3,47.6,2463,0
SCW,D,20250123,000000,47.55,49.95,47,49.6,4316,0
SCW,D,20250124,000000,49.6,49.75,48.1,48.6,2267,0
SCW,D,20250127,000000,48,48.6,45.85,46.55,3805,0
SCW,D,20250128,000000,46.6,47.7,46.55,47.25,1279,0
SCW,D,20250129,000000,47.45,47.85,47,47,1104,0
SCW,D,20250130,000000,46.95,47,46.5,46.5,904,0
SCW,D,20250131,000000,46.5,48.15,43.8,48,6339,0
SCW,D,20250203,000000,48.4,49.65,47.3,48.85,2289,0
SCW,D,20250204,000000,49.65,49.65,48.05,49.6,1067,0
SCW,D,20250205,000000,49,49.9,48.75,49.45,1564,0
SCW,D,20250206,000000,49.55,55.5,49.5,54,7850,0
SCW,D,20250207,000000,54.2,59,53.4,59,7830,0
SCW,D,20250210,000000,59,65.4,59,61.4,9148,0
SCW,D,20250211,000000,61.3,62.5,60,61.8,2181,0
SCW,D,20250212,000000,61.2,62,58.2,58.5,3275,0
SCW,D,20250213,000000,58.5,63.4,58.5,62.4,5863,0
SCW,D,20250214,000000,62.5,62.9,60,61.5,2176,0
SCW,D,20250217,000000,61.5,62.9,60,62,1816,0
SCW,D,20250218,000000,62.1,64.2,62,63.8,2100,0
SCW,D,20250219,000000,63.9,63.9,60.5,61.9,1024,0
SCW,D,20250220,000000,61,61,59.4,60.4,1201,0
SCW,D,20250221,000000,60,62.2,55.8,58.9,1635,0
SCW,D,20250224,000000,58.9,58.9,55.6,57.5,1577,0
SCW,D,20250225,000000,57.8,58.8,56.2,56.4,798,0
SCW,D,20250226,000000,56.7,59.8,56.7,58.9,533,0
SCW,D,20250227,000000,58.5,62.5,58.2,61.8,1765,0
SCW,D,20250228,000000,61.8,62.2,60.1,60.7,767,0
SCW,D,20250303,000000,62,63.9,61.2,63.9,1700,0
SCW,D,20250304,000000,63.2,63.7,60.5,62.7,2204,0
SCW,D,20250305,000000,62.9,64.1,61.4,62.7,1205,0
SCW,D,20250306,000000,63.5,63.6,61,63.5,1657,0
SCW,D,20250307,000000,63.5,66,62.2,64,7205,0
SCW,D,20250310,000000,64.9,69.8,64.9,69.6,10449,0
SCW,D,20250311,000000,70,74.9,68.7,71,5404,0
SCW,D,20250312,000000,70,70.9,68.7,69.8,4588,0
SCW,D,20250313,000000,70.1,71,69.8,70.2,2757,0
SCW,D,20250314,000000,70.8,73.2,70.4,71.1,4887,0
SCW,D,20250317,000000,72,73.8,69.4,73.1,2427,0
SCW,D,20250318,000000,73.4,74,71,71,2441,0
SCW,D,20250319,000000,72,74.5,72,73.4,3818,0
SCW,D,20250320,000000,73.2,73.9,70.4,71.8,2695,0
SCW,D,20250321,000000,71.8,72.6,70.7,72.4,952,0
SCW,D,20250324,000000,71.9,71.9,65.6,70.7,11739,0
SCW,D,20250325,000000,70.7,70.7,66.9,68.8,4277,0
SCW,D,20250326,000000,68.4,69.4,66.3,69.4,2503,0
SCW,D,20250327,000000,67.2,69.8,67.2,69.7,2947,0
SCW,D,20250328,000000,69.7,69.7,67.5,69,1267,0
SCW,D,20250331,000000,67.5,69,67,68,2416,0
SCW,D,20250401,000000,69.6,69.6,66,67,4275,0
SCW,D,20250402,000000,67.2,67.2,64,65.8,3357,0
SCW,D,20250403,000000,65.8,67,61.6,63.4,5547,0
SCW,D,20250404,000000,63.6,63.8,57,57,10158,0
SCW,D,20250407,000000,54.8,57.4,50.2,57.2,12276,0
SCW,D,20250408,000000,59,59.8,57,58.8,3903,0
SCW,D,20250409,000000,58.8,58.8,55.2,56.8,2116,0
SCW,D,20250410,000000,61.2,61.6,59.4,60,3341,0
SCW,D,20250411,000000,63.2,65,61.2,62,9804,0
SCW,D,20250414,000000,62.2,66.4,62.2,66,7133,0
SCW,D,20250415,000000,66.6,69.4,66,67,12891,0
SCW,D,20250416,000000,67,68.4,65.6,68,3881,0
SCW,D,20250417,000000,68.2,68.2,65.6,66.2,7350,0
SCW,D,20250422,000000,67.6,69.4,67.6,68.6,6524,0
SCW,D,20250423,000000,69.2,69.2,61.2,67,9329,0
SCW,D,20250424,000000,65.2,67,65,66,2107,0
SCW,D,20250425,000000,66.6,66.6,64.6,65.6,899,0
SCW,D,20250428,000000,64.6,66,63.6,65.4,1450,0
SCW,D,20250429,000000,65,65,63,63.6,5275,0
SCW,D,20250430,000000,63.8,63.8,63.2,63.8,852,0
SCW,D,20250502,000000,63.8,67,63.8,66.8,1148,0
SCW,D,20250505,000000,66.8,68.6,66,66.8,1527,0
SCW,D,20250506,000000,66.8,66.8,63,65.8,2222,0
SCW,D,20250507,000000,65,69,65,67.2,3545,0
SCW,D,20250508,000000,67.2,68.4,66,68.4,2999,0
SCW,D,20250509,000000,68.6,71.8,68.4,70.2,5120,0
SCW,D,20250512,000000,70,70,67.6,67.6,2568,0
SCW,D,20250513,000000,67.4,69.2,65.4,66.2,3807,0
SCW,D,20250514,000000,66.4,68.2,66,67.2,2642,0
SCW,D,20250515,000000,68,70.4,68,70,7479,0
SCW,D,20250516,000000,70.4,70.6,68.6,70,2707,0
SCW,D,20250519,000000,70.2,70.2,68.6,69.4,1459,0
SCW,D,20250520,000000,69.4,69.4,68,69,969,0
SCW,D,20250521,000000,68.8,70,67,68.6,2151,0
SCW,D,20250522,000000,68.4,68.4,66,67,2102,0
SCW,D,20250523,000000,67,67.4,63.4,66,3433,0
SCW,D,20250526,000000,66.6,69.2,65.8,68,2913,0
SCW,D,20250527,000000,68,69.6,66.6,69.6,1897,0
SCW,D,20250528,000000,70,70.4,68.2,69.8,1812,0
SCW,D,20250529,000000,69.8,69.8,67.6,67.8,812,0
SCW,D,20250530,000000,68,68.4,66.8,67.4,1116,0
SCW,D,20250602,000000,67.6,69.8,64.4,69.8,1250,0
SCW,D,20250603,000000,69.6,70,68,68.8,1172,0
SCW,D,20250604,000000,69.2,74.2,68,72.4,8000,0
SCW,D,20250605,000000,73,75.8,73,75,6145,0
SCW,D,20250606,000000,75,79.4,72,79.2,4827,0
SCW,D,20250609,000000,79.4,80.4,77.8,80.2,4721,0
SCW,D,20250610,000000,81,82,77.6,79,2301,0
SCW,D,20250611,000000,77.8,79.8,77.8,79.6,1246,0
SCW,D,20250612,000000,78.8,80,78.4,78.4,454,0
SCW,D,20250613,000000,79,81.8,76.6,79.4,5035,0
SCW,D,20250616,000000,79,79,77.6,77.8,1102,0
SCW,D,20250617,000000,79.8,89,79,89,13157,0
SCW,D,20250618,000000,90,91.8,82,82.2,7147,0
SCW,D,20250620,000000,82.4,85.8,80.2,82.2,2168,0
SCW,D,20250623,000000,82,92.6,81,85.2,26688,0
SCW,D,20250624,000000,83.2,85.6,79.8,81.6,10938,0
SCW,D,20250625,000000,82,84.6,80.2,81,15056,0
SCW,D,20250626,000000,82,87.8,82,84,6801,0
SCW,D,20250627,000000,85.8,87.8,80,82,14695,0
SCW,D,20250630,000000,81.8,82.2,79.8,81.2,12086,0
SCW,D,20250701,000000,83,93.6,83,91.4,23150,0
SCW,D,20250702,000000,92.2,92.2,89,91.6,10578,0
SCW,D,20250703,000000,92,105.5,90.6,99.8,23308,0
SCW,D,20250704,000000,101.5,108.5,100,104.5,23419,0
SCW,D,20250707,000000,105.5,113,103,112,15639,0
SCW,D,20250708,000000,114,118.5,106,109,16564,0
SCW,D,20250709,000000,109,113,99.2,101.5,18070,0
SCW,D,20250710,000000,101.5,109,100.5,104,6803,0
SCW,D,20250711,000000,103.5,104.5,98,103.5,4714,0
SCW,D,20250714,000000,103,113,100.5,110,5872,0
SCW,D,20250715,000000,110,115.5,106.5,107.5,7493,0
SCW,D,20250716,000000,106.5,112.5,105.5,110.5,4379,0
SCW,D,20250717,000000,111,114,109,111.5,7307,0
SCW,D,20250718,000000,112,117,111.5,115.5,6537,0
SCW,D,20250721,000000,116,127,116,124.5,11570,0
SCW,D,20250722,000000,127,128,117,120,10420,0
SCW,D,20250723,000000,121,125,119,122.5,4214,0
SCW,D,20250724,000000,123.5,124,117,118.5,6593,0
SCW,D,20250725,000000,117.5,119,114,119,4854,0
SCW,D,20250728,000000,117.5,121.5,115,117,4603,0
SCW,D,20250729,000000,117,117,114.5,117,3814,0
SCW,D,20250730,000000,117,117,114,116,4397,0
SCW,D,20250731,000000,115.5,116,108,113,6024,0
SCW,D,20250801,000000,109.5,111,106.5,108,4473,0
SCW,D,20250804,000000,108.5,112,104.5,109,4273,0
SCW,D,20250805,000000,110,113,107,107,2007,0
SCW,D,20250806,000000,108.5,111,105.5,108.5,2857,0
SCW,D,20250807,000000,107,108.5,104,106,3697,0
SCW,D,20250808,000000,105.5,113.5,104,110.5,2432,0
SCW,D,20250811,000000,111,119,111,115.5,4538,0
SCW,D,20250812,000000,115.5,115.5,112,113,2541,0
SCW,D,20250813,000000,115,122.5,115,117.5,14440,0
SCW,D,20250814,000000,118,119,114.5,116,6120,0
SCW,D,20250818,000000,117,119,117,118,2593,0
SCW,D,20250819,000000,117.5,117.5,113,113.5,2544,0
SCW,D,20250820,000000,113.5,114,111.5,112,1973,0
SCW,D,20250821,000000,112,115,111.5,114,3322,0
SCW,D,20250822,000000,114,118,112.5,116,5014,0
SCW,D,20250825,000000,117,132,116.5,132,15827,0
SCW,D,20250826,000000,133,137.5,127.5,131.5,8086,0
SCW,D,20250827,000000,131.5,131.5,126,127,5035,0
SCW,D,20250828,000000,127,132,127,130,2396,0
SCW,D,20250829,000000,130,133,128,129,3245,0
SCW,D,20250901,000000,130,137,128,135,4884,0
SCW,D,20250902,000000,138,143,136,142.5,7746,0
SCW,D,20250903,000000,142.5,143.5,140,142.5,4080,0
SCW,D,20250904,000000,142.5,147,134,138.5,9543,0
SCW,D,20250905,000000,138.5,140,136,138.5,2431,0
SCW,D,20250908,000000,139,140,127.5,130.5,9183,0
SCW,D,20250909,000000,130.5,135.5,130.5,131,3058,0
SCW,D,20250910,000000,131.5,133,123,130,9449,0
SCW,D,20250911,000000,130,132,126.5,130,4221,0
SCW,D,20250912,000000,130,134,128.5,133.5,2977,0
SCW,D,20250915,000000,133.5,139.5,132.5,135,3779,0
SCW,D,20250916,000000,137,144.5,137,139,13353,0
SCW,D,20250917,000000,140,144.5,139,143,7104,0
SCW,D,20250918,000000,143,144,141,141,11207,0
SCW,D,20250919,000000,142,143.5,136,138,5583,0
SCW,D,20250922,000000,138,139.5,133.5,137,4365,0
SCW,D,20250923,000000,136.5,143,136.5,142.5,3268,0
SCW,D,20250924,000000,144,149,144,148.5,7614,0
SCW,D,20250925,000000,149,149,140,145,5335,0
SCW,D,20250926,000000,145,151,142,151,6850,0
SCW,D,20250929,000000,150.5,161.5,150,158.5,13222,0
SCW,D,20250930,000000,158,161,157,160.5,8134,0
SCW,D,20251001,000000,158,169,154,167.5,18189,0
SCW,D,20251002,000000,169.5,186,169,184.5,18306,0
SCW,D,20251003,000000,190,192.5,175.5,177,24721,0
SCW,D,20251006,000000,177,180,170,173.5,12242,0
SCW,D,20251007,000000,172.5,176,164.5,165.5,10133,0
SCW,D,20251008,000000,165.5,179.5,161,175,14867,0
SCW,D,20251009,000000,178,182,175,176.5,9228,0
SCW,D,20251010,000000,178.5,178.5,170,174,4879,0
SCW,D,20251013,000000,170,172,164,166,8988,0
SCW,D,20251014,000000,166,168,159.5,163,8822,0
SCW,D,20251015,000000,163,173.5,163,171.5,4495,0
SCW,D,20251016,000000,173.5,173.5,167,167.5,2460,0
SCW,D,20251017,000000,168,171,164.5,168,2381,0
SCW,D,20251020,000000,168,177,168,176.5,4994,0
SCW,D,20251021,000000,176.5,183.5,175,179,8905,0
SCW,D,20251022,000000,179,180,173.5,176.5,4496,0
SCW,D,20251023,000000,174.5,178,173.5,174,2350,0
SCW,D,20251024,000000,174,175,170.5,170.5,2767,0
SCW,D,20251027,000000,172.5,179,172.5,174,4503,0
SCW,D,20251028,000000,175,175,168,170,5158,0
SCW,D,20251029,000000,170,173,166,170,3672,0
SCW,D,20251030,000000,170,178.5,165,177.5,5807,0
SCW,D,20251031,000000,178,179,172,173.5,2768,0
SCW,D,20251103,000000,176,181,172.5,175.5,3863,0
SCW,D,20251104,000000,175.5,175.5,170.5,172.5,2050,0
SCW,D,20251105,000000,172,177.5,171,173.5,1744,0
SCW,D,20251106,000000,175,178,173,175,1836,0
SCW,D,20251107,000000,175,175,170,171,2776,0
SCW,D,20251110,000000,173,176,171,174,1797,0
SCW,D,20251112,000000,175,181,175,176.5,6990,0
SCW,D,20251113,000000,178,181.5,171.5,180,4619,0
SCW,D,20251114,000000,179,179.5,172,174.5,2395,0
SCW,D,20251117,000000,172,172,166,168,5356,0
SCW,D,20251118,000000,168,168,161,167,6726,0
SCW,D,20251119,000000,167,169,163.5,166.5,2336,0
SCW,D,20251120,000000,167,168,163.5,166,2819,0
SCW,D,20251121,000000,164,164,151.5,153.5,19844,0
SCW,D,20251124,000000,158,179,157,176,14177,0
SCW,D,20251125,000000,183,188,173.5,181.5,11049,0
SCW,D,20251126,000000,182,182,178.5,179,1742,0
SCW,D,20251127,000000,179,185,174.5,185,10985,0
SCW,D,20251128,000000,184,184,178,179.5,3893,0
SCW,D,20251201,000000,180,180.5,174,175,3508,0
SCW,D,20251202,000000,175.5,178,174,177,1769,0
SCW,D,20251203,000000,177.5,177.5,166.5,169.5,5462,0
SCW,D,20251204,000000,170.5,172,162,169.5,2597,0
SCW,D,20251205,000000,169.5,173,166,168,2506,0
SCW,D,20251208,000000,172.5,172.5,168.5,171,1682,0
SCW,D,20251209,000000,171,172.5,165.5,169,2258,0
SCW,D,20251210,000000,166.5,171,166,170,1843,0
SCW,D,20251211,000000,171.5,172,168,171,1134,0
SCW,D,20251212,000000,171.5,171.5,166,168,3052,0
SCW,D,20251215,000000,169,169.5,159,160.5,6733,0
SCW,D,20251216,000000,160,162,155,156,7355,0
SCW,D,20251217,000000,170,171,162.5,166,5085,0
SCW,D,20251218,000000,166,166,160,160.5,1410,0
SCW,D,20251219,000000,161,163,157.5,160,3819,0
SCW,D,20251222,000000,161,171,158,170,5904,0
SCW,D,20251223,000000,174.5,178.5,170,177.5,6131,0
SCW,D,20251229,000000,178,179,175,177,3030,0
SCW,D,20251230,000000,178,178,171.5,174,2908,0
SCW,D,20260102,000000,174,182.5,174,181.5,9240,0
SCW,D,20260105,000000,180,185,179,179,5051,0
SCW,D,20260107,000000,179,179.5,173,175.5,6012,0
SCW,D,20260108,000000,173,182,170.5,177.5,6778,0
SCW,D,20260109,000000,179.5,184,174.5,183.5,7926,0
SCW,D,20260112,000000,184.5,204,181,201,18308,0
SCW,D,20260113,000000,203,215,200,214,16430,0
SCW,D,20260114,000000,216,216,201,211,7245,0
SCW,D,20260115,000000,212,224,206,223,6341,0
SCW,D,20260116,000000,222,241,220,237,12196,0
SCW,D,20260119,000000,239,260,234,237,17332,0
SCW,D,20260120,000000,239,239,216,218,22108,0
SCW,D,20260121,000000,217,226,216,220,7889,0
SCW,D,20260122,000000,227,255,220,250,18957,0
SCW,D,20260123,000000,248,256,241,245,8943,0
SCW,D,20260126,000000,250,258,242,252,9904,0
SCW,D,20260127,000000,252,255,239,255,10874,0
SCW,D,20260128,000000,257,273,255,264,12758,0
SCW,D,20260129,000000,270,280,260,262,16469,0
SCW,D,20260130,000000,268,281,265,281,12839,0
SCW,D,20260202,000000,280,280,265,275,10497,0
SCW,D,20260203,000000,277,277,269,270,6463,0
SCW,D,20260204,000000,271,271,247,249,14479,0
SCW,D,20260205,000000,253,254,225,230,18763,0
SCW,D,20260206,000000,227,250,222,250,11029,0
SCW,D,20260209,000000,252,263,247,250,10084,0
SCW,D,20260210,000000,252,255,232,243,6027,0
SCW,D,20260211,000000,241,253,237,243,3259,0
SCW,D,20260212,000000,249,249,238,239,3382,0
SCW,D,20260213,000000,237,249,233,249,5809,0
SCW,D,20260216,000000,249,251,243,245,3202,0
SCW,D,20260217,000000,250,266,247,257,10000,0
SCW,D,20260218,000000,265,276,264,276,12106,0
SCW,D,20260219,000000,277,296,272,296,23435,0
SCW,D,20260220,000000,294,306,284,290,20522,0
SCW,D,20260223,000000,297,299,286,295,6159,0
SCW,D,20260224,000000,298,299,287,294,4619,0
SCW,D,20260225,000000,296,296,290,296,4027,0
SCW,D,20260226,000000,298,312,294,306,11040,0
SCW,D,20260227,000000,311,332,306,330,18520,0
SCW,D,20260302,000000,319,340,306,331,14058,0
SCW,D,20260303,000000,338,338,307,313,19447,0
SCW,D,20260304,000000,308,334,308,327,7712,0
SCW,D,20260305,000000,334,369,331,361,19572,0
SCW,D,20260306,000000,361,365,345,359,11803,0
SCW,D,20260309,000000,350,350,337,345,10260,0
SCW,D,20260310,000000,349,362,347,350,8205,0
SCW,D,20260311,000000,356,357,339,351,4993,0
SCW,D,20260312,000000,352,352,324,334,6407,0
SCW,D,20260313,000000,334,336,317,325,8232,0
SCW,D,20260316,000000,325,329,306,326,9123,0
SCW,D,20260317,000000,329,347,320,343,7555,0
SCW,D,20260318,000000,348,359,344,355,6437,0
SCW,D,20260319,000000,354,354,341,348,3338,0
SCW,D,20260320,000000,351,355,338,343,2876,0
SCW,D,20260323,000000,335,337,307,327,16545,0
SCW,D,20260324,000000,331,331,318,321,4851,0
SCW,D,20260325,000000,324,348,324,337,6561,0
SCW,D,20260326,000000,338,352,325,333,7519,0
SCW,D,20260327,000000,340,345,320,320,5157,0
SCW,D,20260330,000000,321,328,305,313,8465,0
SCW,D,20260331,000000,314,323,308,319,6756,0
SCW,D,20260401,000000,327,340,320,334,9900,0
SCW,D,20260402,000000,334,334,312,321,10223,0
SCW,D,20260407,000000,323,332,312,314,9651,0
SCW,D,20260408,000000,328,349,324,339,14518,0
SCW,D,20260409,000000,342,359,328,359,11891,0
SCW,D,20260410,000000,364,410,360,410,40117,0
SCW,D,20260413,000000,400,412,390,405,10042,0
SCW,D,20260414,000000,408,416,398,399,7188,0
SCW,D,20260415,000000,399,410,398,405,4838,0
SCW,D,20260416,000000,410,411,385,398,7769,0
SCW,D,20260417,000000,407,457,398,455,28481,0
SCW,D,20260420,000000,452,474,436,462,11939,0
SCW,D,20260421,000000,468,468,445,460,9238,0
SCW,D,20260422,000000,463,468,438,452,11072,0
SCW,D,20260423,000000,450,450,410,444,14470,0
SCW,D,20260424,000000,448,448,425,430,3471,0
SCW,D,20260427,000000,430,433,405,416,9815,0
SCW,D,20260428,000000,415,419,374,379,20737,0
SCW,D,20260429,000000,372,382,341,368,22022,0
SCW,D,20260430,000000,364,373,355,363,6830,0
SCW,D,20260504,000000,363,395,358,367,10889,0
SCW,D,20260505,000000,367,376,358,368,5931,0
SCW,D,20260506,000000,372,403,371,385,15557,0
SCW,D,20260507,000000,396,397,346,358,21162,0
SCW,D,20260508,000000,359,368,350,350,5565,0
SCW,D,20260511,000000,356,361,341,341,9513,0
SCW,D,20260512,000000,344,346,335,338,7082,0
SCW,D,20260513,000000,336,357,324,341,13363,0
SCW,D,20260514,000000,342,357,339,350,9814,0
SCW,D,20260515,000000,353,355,340,344,4384,0
SCW,D,20260518,000000,344,366,344,348,11703,0
SCW,D,20260519,000000,350,352,315,320,21901,0
SCW,D,20260520,000000,337,348,324,345,11142,0
SCW,D,20260521,000000,348,362,340,359,17680,0
SCW,D,20260522,000000,360,396,348,392,36092,0
SCW,D,20260525,000000,409,422,380,385,22882,0
SCW,D,20260526,000000,385,390,367,374,12862,0
SCW,D,20260527,000000,376,379,346,364,18368,0
SCW,D,20260528,000000,340,363,335,347,16774,0
SCW,D,20260529,000000,349,380,348,359,15989,0
SCW,D,20260601,000000,372,375,337,362,13327,0
SCW,D,20260602,000000,357,375,345,356,13834,0
SCW,D,20260603,000000,353,359,347,351,6177,0
SCW,D,20260605,000000,356,369,349,349,6166,0
SCW,D,20260608,000000,343,367,336,367,12236,0
SCW,D,20260609,000000,368,368,352,356,5465,0
SCW,D,20260610,000000,356,363,341,356,7478,0
SCW,D,20260611,000000,356,379,351,372,18160,0
SCW,D,20260612,000000,380,385,342,342,33288,0
SCW,D,20260615,000000,360,360,329,330,13126,0
SCW,D,20260616,000000,330,344,325,330,8941,0
SCW,D,20260617,000000,335,342,321,328,7214,0
SCW,D,20260618,000000,320,329,318,322,6551,0
SCW,D,20260619,000000,323,325,291,304,15073,0
SCW,D,20260622,000000,295,320,284,310,19915,0
SCW,D,20260623,000000,309,313,293,302,7584,0
SCW,D,20260624,000000,307,310,300,306,6977,0
SCW,D,20260625,000000,310,328,310,311,8819,0
SCW,D,20260626,000000,311,314,292,300,8316,0
SCW,D,20260629,000000,300,310,289,302,4850,0
SCW,D,20260630,000000,305,305,289,299,23595,0
SCW,D,20260701,000000,301,335,295,330,22046,0
SCW,D,20260702,000000,332,332,304,308,22989,0
SCW,D,20260703,000000,311,326,310,324,11037,0
SCW,D,20260706,000000,327,332,316,321,9226,0
SCW,D,20260707,000000,321,322,310,316,6965,0
SCW,D,20260708,000000,315,320,307,318,9970,0
SCW,D,20260709,000000,319,327,316,320,8023,0
SCW,D,20260710,000000,323,327,310,318,6247,0
SCW,D,20260713,000000,322,330,312,329,6324,0
SCW,D,20260714,000000,332,332,313,316,8376,0
SCW,D,20260715,000000,318,318,294,301,17418,0
SCW,D,20260716,000000,303,305,296,297,5597,0
SCW,D,20260717,000000,293,297,274,284,17808,0
SCW,D,20260720,000000,287,294,262,264,15065,0
SCW,D,20260721,000000,263,293,252,292,20983,0
SCW,D,20260722,000000,292,297,281,283,5161,0
SCW,D,20260723,000000,282,292,275,278,6342,0
SCW,D,20260724,000000,277,298,277,280,5169,0
SCW,D,20260727,000000,286,286,265,269,10016,0
SCW,D,20260728,000000,270,274,260,262,8328,0
SCW,D,20260729,000000,256,263,241,247,25239,0
SCW,D,20260730,000000,245,265,239,262,11866,0
SCW,D,20260731,000000,265,270,258,262,3853,0
SCW,D,20260803,000000,262,269,252,260,6406,0
SCW,D,20260804,000000,262,288,262,286,16484,0
SCW,D,20260805,000000,290,290,275,279,7304,0
SCW,D,20260806,000000,279,288,276,282,5695,0
SCW,D,20260807,000000,287,295,285,292,8806,0
SCW,D,20260810,000000,293,306,292,298,13289,0
SCW,D,20260811,000000,298,303,293,296,5635,0
SCW,D,20260812,000000,299,299,288,293,3762,0
SCW,D,20260813,000000,293,297,285,289,4249,0
SCW,D,20260814,000000,290,290,281,281,3500,0
SCW,D,20260817,000000,280,284,272,282,3203,0
SCW,D,20260818,000000,282,283,272,273,3527,0
