<TICKER>,<PER>,<DATE>,<TIME>,<OPEN>,<HIGH>,<LOW>,<CLOSE>,<VOL>,<OPENINT>
SHO,D,20210709,000000,51.1564,54.4904,49.7262,49.7262,1222369.9395214408,0
SHO,D,20210712,000000,49.7356,52.4729,49.2525,52.3972,151291.48874969064,0
SHO,D,20210713,000000,52.4729,56.8867,52.4729,56.8867,230973.48877004161,0
SHO,D,20210714,000000,58.7243,60.8081,57.2277,57.3982,163217.6053522702,0
SHO,D,20210715,000000,57.5877,59.482,57.4077,58.5348,46526.21338903088,0
SHO,D,20210716,000000,58.7243,58.8663,58.1939,58.44,39925.46259234777,0
SHO,D,20210719,000000,58.62,58.62,56.0153,57.3224,65915.65490871816,0
SHO,D,20210720,000000,57.313,61.5658,56.9341,61.5658,102731.83869488744,0
SHO,D,20210721,000000,61.8498,62.9864,59.2925,61.5658,19023.08506951877,0
SHO,D,20210722,000000,62.4182,62.4182,59.6619,59.6619,9033.273163214806,0
SHO,D,20210723,000000,59.6715,61.1869,58.8379,61.1869,71471.18125103106,0
SHO,D,20210726,000000,62.0393,62.0393,60.1544,60.8553,3871.5536102745073,0
SHO,D,20210727,000000,60.8553,61.9351,59.482,60.6186,7074.797039119028,0
SHO,D,20210728,000000,60.6186,60.628,58.7621,59.5578,127032.77936783394,0
SHO,D,20210729,000000,59.2925,60.145,59.1978,60.145,34635.993383873465,0
SHO,D,20210730,000000,59.6715,59.6715,58.5442,58.7243,22577.90399665079,0
SHO,D,20210802,000000,58.7243,58.7243,57.8718,58.7243,27890.600415222398,0
SHO,D,20210803,000000,58.8189,59.1978,55.9775,58.7243,157920.74566785418,0
SHO,D,20210804,000000,58.7243,59.6715,57.7771,59.6715,2104.1740783411765,0
SHO,D,20210805,000000,58.2601,60.145,58.2507,59.6524,100972.90542117061,0
SHO,D,20210806,000000,59.6619,59.6619,58.2601,58.9136,66657.86984954726,0
SHO,D,20210809,000000,57.7771,58.6958,57.1141,58.2033,54813.04848230719,0
SHO,D,20210810,000000,58.2033,58.298,58.2033,58.298,4568.369913187291,0
SHO,D,20210811,000000,58.2507,58.7053,57.7771,58.7053,2164.3536681381897,0
SHO,D,20210812,000000,58.7053,58.7053,57.7865,58.5348,1955.3087772643546,0
SHO,D,20210813,000000,58.5442,59.6715,58.5348,59.6715,8609.904470081432,0
SHO,D,20210816,000000,59.6715,60.0503,55.5039,57.8434,63022.81146935296,0
SHO,D,20210817,000000,58.7243,64.4071,58.7243,62.9864,138944.11501853212,0
SHO,D,20210818,000000,63.4601,64.2083,63.4316,63.6968,36572.298080149696,0
SHO,D,20210819,000000,64.1136,64.3125,63.4601,63.9336,31412.690091763994,0
SHO,D,20210820,000000,63.981,65.3544,63.981,65.3355,10564.15746506823,0
SHO,D,20210823,000000,65.3544,71.0279,64.4071,71.0185,15947.591296208984,0
SHO,D,20210824,000000,70.0996,75.2997,66.9172,69.143,76402.74026755482,0
SHO,D,20210825,000000,69.7208,71.0373,69.1525,69.6166,22876.690381081884,0
SHO,D,20210826,000000,71.0279,71.0279,67.0593,67.0593,3415.455666549777,0
SHO,D,20210827,000000,69.9007,69.9007,63.9999,65.5912,9113.51261627749,0
SHO,D,20210830,000000,66.3015,66.3015,64.8808,64.8808,3233.861114881597,0
SHO,D,20210831,000000,64.8903,66.7752,64.8808,66.3015,10479.694882896985,0
SHO,D,20210901,000000,65.828,66.3015,65.3639,65.4586,2652.125080177138,0
SHO,D,20210902,000000,65.4586,65.9133,64.8808,65.5437,20865.425143129596,0
SHO,D,20210903,000000,65.7332,65.7332,63.9241,64.3978,1528.77273729956,0
SHO,D,20210906,000000,64.3978,64.4071,60.0124,64.2083,26770.415419176137,0
SHO,D,20210907,000000,63.4601,64.2083,63.2706,64.1136,5885.986195058735,0
SHO,D,20210908,000000,64.1136,64.2083,61.5658,62.0393,59229.385747586544,0
SHO,D,20210909,000000,61.5658,62.5129,60.6186,62.5129,8541.278622067293,0
SHO,D,20210910,000000,61.3385,62.5129,61.3385,62.134,5983.118164555669,0
SHO,D,20210913,000000,63.4601,63.4601,60.1544,60.8081,64524.13386744604,0
SHO,D,20210914,000000,62.4182,62.4182,60.6186,62.4182,7754.720825597562,0
SHO,D,20210915,000000,62.5035,63.4601,61.5658,62.5129,2254.095161695139,0
SHO,D,20210916,000000,62.5129,62.9864,62.4751,62.5413,6649.316781431374,0
SHO,D,20210917,000000,62.5129,66.0174,62.5129,65.7332,4818.590312869607,0
SHO,D,20210920,000000,65.8185,66.0932,63.4601,64.4071,7782.171164803216,0
SHO,D,20210921,000000,64.3787,67.2487,64.3787,67.2487,1581.561851156589,0
SHO,D,20210922,000000,67.2392,67.2487,66.311,67.0593,28756.34188247767,0
SHO,D,20210923,000000,67.0403,67.0403,66.311,66.3205,629.2462371757858,0
SHO,D,20210924,000000,66.311,66.311,62.4655,62.9864,7685.039195306284,0
SHO,D,20210927,000000,63.138,66.3015,63.138,66.3015,14908.701535502238,0
SHO,D,20210928,000000,65.828,65.828,62.5697,64.8808,8785.164328086768,0
SHO,D,20210929,000000,63.4695,63.4695,62.9864,63.2706,25359.890296916736,0
SHO,D,20210930,000000,63.4506,63.4601,62.5413,63.2706,3429.1808361526046,0
SHO,D,20211001,000000,63.4601,63.4601,61.5658,61.5751,3163.123702313178,0
SHO,D,20211004,000000,61.7552,61.8498,61.5658,61.8498,1145.5237706975297,0
SHO,D,20211005,000000,61.7078,63.2612,61.5658,62.5129,16126.018501045637,0
SHO,D,20211006,000000,62.5129,63.2706,62.5129,63.2706,53906.13150624353,0
SHO,D,20211007,000000,63.2706,64.786,62.5129,64.786,1773.7142255961749,0
SHO,D,20211008,000000,63.4695,64.786,63.2896,63.299,10555.711206851312,0
SHO,D,20211011,000000,63.3748,64.786,63.3654,64.786,1260.6040389058528,0
SHO,D,20211012,000000,64.4071,65.7332,63.9241,65.7332,5404.5494766826305,0
SHO,D,20211013,000000,65.7332,66.1974,65.0798,65.4491,1240.5441756401817,0
SHO,D,20211014,000000,64.4167,66.4909,64.4167,66.4909,1804.3319116332514,0
SHO,D,20211015,000000,66.3015,66.311,65.3259,66.3015,1319.7278464257251,0
SHO,D,20211018,000000,66.3015,66.6803,65.3544,66.4909,2802.0461635311,0
SHO,D,20211019,000000,66.311,68.1959,66.311,67.2487,46388.9616930026,0
SHO,D,20211020,000000,67.2487,67.817,66.5763,67.6275,39567.55240039722,0
SHO,D,20211021,000000,67.2487,69.2473,66.9741,69.2473,21050.18704162868,0
SHO,D,20211022,000000,69.143,71.0185,69.143,70.8291,70191.5731311375,0
SHO,D,20211025,000000,70.0996,71.975,70.0902,70.7438,6615.531748562875,0
SHO,D,20211026,000000,71.0279,71.0373,70.0902,71.0373,14368.141009606052,0
SHO,D,20211027,000000,70.9427,71.0185,68.7169,70.6585,216139.74777622166,0
SHO,D,20211028,000000,70.5638,71.0089,70.5638,70.5638,6126.704554246787,0
SHO,D,20211029,000000,70.5638,70.6017,70.0902,70.4691,10308.658154000625,0
SHO,D,20211102,000000,71.0373,71.975,71.0373,71.7004,1643.8530055078834,0
SHO,D,20211103,000000,71.6909,73.7273,71.1037,73.6799,3297.208051510032,0
SHO,D,20211104,000000,73.6894,75.2807,73.2159,74.4472,9712.1411674162,0
SHO,D,20211105,000000,74.5988,76.4173,74.3714,76.1521,5080.424317600472,0
SHO,D,20211108,000000,76.9951,81.4562,76.9951,78.6147,5713.89368388482,0
SHO,D,20211109,000000,79.5618,84.7618,77.999,83.1611,253745.65670569398,0
SHO,D,20211110,000000,84.2977,87.0255,78.2359,80.7932,225053.71754211368,0
SHO,D,20211112,000000,81.4562,83.3506,81.4562,81.4562,4624.326373875741,0
SHO,D,20211115,000000,82.4034,83.8241,81.9298,83.3506,7844.462319154511,0
SHO,D,20211116,000000,82.8769,82.8769,81.4562,81.9298,111054.57038558486,0
SHO,D,20211117,000000,81.6456,83.0664,81.6456,81.8446,85085.49371475934,0
SHO,D,20211118,000000,81.4751,82.4034,80.509,82.4034,59446.87689667709,0
SHO,D,20211119,000000,83.0664,83.0664,75.8679,80.4995,39982.47483531378,0
SHO,D,20211122,000000,79.0504,79.0504,73.7178,75.7732,41160.72785660224,0
SHO,D,20211123,000000,72.9316,74.3619,67.4666,69.7113,23651.634572503488,0
SHO,D,20211124,000000,69.6166,71.0373,66.3015,66.3015,13012.516565757132,0
SHO,D,20211125,000000,66.3015,66.3015,65.3733,66.3015,6682.046032022732,0
SHO,D,20211126,000000,66.3015,66.3015,62.0867,64.8808,29157.539147791093,0
SHO,D,20211129,000000,65.3544,65.3544,63.4601,63.4601,6654.595692817077,0
SHO,D,20211130,000000,63.9336,65.6195,63.2706,65.6102,6284.016113540733,0
SHO,D,20211201,000000,66.3015,68.1865,65.828,66.3015,6731.6677990483395,0
SHO,D,20211202,000000,69.9007,70.4595,67.2772,68.1959,7445.376618395371,0
SHO,D,20211203,000000,69.9955,69.9955,69.0484,69.0484,4501.8556297274345,0
SHO,D,20211206,000000,70.5733,71.9845,68.6695,69.1337,16580.004880216085,0
SHO,D,20211207,000000,69.143,69.143,67.8738,69.143,4452.233862701827,0
SHO,D,20211208,000000,69.143,69.143,68.3569,69.143,1567.8366815537615,0
SHO,D,20211209,000000,69.143,70.9711,68.0064,69.143,8703.869092746943,0
SHO,D,20211210,000000,69.143,69.9007,66.8793,67.4382,2530.710118305971,0
SHO,D,20211213,000000,68.9442,68.9442,67.6181,68.9157,540.5605258959771,0
SHO,D,20211214,000000,68.8589,72.9316,64.4071,64.4545,4435.341346267577,0
SHO,D,20211215,000000,65.1649,65.1649,63.4506,64.4071,53166.02812996789,0
SHO,D,20211216,000000,64.5114,66.7752,64.5114,66.5857,4367.77128053058,0
SHO,D,20211217,000000,66.5667,66.5857,65.828,66.3015,11781.474430611632,0
SHO,D,20211220,000000,65.828,66.3015,64.8618,64.8618,9271.879957848576,0
SHO,D,20211221,000000,64.2178,65.2975,63.7632,64.3978,1012.4952037778165,0
SHO,D,20211222,000000,63.4885,65.7711,63.479,64.502,3155.733226373194,0
SHO,D,20211223,000000,63.6685,65.7806,63.6685,65.3355,5503.793010733845,0
SHO,D,20211227,000000,65.3355,65.9226,63.5643,64.4071,1536.1632132395443,0
SHO,D,20211228,000000,65.2597,65.3544,63.6116,65.3544,8789.38745719533,0
SHO,D,20211229,000000,65.3449,67.817,64.464,67.817,727.4339889498599,0
SHO,D,20211230,000000,67.836,68.66,64.4167,65.3544,15245.496081909978,0
SHO,D,20220103,000000,69.143,69.143,66.1026,66.3205,1147.6353352518106,0
SHO,D,20220104,000000,66.7752,66.7752,65.7332,65.9226,1314.4489350400222,0
SHO,D,20220105,000000,66.311,67.8076,65.3544,67.6275,1900.4080988530445,0
SHO,D,20220107,000000,69.1999,69.6166,64.786,64.8808,1817.0012989589384,0
SHO,D,20220110,000000,64.8808,66.3015,64.8808,64.8808,6777.066436965385,0
SHO,D,20220111,000000,65.3544,65.3544,63.3654,65.3544,3628.7236865321743,0
SHO,D,20220112,000000,66.1784,66.1784,63.5074,63.5074,3136.7291453846638,0
SHO,D,20220113,000000,64.3978,64.4071,63.7442,64.3125,15203.264790824356,0
SHO,D,20220114,000000,64.4071,64.8524,63.3654,63.3654,2113.6761188354417,0
SHO,D,20220117,000000,64.8524,64.8524,62.996,62.996,1531.940084130982,0
SHO,D,20220118,000000,62.996,64.2178,62.9864,62.9864,661.9754877671438,0
SHO,D,20220119,000000,63.2706,63.5548,59.3019,61.5658,4444.843386761842,0
SHO,D,20220120,000000,60.6375,61.6604,60.6375,60.6375,33161.06554270838,0
SHO,D,20220121,000000,60.6186,60.6186,55.9775,56.9246,76667.7416191172,0
SHO,D,20220124,000000,56.8299,56.9246,49.7262,50.484,9324.669071705604,0
SHO,D,20220125,000000,51.6205,56.5457,51.6205,53.9884,5708.614772499117,0
SHO,D,20220126,000000,54.9356,55.5796,53.2307,53.2495,7559.401104326555,0
SHO,D,20220127,000000,53.2591,53.2591,50.2945,52.0941,2811.5482040253646,0
SHO,D,20220128,000000,52.4729,52.8044,50.484,50.484,47666.45824834271,0
SHO,D,20220131,000000,53.799,53.799,51.289,51.7152,3907.4502076972876,0
SHO,D,20220201,000000,51.6299,53.9884,51.6299,53.6095,2013.3768025070865,0
SHO,D,20220202,000000,53.0413,54.6135,53.0413,53.6095,2919.237996293705,0
SHO,D,20220203,000000,54.083,54.083,52.0941,53.0413,1691.3632079792094,0
SHO,D,20220204,000000,52.8518,52.9371,52.0941,52.8518,7579.460967592226,0
SHO,D,20220207,000000,52.0941,52.0941,51.1469,51.3363,26211.906594568874,0
SHO,D,20220208,000000,52.0941,52.0941,50.484,50.484,1480.2067525510936,0
SHO,D,20220209,000000,51.6205,51.6205,50.484,50.5786,27395.43852724357,0
SHO,D,20220210,000000,51.5732,51.6205,50.6734,51.5068,2646.8461687914346,0
SHO,D,20220211,000000,52.0941,53.0318,50.4175,50.6734,35453.168866380685,0
SHO,D,20220214,000000,48.779,48.779,46.79,47.0741,7368.304512164109,0
SHO,D,20220215,000000,48.3244,48.921,47.0741,47.8318,24370.622303236327,0
SHO,D,20220216,000000,47.3678,49.2525,44.0432,44.6683,4032.032516399876,0
SHO,D,20220217,000000,44.7535,45.3881,43.5696,43.5696,2146.4053694267996,0
SHO,D,20220218,000000,43.5696,44.4126,43.5696,44.0432,2136.9033289325344,0
SHO,D,20220221,000000,42.7172,44.5167,38.9664,42.8971,6694.715419348419,0
SHO,D,20220222,000000,42.8971,44.1378,41.68,42.6224,14108.418569429885,0
SHO,D,20220223,000000,44.5167,48.3054,43.5696,46.4111,98948.97079589243,0
SHO,D,20220224,000000,42.6224,47.5571,39.7809,46.4111,19812.810212819713,0
SHO,D,20220225,000000,46.4111,48.779,46.3779,47.3582,11020.255408793168,0
SHO,D,20220228,000000,48.3054,48.3054,45.4639,47.3582,40833.43535068866,0
SHO,D,20220301,000000,47.3535,47.5193,44.9335,45.4639,10103.836392235353,0
SHO,D,20220302,000000,42.6224,45.3266,42.6224,44.5167,5191.281456700232,0
SHO,D,20220303,000000,43.6643,45.3503,43.6643,45.3503,62295.37748040321,0
SHO,D,20220304,000000,43.7589,44.8057,43.7589,44.0432,1037.8339784291904,0
SHO,D,20220307,000000,43.5696,47.254,40.8465,45.4639,9410.18743615399,0
SHO,D,20220308,000000,46.4111,46.4111,44.5215,45.4639,964.9850013064904,0
SHO,D,20220309,000000,46.4111,46.4111,44.5215,44.5451,27479.90110941481,0
SHO,D,20220310,000000,46.4063,48.5897,45.4592,48.5897,13140.266221291246,0
SHO,D,20220311,000000,48.6843,51.9521,48.6843,51.1469,4625.382156152882,0
SHO,D,20220314,000000,51.1469,54.5946,49.8209,51.1469,11390.834988069617,0
SHO,D,20220315,000000,51.6205,52.0941,51.1564,52.0941,760.1632395412176,0
SHO,D,20220316,000000,52.7382,55.5607,52.0941,54.7461,3234.916897158738,0
SHO,D,20220317,000000,53.9884,56.3563,53.9884,56.0532,9659.352053559169,0
SHO,D,20220318,000000,56.2048,56.3563,54.4714,55.8827,2560.272022065907,0
SHO,D,20220321,000000,55.8827,56.0343,54.4619,56.0343,26108.439931409303,0
SHO,D,20220322,000000,56.2616,56.2616,55.4091,55.8827,1591.0638916508544,0
SHO,D,20220323,000000,55.8827,55.8827,53.9884,53.9884,15344.739615961607,0
SHO,D,20220324,000000,54.9356,55.4091,54.7461,54.8408,713.7088193470323,0
SHO,D,20220325,000000,54.9356,56.8299,54.7461,56.7352,3437.627094369729,0
SHO,D,20220328,000000,56.7352,56.7352,55.608,56.631,458.2095082790118,0
SHO,D,20220329,000000,56.8204,56.8204,54.5567,54.5567,4756.2991585183145,0
SHO,D,20220330,000000,54.5567,55.8733,54.5567,55.788,13035.743775854433,0
SHO,D,20220331,000000,55.8827,55.8827,52.3309,52.5676,4708.7889560469885,0
SHO,D,20220401,000000,52.2836,55.4091,52.2836,55.4091,31382.07240572702,0
SHO,D,20220404,000000,55.4091,55.4091,53.9884,54.9356,1708.2557244134587,0
SHO,D,20220405,000000,53.5242,54.4526,52.2836,53.5148,3305.654309727157,0
SHO,D,20220406,000000,52.293,53.5054,51.1469,51.9046,1909.9101393473097,0
SHO,D,20220407,000000,53.316,53.3253,52.0941,52.4729,1081.1210517919542,0
SHO,D,20220408,000000,50.5218,50.5786,49.2525,49.7072,3454.519610803978,0
SHO,D,20220411,000000,47.3582,49.2525,47.3582,48.6843,3168.402613698882,0
SHO,D,20220412,000000,49.0632,49.0632,47.1688,47.3582,2502.2039968231747,0
SHO,D,20220413,000000,47.3582,47.3582,44.9904,46.4111,1531.940084130982,0
SHO,D,20220414,000000,46.4111,46.4111,43.5223,45.6534,5463.673284202503,0
SHO,D,20220419,000000,45.6534,46.3164,44.2327,45.227,2244.5931212008736,0
SHO,D,20220420,000000,45.2745,46.5058,45.1324,45.1324,43977.55497201415,0
SHO,D,20220421,000000,45.1798,47.7371,45.1798,47.453,993.4911227892861,0
SHO,D,20220422,000000,47.3108,47.3108,44.5641,44.7062,1330.2856691971313,0
SHO,D,20220425,000000,43.7117,43.7117,42.5277,42.5277,5544.968519542327,0
SHO,D,20220426,000000,41.6752,42.6224,39.2126,39.2126,23501.713489149315,0
SHO,D,20220427,000000,39.0706,45.2745,39.0232,44.9904,2684.854330768496,0
SHO,D,20220428,000000,44.9904,44.9904,42.6224,43.2854,1704.0325953048966,0
SHO,D,20220429,000000,42.7646,43.5223,41.2964,41.2964,672.5333105385497,0
SHO,D,20220502,000000,42.1488,42.6224,40.8702,42.6224,323.06937680501755,0
SHO,D,20220504,000000,41.2017,42.1488,40.8228,41.1543,3034.318264502028,0
SHO,D,20220505,000000,41.3911,42.1488,40.8228,41.2017,1467.5373652254066,0
SHO,D,20220506,000000,40.8702,40.9175,38.6443,38.9284,3574.878790398005,0
SHO,D,20220509,000000,39.923,40.3019,38.7391,38.7391,299.8421667079248,0
SHO,D,20220510,000000,39.7809,39.7809,35.8029,36.0396,1900.4080988530445,0
SHO,D,20220511,000000,36.1818,37.5078,32.7246,33.1508,3471.4121272382276,0
SHO,D,20220512,000000,33.8138,34.5715,30.4513,30.7828,12762.296166075124,0
SHO,D,20220513,000000,32.2036,33.1508,31.3511,31.3985,15519.99947396653,0
SHO,D,20220516,000000,33.1508,33.1508,30.5934,32.1562,2057.7196581469907,0
SHO,D,20220517,000000,32.1562,32.1562,27.7519,29.5989,236454.05457067746,0
SHO,D,20220518,000000,29.741,31.73,29.6462,31.4459,6040.13040752126,0
SHO,D,20220519,000000,30.925,31.73,29.3621,31.73,2734.4760977941028,0
SHO,D,20220520,000000,31.73,33.1508,31.2565,32.2036,2040.8271417127416,0
SHO,D,20220523,000000,33.1508,34.4768,33.1508,34.4768,1439.0312437426107,0
SHO,D,20220524,000000,34.5715,34.5715,32.3931,32.3931,2477.9210044489423,0
SHO,D,20220525,000000,33.9086,34.0979,33.1508,33.6243,512.0544044131815,0
SHO,D,20220526,000000,34.0979,34.0979,32.2509,32.8666,2550.769981571642,0
SHO,D,20220527,000000,33.1508,33.1508,30.3093,31.1617,2230.867951598046,0
SHO,D,20220530,000000,31.2565,31.6827,29.4096,29.8357,23853.28898743744,0
SHO,D,20220531,000000,29.8357,34.0979,29.5516,33.1508,387097.2930022127,0
SHO,D,20220601,000000,33.1508,34.0979,33.1508,34.0979,5043.471937900552,0
SHO,D,20220602,000000,34.0979,34.0979,32.3457,33.6243,901.6380646780555,0
SHO,D,20220603,000000,33.5297,33.5297,32.3931,33.3402,308.2884249250494,0
SHO,D,20220606,000000,33.4349,33.4349,32.3931,33.4349,739.0475939984061,0
SHO,D,20220607,000000,35.0452,35.0452,32.3931,33.1508,1673.4149092678197,0
SHO,D,20220608,000000,33.9086,33.9086,31.588,32.2036,1535.1074309624034,0
SHO,D,20220609,000000,33.1035,33.1508,30.6882,31.4459,13763.17776480419,0
SHO,D,20220610,000000,30.7355,31.2565,30.3093,31.2565,122.47074414830732,0
SHO,D,20220613,000000,30.3093,31.2565,28.0361,28.415,2976.2502392592955,0
SHO,D,20220614,000000,28.6044,28.6518,27.9414,27.9414,2345.9482198063697,0
SHO,D,20220615,000000,28.3676,28.415,28.0361,28.415,254.44352879087987,0
SHO,D,20220617,000000,28.4623,30.6882,28.415,30.2146,1986.9822455785722,0
SHO,D,20220620,000000,29.5516,29.5516,28.6991,29.3621,847.7931685438859,0
SHO,D,20220621,000000,29.3147,30.4988,29.3147,29.8357,787.6135787468728,0
SHO,D,20220622,000000,30.1199,30.1199,29.1727,29.6936,740.1033762755468,0
SHO,D,20220623,000000,29.9304,29.9304,29.1727,29.8357,153.08843018538414,0
SHO,D,20220624,000000,30.2146,31.3511,29.1727,31.2565,538.448961341696,0
SHO,D,20220627,000000,31.2565,31.2565,30.4039,31.2565,258.66665789944216,0
SHO,D,20220628,000000,30.3093,31.2565,30.3093,30.4988,1001.9373810064106,0
SHO,D,20220629,000000,30.4988,32.2036,29.4096,32.2036,5296.859684414291,0
SHO,D,20220630,000000,33.6243,33.9086,32.2036,33.8612,3254.976760424409,0
SHO,D,20220701,000000,33.9086,34.0979,32.772,33.9086,2757.703307891196,0
SHO,D,20220704,000000,32.8192,34.0979,32.8192,33.8612,661.9754877671438,0
SHO,D,20220705,000000,33.8612,35.2819,33.577,35.2819,6346.307267892028,0
SHO,D,20220706,000000,35.0452,36.75,34.0979,34.9504,3763.8638180061685,0
SHO,D,20220707,000000,34.9504,38.1233,34.9504,38.0287,24541.659032133306,0
SHO,D,20220708,000000,38.0287,38.7391,34.6663,36.75,16585.283791601272,0
SHO,D,20220711,000000,36.8921,42.6224,35.566,39.7809,4972.734525332133,0
SHO,D,20220712,000000,39.7809,42.1962,37.8867,40.728,15099.798127664786,0
SHO,D,20220713,000000,39.7809,40.3019,36.3711,37.8867,32468.472368904575,0
SHO,D,20220714,000000,36.9395,37.8867,36.9395,37.8867,197.4312858252885,0
SHO,D,20220715,000000,36.0396,38.3602,36.0396,36.8921,440.2612095676219,0
SHO,D,20220718,000000,36.087,38.2655,36.0396,37.934,16778.491948318308,0
SHO,D,20220719,000000,37.8867,37.8867,36.1344,36.1818,1349.2897501856617,0
SHO,D,20220720,000000,36.1818,36.2764,36.1818,36.2764,138.307478305416,0
SHO,D,20220721,000000,36.9395,37.3656,36.9395,37.271,581.7360347044597,0
SHO,D,20220722,000000,36.75,37.3656,36.087,37.3656,143.5863896911189,0
SHO,D,20220725,000000,37.3656,37.3656,36.9395,37.2236,530.0027031245712,0
SHO,D,20220727,000000,36.9395,37.413,36.1818,36.1818,100.29931632835512,0
SHO,D,20220728,000000,36.1818,36.75,35.9923,36.087,1273.2734262315398,0
SHO,D,20220729,000000,36.6079,36.6079,35.9923,35.9923,2423.020326037632,0
SHO,D,20220801,000000,36.5606,36.9395,35.9923,35.9923,448.7074677847466,0
SHO,D,20220802,000000,35.9923,35.9923,35.8502,35.8502,584.9033815358814,0
SHO,D,20220803,000000,35.8502,37.6498,35.8502,37.6498,41166.00676798847,0
SHO,D,20220804,000000,36.1344,37.413,35.8975,37.413,1384.1305653313007,0
SHO,D,20220805,000000,36.1344,36.6553,35.8029,36.6553,243.88570601947404,0
SHO,D,20220808,000000,36.6553,36.6553,35.9923,36.6079,368.46801472206255,0
SHO,D,20220809,000000,36.6079,36.6553,33.6243,34.8557,441.3169918447625,0
SHO,D,20220810,000000,35.8975,36.6079,35.566,36.6079,249.16461740517695,0
SHO,D,20220811,000000,36.6079,36.6553,35.6134,36.6079,355.79862739637554,0
SHO,D,20220812,000000,35.6134,36.4659,35.5187,35.5187,479.32515382182345,0
SHO,D,20220816,000000,34.6663,35.9923,33.6717,35.0452,4976.9576544406955,0
SHO,D,20220817,000000,34.0979,35.0452,34.0979,34.5715,349.4639337335321,0
SHO,D,20220818,000000,34.4768,35.0452,34.4768,34.4768,645.0829713328945,0
SHO,D,20220819,000000,34.1452,34.4768,33.6717,34.4768,292.4516907679407,0
SHO,D,20220822,000000,34.1452,34.9504,34.1452,34.9504,611.297938464396,0
SHO,D,20220823,000000,34.1452,34.1452,31.2565,32.3931,4170.339994705292,0
SHO,D,20220824,000000,32.914,32.914,30.6882,32.772,1811.7223875732357,0
SHO,D,20220825,000000,31.3511,32.2036,31.3511,32.2036,304.0652958164871,0
SHO,D,20220826,000000,31.3985,33.056,31.3985,33.056,781.2788850840293,0
SHO,D,20220829,000000,32.772,32.772,31.2565,32.6771,147.80951879968123,0
SHO,D,20220830,000000,32.6771,32.6771,30.3093,30.3093,826.6775230010743,0
SHO,D,20220831,000000,30.8302,32.1089,29.1727,29.1727,7474.938522155308,0
SHO,D,20220901,000000,30.3093,31.1617,30.3093,30.3093,888.9686773523686,0
SHO,D,20220902,000000,30.3093,30.3093,29.5516,30.3093,40046.877554219456,0
SHO,D,20220905,000000,29.5516,31.588,29.5516,30.3093,24405.463118381234,0
SHO,D,20220906,000000,29.8357,31.0197,29.4568,29.5516,6212.2229186951745,0
SHO,D,20220907,000000,30.3093,32.6771,29.4568,32.6771,236570.19062116393,0
SHO,D,20220908,000000,32.5825,32.5825,32.0142,32.0142,87.62992900266816,0
SHO,D,20220909,000000,31.4459,32.2036,30.7828,31.73,1261.6598211829933,0
SHO,D,20220912,000000,32.3931,32.3931,31.2565,32.2036,704.2067788527671,0
SHO,D,20220913,000000,32.3931,32.6771,31.4933,32.6771,3752.250212957622,0
SHO,D,20220914,000000,32.2036,32.2036,31.1144,31.9194,10491.308487945635,0
SHO,D,20220915,000000,31.9194,32.1089,31.2565,32.1089,4411.058353893343,0
SHO,D,20220916,000000,32.1089,32.1089,32.1089,32.1089,169.98094661963344,0
SHO,D,20220919,000000,31.067,32.2036,31.067,32.2036,652.4734472728786,0
SHO,D,20220920,000000,32.2036,32.2983,31.067,32.2983,78.12788850840295,0
SHO,D,20220921,000000,31.067,32.6771,31.067,32.6771,860.4625558695728,0
SHO,D,20220922,000000,32.2036,34.8557,32.2036,34.6663,3487.2488613953365,0
SHO,D,20220923,000000,34.7136,34.7136,33.1508,33.1508,59.12380751987249,0
SHO,D,20220926,000000,33.1508,33.1508,31.73,32.2036,1223.6516592059322,0
SHO,D,20220927,000000,32.2036,32.772,30.4988,31.73,705.2625611299076,0
SHO,D,20220928,000000,31.6354,32.5351,31.2565,31.2565,10713.022766145155,0
SHO,D,20220929,000000,32.2036,32.2036,32.2036,32.2036,2246.7046857551545,0
SHO,D,20220930,000000,32.2036,34.2401,32.2036,32.6771,34702.50766733363,0
SHO,D,20221003,000000,31.2565,34.0979,31.2565,34.0979,500.44079936463504,0
SHO,D,20221004,000000,34.0979,35.3767,32.2983,32.2983,2170.6883618010324,0
SHO,D,20221005,000000,34.0979,34.0979,33.0086,33.0086,76.01632395412177,0
SHO,D,20221006,000000,34.0979,34.0979,34.0979,34.0979,108.74557454547976,0
SHO,D,20221007,000000,33.7663,33.7663,33.0086,33.0086,228.04897186236533,0
SHO,D,20221010,000000,32.7246,32.7246,30.6882,32.0142,13164.54921366579,0
SHO,D,20221011,000000,31.73,31.73,29.5516,31.2565,11027.645884732841,0
SHO,D,20221012,000000,31.8721,32.1089,31.8721,32.1089,147.80951879968123,0
SHO,D,20221013,000000,32.1089,32.1089,30.7828,31.2565,85.518364448387,0
SHO,D,20221014,000000,31.2565,32.2036,30.7828,31.2565,3616.054299206487,0
SHO,D,20221017,000000,30.6408,31.2565,30.2619,31.2565,400.1414830362799,0
SHO,D,20221019,000000,30.3093,32.2036,29.8357,30.8776,2259.3740730808418,0
SHO,D,20221020,000000,30.7828,30.7828,30.6408,30.6408,55.956460688450754,0
SHO,D,20221021,000000,30.5934,32.0142,30.5934,30.8776,21688.935319299253,0
SHO,D,20221024,000000,31.1617,31.1617,29.8357,30.1199,3044.8760872734333,0
SHO,D,20221025,000000,30.3093,30.3093,29.8357,30.2146,84.46258217124642,0
SHO,D,20221026,000000,30.3093,30.4513,29.1727,29.1727,3206.4107756759427,0
SHO,D,20221027,000000,29.1727,29.3621,28.0835,28.3202,40643.39454080336,0
SHO,D,20221028,000000,29.3147,30.0251,28.3676,30.0251,9866.285379878722,0
SHO,D,20221031,000000,30.3093,30.6882,30.2146,30.6882,1311.2815882086009,0
SHO,D,20221102,000000,30.6882,33.3402,30.0251,33.3402,4896.718201378011,0
SHO,D,20221103,000000,32.2036,33.1508,31.3511,31.9194,122859.27202629173,0
SHO,D,20221104,000000,33.577,33.577,31.4933,32.2036,1454.8679778997198,0
SHO,D,20221107,000000,33.577,33.577,31.8721,33.1035,341.01767551640745,0
SHO,D,20221108,000000,31.588,32.6298,29.6462,29.6936,7533.006547398039,0
SHO,D,20221109,000000,29.8357,30.2619,28.9358,28.9358,5765.627015464708,0
SHO,D,20221110,000000,28.415,28.415,27.9414,28.1307,14067.243060621506,0
SHO,D,20221114,000000,28.1307,29.8357,28.1307,28.1307,7237.3875097986775,0
SHO,D,20221115,000000,28.8885,29.2673,28.2255,28.6044,1386.2421298855818,0
SHO,D,20221116,000000,28.415,29.2673,27.7046,27.7046,3759.640688897606,0
SHO,D,20221117,000000,27.2784,27.9887,26.9942,26.9942,8471.596991776016,0
SHO,D,20221118,000000,27.2784,27.9414,27.0415,27.0415,6403.319510857619,0
SHO,D,20221121,000000,27.373,27.373,26.9469,26.9469,1759.9890559933474,0
SHO,D,20221122,000000,26.6153,27.2784,26.5206,26.5206,8595.123518201464,0
SHO,D,20221123,000000,26.7574,27.7519,26.7574,27.5151,87576.08410653389,0
SHO,D,20221124,000000,27.7519,28.415,27.7519,28.415,1259.5482566287121,0
SHO,D,20221125,000000,28.8885,29.3147,28.4623,29.1727,2050.329182207007,0
SHO,D,20221128,000000,29.3147,30.6882,29.0307,30.4039,3502.029813275304,0
SHO,D,20221129,000000,30.2146,30.3093,29.3147,29.8357,905.8611937866178,0
SHO,D,20221130,000000,30.0724,30.0724,28.6044,28.6518,2639.4556928514503,0
SHO,D,20221201,000000,29.2673,29.2673,28.273,28.415,4332.930465384941,0
SHO,D,20221202,000000,28.273,28.9832,27.9414,27.9414,3682.568582666344,0
SHO,D,20221205,000000,29.1253,29.1253,28.3202,28.3676,1376.7400893913166,0
SHO,D,20221206,000000,28.5096,28.5096,28.3202,28.3202,1600.5659321451196,0
SHO,D,20221207,000000,28.3202,28.3202,27.6099,27.9414,2482.144133557504,0
SHO,D,20221208,000000,27.8466,27.8466,26.9942,27.0415,3914.8406836372715,0
SHO,D,20221209,000000,27.4678,28.3202,27.1363,27.1363,6712.663718059809,0
SHO,D,20221212,000000,27.0889,27.894,26.9942,27.894,610.2421561872554,0
SHO,D,20221213,000000,27.894,27.894,27.3257,27.373,30230.213941366546,0
SHO,D,20221214,000000,27.4678,27.9414,27.231,27.4204,1066.340099911986,0
SHO,D,20221215,000000,27.894,28.3202,25.6208,25.7155,7676.592937089159,0
SHO,D,20221216,000000,25.6681,26.3785,24.5316,25.6208,15085.017175784402,0
SHO,D,20221219,000000,26.047,26.4733,25.4787,26.4733,1333.4530160285526,0
SHO,D,20221220,000000,25.6681,26.047,25.6681,25.8103,462.4326373875741,0
SHO,D,20221221,000000,25.7629,26.3312,25.6681,26.3312,14086.24714160983,0
SHO,D,20221222,000000,26.4259,27.2784,24.9104,25.4787,4282.252916082193,0
SHO,D,20221223,000000,25.4787,26.1418,25.3367,25.3367,1280.6639021715237,0
SHO,D,20221227,000000,25.3367,25.3367,24.8157,25.2893,15378.524648829276,0
SHO,D,20221228,000000,25.2893,25.2893,24.5789,24.6263,5702.280078836274,0
SHO,D,20221229,000000,24.5316,24.8157,24.3422,24.6263,5183.890980760249,0
SHO,D,20221230,000000,24.4368,25.1472,23.8211,23.8686,21497.838727136703,0
SHO,D,20230102,000000,25.0999,26.047,24.2948,24.5789,6805.572558448181,0
SHO,D,20230103,000000,24.8631,24.8631,23.9633,23.9633,10373.0608729062,0
SHO,D,20230104,000000,24.1527,24.5316,23.6791,23.6791,14741.887935714232,0
SHO,D,20230105,000000,23.916,24.3422,23.7738,23.916,183343.98290139725,0
SHO,D,20230109,000000,24.3422,26.5206,24.1527,25.5734,78008.58511108575,0
SHO,D,20230110,000000,25.7155,26.5206,25.7155,26.047,175234.51923068246,0
SHO,D,20230111,000000,26.1418,26.4259,25.5734,26.1892,34071.14986560377,0
SHO,D,20230112,000000,25.6681,26.1418,25.0999,25.5261,11169.120709870096,0
SHO,D,20230113,000000,25.8103,26.047,24.6737,25.3841,5720.2283775476635,0
SHO,D,20230116,000000,25.4787,26.0944,25.1946,26.0944,12749.62677874923,0
SHO,D,20230117,000000,26.047,26.9942,25.6208,26.8048,8915.025548175061,0
SHO,D,20230118,000000,26.9942,27.7519,26.8048,27.231,21025.904049254135,0
SHO,D,20230119,000000,27.7519,27.8466,26.7574,27.1363,9102.954793506084,0
SHO,D,20230120,000000,26.9942,27.1363,26.568,26.6153,2868.5604469909563,0
SHO,D,20230123,000000,26.568,27.0415,25.6681,26.71,197283.47630648466,0
SHO,D,20230124,000000,26.71,26.71,26.1418,26.1418,3300.3753983414535,0
SHO,D,20230125,000000,25.8576,26.3312,25.2893,25.2893,4970.622960777851,0
SHO,D,20230126,000000,26.6153,26.7574,25.3841,25.3841,40869.33194811187,0
SHO,D,20230127,000000,25.9523,25.9523,25.5734,25.8576,1024.108808826363,0
SHO,D,20230130,000000,25.7155,25.8103,25.4787,25.8103,820.3428293382308,0
SHO,D,20230131,000000,25.5734,25.7629,25.3841,25.4314,3341.5509071499364,0
SHO,D,20230201,000000,25.5734,25.7155,25.3841,25.4787,1200.4244491088396,0
SHO,D,20230202,000000,25.5734,25.9049,25.2893,25.2893,4208.348156682353,0
SHO,D,20230203,000000,25.2893,25.5734,24.8157,24.8157,9751.205111670399,0
SHO,D,20230206,000000,24.8157,25.3367,24.4368,24.4842,4469.126379136076,0
SHO,D,20230207,000000,24.4842,26.3785,24.4842,25.3841,215786.06071337592,0
SHO,D,20230208,000000,26.2838,27.5625,26.2838,26.9469,85701.01478233261,0
SHO,D,20230209,000000,27.0889,27.7046,26.6153,27.1836,26948.842624012792,0
SHO,D,20230210,000000,27.4678,27.4678,26.8048,26.9942,117541.29669634116,0
SHO,D,20230213,000000,26.9942,27.0889,26.8521,27.0889,544.7836550045394,0
SHO,D,20230214,000000,27.231,27.6572,26.8995,26.9469,1491.8203575996397,0
SHO,D,20230215,000000,27.3257,27.3257,26.8995,27.1836,1319.7278464257251,0
SHO,D,20230216,000000,27.4204,27.4204,26.4259,26.4259,46343.563055086284,0
SHO,D,20230217,000000,26.4733,26.9942,26.3312,26.3312,9491.482671493817,0
SHO,D,20230220,000000,26.3312,26.5206,26.1418,26.5206,5109.986221360409,0
SHO,D,20230221,000000,26.5206,26.71,25.7629,26.71,2910.79173807658,0
SHO,D,20230222,000000,26.5206,26.5206,25.5734,25.5734,1484.429881659656,0
SHO,D,20230223,000000,26.4259,26.4259,26.3785,26.4259,647.1945358871757,0
SHO,D,20230224,000000,25.8576,26.047,25.5734,25.5734,2954.0788114393436,0
SHO,D,20230227,000000,25.5734,26.6153,25.5734,26.4259,3127.2271048903986,0
SHO,D,20230228,000000,26.4259,26.5206,25.6681,25.9049,1731.4829345105516,0
SHO,D,20230301,000000,27.2784,27.2784,26.047,26.047,20079.923128936596,0
SHO,D,20230302,000000,25.9049,25.9049,25.4787,25.7155,14126.366868140962,0
SHO,D,20230303,000000,25.9523,26.2364,25.6681,26.1418,14548.679778997195,0
SHO,D,20230306,000000,26.3312,26.3785,26.047,26.0944,18451.906857585607,0
SHO,D,20230307,000000,26.047,26.1892,25.0999,25.0999,1865.567283707405,0
SHO,D,20230308,000000,25.9997,25.9997,25.0999,25.5734,94719.50699366664,0
SHO,D,20230309,000000,25.7629,25.9523,25.5261,25.6681,10046.824149269762,0
SHO,D,20230310,000000,25.6681,25.9523,25.4787,25.9049,6710.552153505528,0
SHO,D,20230313,000000,25.8576,25.8576,24.6263,25.0526,58535.7367915055,0
SHO,D,20230314,000000,25.1946,25.1946,24.5316,24.5316,8186.535776948059,0
SHO,D,20230315,000000,24.8631,25.0052,23.8211,23.9633,8210.818769322292,0
SHO,D,20230316,000000,23.6791,24.4842,23.5845,24.4368,4919.945411475103,0
SHO,D,20230317,000000,24.4842,25.0999,24.4842,24.9104,3144.119621324648,0
SHO,D,20230320,000000,24.9104,25.4787,23.916,25.1946,4809.088272375342,0
SHO,D,20230321,000000,25.0999,25.4787,24.058,24.1527,1772.6584433190344,0
SHO,D,20230322,000000,25.0052,25.0052,24.1527,24.5316,3829.322319188885,0
SHO,D,20230323,000000,24.9578,25.1946,24.6263,25.1946,7776.8922534175135,0
SHO,D,20230324,000000,24.9104,24.9104,24.6263,24.6263,2434.6339310861777,0
SHO,D,20230327,000000,24.3422,26.7574,24.3422,25.5734,8267.831012287883,0
SHO,D,20230328,000000,25.5734,27.1363,25.5734,26.6153,5950.38891396431,0
SHO,D,20230329,000000,26.71,27.0415,26.5206,26.9942,518.3890980760249,0
SHO,D,20230330,000000,26.4733,26.9942,26.4733,26.9942,921.6979279437265,0
SHO,D,20230331,000000,26.9469,27.6572,26.1892,27.6572,4262.193052816523,0
SHO,D,20230403,000000,27.5151,28.3202,27.4204,28.3202,5880.707283673032,0
SHO,D,20230404,000000,28.3202,30.3093,28.0361,29.5516,17089.947720074262,0
SHO,D,20230405,000000,29.8357,30.7828,29.8357,29.8357,14646.86753077158,0
SHO,D,20230406,000000,29.8357,29.8357,28.4623,28.5096,2854.8352773881293,0
SHO,D,20230411,000000,28.5096,30.2146,28.1307,30.2146,10206.247273117988,0
SHO,D,20230412,000000,30.2146,30.2146,28.7465,28.9832,2604.6148777058115,0
SHO,D,20230413,000000,28.9832,29.5516,27.7519,29.3621,125456.49642806378,0
SHO,D,20230414,000000,29.3621,30.6882,29.3621,30.4039,26805.25623432209,0
SHO,D,20230417,000000,30.6408,31.6827,30.3093,31.6827,13903.596807664198,0
SHO,D,20230418,000000,31.6827,32.2036,31.2565,32.1562,3848.326400177415,0
SHO,D,20230419,000000,32.2036,32.2036,30.8776,31.8248,30480.434341048553,0
SHO,D,20230420,000000,31.8248,31.8248,30.1199,31.2565,27686.834435734992,0
SHO,D,20230421,000000,30.7828,31.067,30.4039,30.5934,539.5047436188364,0
SHO,D,20230424,000000,30.4988,31.2565,30.2146,30.3093,85455.01751175856,0
SHO,D,20230425,000000,30.1199,30.1199,29.3621,29.8357,15751.215792660212,0
SHO,D,20230426,000000,29.8357,29.8357,29.5516,29.8357,694.7047383585018,0
SHO,D,20230427,000000,29.5516,30.1199,29.4568,29.5516,17410.905532325414,0
SHO,D,20230428,000000,30.1199,30.1199,28.8885,29.5516,1233.1536997001976,0
SHO,D,20230502,000000,31.067,31.067,29.1727,29.1727,1017.7741151635195,0
SHO,D,20230504,000000,29.4568,29.741,28.7938,29.2673,619.7441966815206,0
SHO,D,20230505,000000,28.9832,29.1727,28.0361,28.415,2922.4053431251264,0
SHO,D,20230508,000000,28.0361,28.8885,28.0361,28.415,1648.0761346164459,0
SHO,D,20230509,000000,28.415,28.5096,26.047,26.9942,12227.014551565164,0
SHO,D,20230510,000000,26.9942,29.5516,26.71,28.3202,24473.033184118653,0
SHO,D,20230511,000000,27.6572,28.7938,27.4678,28.2255,10411.069034883365,0
SHO,D,20230512,000000,28.6991,28.7938,27.4678,27.4678,4638.051543478568,0
SHO,D,20230515,000000,28.415,29.5516,27.4678,28.6991,6859.417454582349,0
SHO,D,20230516,000000,28.8885,30.6882,28.415,30.0251,25896.227693703946,0
SHO,D,20230517,000000,30.4988,30.7828,30.0251,30.6882,1689.2516434249283,0
SHO,D,20230518,000000,30.5934,30.5934,29.741,30.3093,1842.3400736103124,0
SHO,D,20230519,000000,29.6462,30.4988,29.6462,30.3093,2084.114215075505,0
SHO,D,20230522,000000,30.4039,30.7828,28.8885,29.6462,12017.969660691537,0
SHO,D,20230523,000000,29.6462,30.3093,28.5096,28.8885,2760.870654722617,0
SHO,D,20230524,000000,28.7938,29.3621,28.415,28.415,402.25304759056104,0
SHO,D,20230525,000000,29.2673,29.2673,27.5625,27.5625,1799.0530002475487,0
SHO,D,20230526,000000,28.2255,28.2255,27.6572,27.9414,990.3237759578642,0
SHO,D,20230529,000000,28.0361,28.0361,27.5625,27.6572,811.8965711211061,0
SHO,D,20230530,000000,27.5625,29.2673,27.5625,28.8885,2274.15502496081,0
SHO,D,20230531,000000,28.6044,28.8885,28.6044,28.8885,1347.1781856313803,0
SHO,D,20230601,000000,28.9832,29.078,28.0361,28.8885,17809.991233084347,0
SHO,D,20230602,000000,29.078,29.078,27.4678,28.2255,8929.806500055027,0
SHO,D,20230605,000000,28.2255,29.2673,28.1307,28.2255,12336.8159083882,0
SHO,D,20230606,000000,28.415,28.6044,27.9414,27.9414,1490.7645753224995,0
SHO,D,20230607,000000,27.9414,28.1307,27.5625,27.5625,3808.206673646073,0
SHO,D,20230609,000000,28.0361,28.0361,26.1418,27.7519,16386.79672349905,0
SHO,D,20230612,000000,27.7519,27.7519,26.9942,26.9942,801.3387483497003,0
SHO,D,20230613,000000,26.9942,27.6572,26.9942,27.6572,1130.7428188175616,0
SHO,D,20230614,000000,27.4678,27.8466,27.4678,27.5625,2764.0380015540386,0
SHO,D,20230615,000000,27.6572,27.8466,27.5625,27.5625,1445.3659374054544,0
SHO,D,20230616,000000,27.8466,28.3202,27.4678,27.5625,2452.582229797568,0
SHO,D,20230619,000000,27.8466,27.9414,27.4678,27.7519,16952.696024045985,0
SHO,D,20230620,000000,27.8466,27.8466,27.5625,27.5625,257.6108756223016,0
SHO,D,20230621,000000,27.8466,27.9414,27.5625,27.9414,893.1918064609309,0
SHO,D,20230622,000000,27.5625,27.8466,27.5625,27.7519,2644.7346042371537,0
SHO,D,20230623,000000,27.6572,27.6572,27.5625,27.6572,346.29658690211033,0
SHO,D,20230626,000000,27.8466,27.8466,27.6572,27.6572,1133.9101656489831,0
SHO,D,20230627,000000,27.9414,27.9414,27.6572,27.9414,301.95373126220596,0
SHO,D,20230628,000000,27.8466,27.8466,27.5625,27.7519,21827.24279760477,0
SHO,D,20230629,000000,27.5625,27.7519,27.4678,27.6572,526.8353562931495,0
SHO,D,20230630,000000,27.6572,27.6572,27.373,27.4678,1062.1169708034238,0
SHO,D,20230703,000000,27.4678,28.6991,27.4678,28.6044,3118.780846673274,0
SHO,D,20230704,000000,28.6044,29.4568,28.6044,29.4568,4781.637933169688,0
SHO,D,20230705,000000,29.4568,29.5516,28.8885,29.5516,2405.0720273262414,0
SHO,D,20230706,000000,29.5516,29.9304,28.8885,29.8357,2884.3971811480656,0
SHO,D,20230707,000000,29.9304,30.3093,29.078,29.3621,2055.60809359271,0
SHO,D,20230710,000000,29.8357,31.73,29.8357,31.2565,3506.252942383867,0
SHO,D,20230711,000000,31.5405,31.5405,30.8776,31.3511,2244.5931212008736,0
SHO,D,20230712,000000,31.2565,31.73,31.067,31.73,2617.2842650314988,0
SHO,D,20230713,000000,31.5405,32.0142,31.067,32.0142,1453.8121956225789,0
SHO,D,20230714,000000,31.4459,31.8248,30.6882,31.8248,993.4911227892861,0
SHO,D,20230717,000000,31.9194,31.9194,30.7828,31.1617,3394.3400210069653,0
SHO,D,20230718,000000,30.8776,31.2565,30.8776,30.8776,4048.925032834125,0
SHO,D,20230719,000000,31.73,31.73,30.3093,30.8776,5363.373967874148,0
SHO,D,20230720,000000,30.4039,31.2565,30.4039,30.4039,386.4163134334524,0
SHO,D,20230721,000000,30.3093,30.9723,30.3093,30.9723,355.79862739637554,0
SHO,D,20230724,000000,30.9723,31.2565,30.9723,31.2565,592.2938574758655,0
SHO,D,20230725,000000,30.9723,31.4459,30.9723,31.2565,2463.1400525689737,0
SHO,D,20230726,000000,31.73,31.9194,31.2565,31.9194,1975.3686405300255,0
SHO,D,20230727,000000,31.9194,34.0032,31.73,33.056,11872.271706445305,0
SHO,D,20230728,000000,33.3402,35.8975,33.3402,35.8975,8519.107194247343,0
SHO,D,20230731,000000,35.9923,36.3711,34.1927,34.9504,4157.670607379605,0
SHO,D,20230801,000000,35.5187,35.5187,35.0452,35.5187,2671.129161165668,0
SHO,D,20230802,000000,35.6134,35.8029,34.9504,34.9504,14114.753263092312,0
SHO,D,20230803,000000,34.8557,34.9504,34.1927,34.4768,3175.793089638865,0
SHO,D,20230804,000000,34.5715,35.0452,34.0979,34.8557,27592.869813068544,0
SHO,D,20230807,000000,34.8557,34.8557,34.0979,34.3821,1010.3836392235354,0
SHO,D,20230808,000000,34.3821,34.3821,33.5297,33.5297,4684.505963672755,0
SHO,D,20230809,000000,34.4768,34.4768,33.6243,33.6243,3399.6189323926683,0
SHO,D,20230810,000000,34.0979,34.2874,33.6243,33.7191,750.6611990469524,0
SHO,D,20230811,000000,33.7191,34.3821,33.7191,33.7191,1579.450286602308,0
SHO,D,20230814,000000,33.5297,33.8138,33.1508,33.1508,7718.824228174783,0
SHO,D,20230816,000000,33.1508,33.8138,33.1508,33.6243,7125.474588421776,0
SHO,D,20230817,000000,33.1508,34.0032,30.5934,32.2036,7319.738527415643,0
SHO,D,20230818,000000,31.2565,32.3931,31.2565,31.4459,4892.495072269448,0
SHO,D,20230821,000000,31.2565,31.8248,31.2565,31.4459,1034.6666315977686,0
SHO,D,20230822,000000,31.8248,31.8248,31.3511,31.3511,626.078890344364,0
SHO,D,20230823,000000,31.4459,33.5297,31.4459,33.5297,2679.575419382793,0
SHO,D,20230824,000000,33.5297,34.4768,33.5297,34.0979,2307.9400578293084,0
SHO,D,20230825,000000,34.0032,34.0979,32.8666,33.1508,1469.648929779688,0
SHO,D,20230829,000000,33.6243,33.6243,32.9613,32.9613,1074.7863581291106,0
SHO,D,20230830,000000,33.1508,33.1508,30.8776,31.9194,13900.429460832465,0
SHO,D,20230831,000000,32.2036,32.2036,32.1089,32.1089,10000.369729075577,0
SHO,D,20230901,000000,32.6771,32.9613,32.2983,32.5825,1970.0897291443227,0
SHO,D,20230904,000000,32.772,33.5297,32.2036,32.2036,4416.337265279047,0
SHO,D,20230905,000000,32.1089,33.1508,32.0142,32.6771,1612.179537193666,0
SHO,D,20230906,000000,33.1508,33.1508,31.4459,32.772,8720.76160918119,0
SHO,D,20230907,000000,32.772,32.772,32.1089,32.1089,129.86122008829136,0
SHO,D,20230908,000000,32.1089,33.056,32.1089,32.2036,475.10202471326113,0
SHO,D,20230911,000000,32.4877,33.6243,32.3931,33.1508,3118.780846673274,0
SHO,D,20230912,000000,33.2455,35.0452,33.2455,35.0452,158009.43137913232,0
SHO,D,20230913,000000,35.0452,35.9923,34.2874,35.424,33490.46961317645,0
SHO,D,20230914,000000,35.424,35.8029,35.424,35.5187,247.05305285089577,0
SHO,D,20230915,000000,35.9923,36.3711,35.2345,35.9923,2339.6135261435256,0
SHO,D,20230918,000000,35.9923,36.5606,35.424,36.5606,5460.505937371081,0
SHO,D,20230919,000000,35.9923,36.8447,34.2874,34.4768,29441.544580341808,0
SHO,D,20230920,000000,34.4768,34.6663,34.0979,34.5715,2639.4556928514503,0
SHO,D,20230921,000000,35.3293,35.3293,33.6243,34.0032,21059.689082122844,0
SHO,D,20230922,000000,34.0032,34.5715,33.6243,34.5715,3464.0216512982433,0
SHO,D,20230925,000000,34.5715,35.3293,34.0979,34.5715,1314.4489350400222,0
SHO,D,20230926,000000,34.2874,34.4768,33.1508,33.1508,34876.71174306235,0
SHO,D,20230927,000000,33.3402,33.7191,32.9613,32.9613,1227.8747883144947,0
SHO,D,20230928,000000,32.9613,32.9613,32.6771,32.8666,495.1618879789321,0
SHO,D,20230929,000000,32.6771,33.9086,32.6771,33.6243,3813.485585031776,0
SHO,D,20231002,000000,32.772,33.6243,32.772,33.5297,745.3822876612497,0
SHO,D,20231003,000000,32.772,33.5297,32.772,32.772,11815.259463480335,0
SHO,D,20231004,000000,33.5297,33.6243,32.772,32.772,4417.393047556187,0
SHO,D,20231005,000000,33.6243,33.6243,32.6771,33.6243,418.08978174766975,0
SHO,D,20231006,000000,33.6243,33.6243,33.5297,33.5297,24.28299237423334,0
SHO,D,20231009,000000,33.2455,33.6243,31.4459,32.1089,9014.269082226276,0
SHO,D,20231010,000000,31.73,32.0142,31.4459,31.8248,7819.123544503137,0
SHO,D,20231011,000000,32.1089,32.1089,31.2565,31.6354,8653.191543444194,0
SHO,D,20231012,000000,31.6354,31.73,31.4459,31.6354,1921.523744395856,0
SHO,D,20231013,000000,31.6354,32.5825,31.6354,32.0142,9511.542534759488,0
SHO,D,20231016,000000,32.0142,33.1508,31.5405,31.5405,28055.302450456948,0
SHO,D,20231017,000000,32.1089,32.2036,31.1617,32.2036,3966.57401521716,0
SHO,D,20231018,000000,31.3511,32.1089,31.3511,31.73,538.448961341696,0
SHO,D,20231019,000000,31.73,31.73,31.2565,31.5405,2360.7291716863374,0
SHO,D,20231020,000000,31.2565,31.2565,29.1727,30.3093,60613.51631291796,0
SHO,D,20231023,000000,29.6462,30.0251,28.6044,29.5516,20202.393873084486,0
SHO,D,20231024,000000,29.3621,29.3621,28.9832,28.9832,31796.994840642543,0
SHO,D,20231025,000000,29.3621,30.6882,28.6991,30.6882,32901.34310253221,0
SHO,D,20231026,000000,30.0251,30.2146,29.6462,29.6462,1330.2856691971313,0
SHO,D,20231027,000000,29.6462,30.3093,29.3621,29.5516,2194.9713541752662,0
SHO,D,20231030,000000,29.3621,30.3093,29.3621,29.3621,20927.71629748079,0
SHO,D,20231031,000000,28.9832,30.0251,28.9832,29.2673,8268.886794565025,0
SHO,D,20231102,000000,28.9832,29.2673,28.3202,28.415,23853.28898743744,0
SHO,D,20231103,000000,27.8466,28.9832,27.6572,27.9414,437396.8722497382,0
SHO,D,20231106,000000,28.1307,29.8357,28.0361,29.3621,7311.292269198519,0
SHO,D,20231107,000000,29.3621,29.9304,29.3621,29.3621,2756.6475256140548,0
SHO,D,20231108,000000,29.3621,29.741,28.8885,28.9832,11447.847231035623,0
SHO,D,20231109,000000,29.2673,29.2673,28.415,28.9832,40513.53332071579,0
SHO,D,20231110,000000,29.078,29.2673,28.3202,28.415,25508.755597993662,0
SHO,D,20231113,000000,28.3202,30.1199,27.6572,28.5096,50394.59965247439,0
SHO,D,20231114,000000,28.6044,29.741,28.5096,28.6044,862.5741204238541,0
SHO,D,20231115,000000,28.6044,28.9832,28.6044,28.9832,1127.5754719861395,0
SHO,D,20231116,000000,28.5096,29.9304,28.5096,29.078,1166.6394162403412,0
SHO,D,20231117,000000,29.8357,29.8357,29.3621,29.3621,1001.9373810064106,0
SHO,D,20231120,000000,29.741,29.9304,28.9832,28.9832,628.1904548986453,0
SHO,D,20231121,000000,28.8885,29.9304,28.8885,29.8357,1405.2462108741122,0
SHO,D,20231122,000000,29.8357,31.8248,29.8357,31.73,6638.758958659968,0
SHO,D,20231123,000000,31.8248,32.2983,31.73,32.2983,3708.963139594858,0
SHO,D,20231124,000000,32.2036,32.2036,31.2565,31.2565,8515.93984741592,0
SHO,D,20231127,000000,31.2565,31.2565,30.4988,30.4988,785.5020141925917,0
SHO,D,20231128,000000,30.4988,30.8776,30.4988,30.4988,636.6367131157699,0
SHO,D,20231129,000000,30.4039,30.9723,30.4039,30.4039,193.2081567167262,0
SHO,D,20231130,000000,30.4988,30.5934,30.3093,30.4039,748.5496344926714,0
SHO,D,20231201,000000,30.4988,31.2565,30.3093,30.4039,494.10610570179153,0
SHO,D,20231204,000000,30.6882,30.8776,30.3093,30.3093,44739.8297761088,0
SHO,D,20231205,000000,30.3093,30.3093,29.6462,29.741,3048.043434104855,0
SHO,D,20231206,000000,30.3093,30.9723,30.3093,30.4988,1202.5360136631207,0
SHO,D,20231207,000000,30.4988,31.067,29.6462,29.741,1578.3945043251674,0
SHO,D,20231208,000000,29.741,30.3093,28.9832,29.1727,4020.4189113513294,0
SHO,D,20231211,000000,29.2673,30.0251,28.9832,29.8357,3623.4447751464713,0
SHO,D,20231212,000000,29.8357,29.8357,29.4568,29.5516,468.7673310504176,0
SHO,D,20231213,000000,29.4568,29.6462,28.8885,28.8885,29681.207157253444,0
SHO,D,20231214,000000,28.8885,29.6462,28.8885,28.8885,2391.346857723414,0
SHO,D,20231215,000000,28.8885,29.3621,28.8885,29.3621,9943.357486109986,0
SHO,D,20231218,000000,29.1727,29.6462,28.9832,29.4568,9469.311243673865,0
SHO,D,20231219,000000,29.4568,30.4039,29.4568,30.4039,1737.8176281733952,0
SHO,D,20231220,000000,30.4988,30.4988,29.741,30.3093,2253.039379417998,0
SHO,D,20231221,000000,30.0251,30.3093,29.8357,30.3093,1937.3604785529647,0
SHO,D,20231222,000000,29.6462,31.1617,29.5516,30.9723,5437.278727273988,0
SHO,D,20231227,000000,31.1617,31.73,31.1617,31.3511,4936.837927909353,0
SHO,D,20231228,000000,31.3511,31.9194,31.2565,31.4459,1377.795871668457,0
SHO,D,20231229,000000,31.3511,32.2036,31.067,31.2565,3803.9835445375106,0
SHO,D,20240102,000000,31.2565,32.4877,31.2565,32.1089,7218.383428810147,0
SHO,D,20240103,000000,32.1089,32.2036,31.067,31.2565,33309.93084378531,0
SHO,D,20240104,000000,31.8248,32.1089,31.2565,31.2565,24101.39782256496,0
SHO,D,20240105,000000,31.2565,32.1089,30.7828,31.3511,22303.40060459424,0
SHO,D,20240108,000000,31.2565,31.2565,30.5934,31.2565,5679.052868739182,0
SHO,D,20240109,000000,31.2565,32.2036,31.2565,31.6354,438.14964501334083,0
SHO,D,20240110,000000,31.4459,31.5405,31.3511,31.3511,304.0652958164871,0
SHO,D,20240111,000000,31.5405,31.73,31.067,31.73,5114.20935046897,0
SHO,D,20240112,000000,32.2036,32.2036,31.2565,31.2565,343.1292400706886,0
SHO,D,20240115,000000,31.2565,32.2036,30.7828,31.1617,21396.483628530586,0
SHO,D,20240116,000000,31.2565,31.2565,30.6882,30.8776,14427.26481712551,0
SHO,D,20240117,000000,30.6882,30.6882,30.1199,30.1199,2001.7631974585402,0
SHO,D,20240118,000000,29.9304,29.9304,29.6462,29.741,585.9591638130221,0
SHO,D,20240119,000000,29.741,30.2146,29.741,30.0251,723.2108598412975,0
SHO,D,20240122,000000,30.3093,30.3093,29.5516,29.741,4426.895088050453,0
SHO,D,20240123,000000,29.5516,29.6462,29.5516,29.5516,185.81768077674212,0
SHO,D,20240124,000000,30.0251,30.0251,27.4678,28.415,156025.61648038737,0
SHO,D,20240125,000000,28.7938,28.8885,27.9414,28.3202,1217.3169655430888,0
SHO,D,20240126,000000,28.3202,28.3202,27.4678,27.7519,8996.320783514884,0
SHO,D,20240129,000000,27.5625,27.6572,26.8995,27.0889,296025.5137760601,0
SHO,D,20240130,000000,26.9942,28.415,26.9942,28.415,39274.04492735234,0
SHO,D,20240131,000000,28.415,28.7938,28.0361,28.7938,10477.583318343533,0
SHO,D,20240201,000000,28.7938,28.7938,28.1307,28.7938,79614.42995461667,0
SHO,D,20240202,000000,28.9832,29.2673,28.2255,28.7938,2935.074730450813,0
SHO,D,20240205,000000,28.6044,28.7938,28.2255,28.6991,6500.451480354553,0
SHO,D,20240206,000000,29.3621,29.9304,28.2255,28.2255,88353.13986250895,0
SHO,D,20240207,000000,28.415,28.8885,28.2255,28.3202,10493.420052500123,0
SHO,D,20240208,000000,28.3202,28.5096,27.9414,27.9414,20526.51903216737,0
SHO,D,20240209,000000,27.9414,28.1307,26.8995,27.0889,13292.298869199905,0
SHO,D,20240212,000000,27.0889,27.9414,26.9942,27.373,115084.49133743222,0
SHO,D,20240213,000000,27.4678,27.6572,25.8576,26.047,11597.768314389794,0
SHO,D,20240214,000000,26.9942,27.9414,26.2364,27.4678,10323.439105880594,0
SHO,D,20240215,000000,27.2784,27.8466,27.2784,27.8466,2826.329155905333,0
SHO,D,20240216,000000,28.2255,28.7938,27.7519,28.415,13127.59683396639,0
SHO,D,20240219,000000,28.415,28.415,27.1836,28.2255,2174.911490909595,0
SHO,D,20240220,000000,28.2255,28.2255,27.9414,28.1307,21240.227851513984,0
SHO,D,20240221,000000,28.1307,28.1307,25.5734,27.4678,11604.103008052221,0
SHO,D,20240222,000000,27.373,27.4678,26.9942,27.373,34199.955303415125,0
SHO,D,20240223,000000,26.9942,27.373,26.8048,27.373,21695.270012961675,0
SHO,D,20240226,000000,27.373,27.373,26.8048,27.373,2417.7414146519286,0
SHO,D,20240227,000000,26.8995,27.4678,26.8995,27.4678,28136.597685796463,0
SHO,D,20240228,000000,27.2784,27.4678,27.0889,27.4678,581.7360347044597,0
SHO,D,20240229,000000,27.0889,27.4678,26.9942,27.4678,168.92516434249285,0
SHO,D,20240301,000000,27.373,27.373,26.8048,26.9942,1317.6162818714442,0
SHO,D,20240304,000000,26.9942,26.9942,26.71,26.8995,2878.0624874852215,0
SHO,D,20240305,000000,26.8995,26.8995,26.1418,26.3312,6650.3725637085145,0
SHO,D,20240306,000000,26.2364,26.3312,26.047,26.047,3493.5835550581796,0
SHO,D,20240307,000000,26.047,26.047,25.2893,25.5734,121683.13056955567,0
SHO,D,20240308,000000,25.5734,26.8048,25.2893,26.8048,95324.47023846851,0
SHO,D,20240311,000000,26.8995,27.4678,26.71,27.0889,3909.5617722515685,0
SHO,D,20240312,000000,26.9942,29.1727,26.9942,29.1727,128201.53034862928,0
SHO,D,20240313,000000,29.1727,30.4988,28.6991,29.2673,51628.809134451614,0
SHO,D,20240314,000000,29.2673,29.3621,28.8885,29.1727,2894.955003919471,0
SHO,D,20240315,000000,29.3621,29.3621,28.6044,28.6991,8315.34121475921,0
SHO,D,20240318,000000,29.078,29.078,28.0361,28.1307,45017.500514997104,0
SHO,D,20240319,000000,28.2255,28.3202,27.9414,28.3202,1403.134646319831,0
SHO,D,20240320,000000,28.415,28.415,27.9414,28.2255,2038.7155771584603,0
SHO,D,20240321,000000,28.415,28.415,28.1307,28.3202,1347.1781856313803,0
SHO,D,20240322,000000,28.3202,29.1727,27.4678,29.1727,78876.4381428955,0
SHO,D,20240325,000000,29.078,29.078,27.6572,28.415,4115.439316293981,0
SHO,D,20240326,000000,28.1307,29.1727,27.9414,28.9832,128593.22557344542,0
SHO,D,20240327,000000,29.078,29.078,28.8885,28.8885,115.08026820832325,0
SHO,D,20240328,000000,28.9832,29.3621,28.6991,29.2673,3438.6828766468698,0
SHO,D,20240402,000000,29.2673,29.2673,28.1307,28.415,10040.489455606918,0
SHO,D,20240403,000000,28.0361,29.3621,27.6572,29.1727,334322.9600970547,0
SHO,D,20240404,000000,29.078,29.078,28.5096,28.8885,7090.633773276138,0
SHO,D,20240405,000000,28.6044,29.078,28.415,28.7938,1691.3632079792094,0
SHO,D,20240408,000000,28.7938,28.7938,28.6044,28.6044,220.65849592238126,0
SHO,D,20240409,000000,28.6044,28.8885,28.3202,28.8885,2808.3808571939435,0
SHO,D,20240410,000000,28.8885,29.3621,28.415,28.6044,6712.663718059809,0
SHO,D,20240411,000000,28.6044,29.078,28.415,28.9832,20018.687756862644,0
SHO,D,20240412,000000,28.9832,29.3621,28.6044,29.3621,2740.8107914569464,0
SHO,D,20240415,000000,29.3621,29.741,28.7938,29.741,28929.490175929142,0
SHO,D,20240416,000000,29.3621,29.3621,28.7938,29.3621,1430.5849855254862,0
SHO,D,20240417,000000,28.8885,29.3621,28.8885,28.9832,1946.8625190472299,0
SHO,D,20240418,000000,29.2673,29.741,28.8885,29.741,1828.6149040074852,0
SHO,D,20240419,000000,28.8885,29.6462,28.8885,29.3621,704.2067788527671,0
SHO,D,20240422,000000,29.3621,30.2146,29.078,29.9304,1401.02308176555,0
SHO,D,20240423,000000,30.0251,30.3093,29.6462,30.3093,43896.25973667359,0
SHO,D,20240424,000000,29.5516,30.7828,29.5516,30.3093,31725.20164579719,0
SHO,D,20240425,000000,31.4459,35.5187,31.4459,34.8557,372713.31525844696,0
SHO,D,20240426,000000,35.7081,36.087,34.0979,34.0979,18771.808887559517,0
SHO,D,20240429,000000,33.7191,34.9504,33.7191,34.1927,8226.655503479402,0
SHO,D,20240430,000000,35.0452,35.5187,34.5715,35.5187,16010.938232836379,0
SHO,D,20240502,000000,35.5187,36.1818,35.0452,35.5187,7406.312674141171,0
SHO,D,20240506,000000,35.9923,38.6443,35.9923,38.6443,38802.11024947081,0
SHO,D,20240507,000000,37.9813,38.6443,36.9395,37.5078,6513.120867680239,0
SHO,D,20240508,000000,38.3602,38.3602,36.75,36.75,4105.937275799716,0
SHO,D,20240509,000000,36.4659,37.413,36.4659,37.3183,1373.572742559895,0
SHO,D,20240510,000000,37.2236,38.3602,36.1818,36.1818,6344.195703337746,0
SHO,D,20240513,000000,36.4659,37.8867,35.8029,37.0341,5831.085516647425,0
SHO,D,20240514,000000,37.1289,37.6972,36.2764,37.3183,32720.80433314107,0
SHO,D,20240515,000000,37.3183,37.8867,35.8029,37.8867,5283.134514811463,0
SHO,D,20240516,000000,37.8867,37.8867,37.1289,37.413,4698.231133275582,0
SHO,D,20240517,000000,37.5078,37.6972,36.9395,36.9395,31264.880572964314,0
SHO,D,20240520,000000,37.6025,37.6025,37.1289,37.1289,8106.2963238853745,0
SHO,D,20240521,000000,37.8867,37.8867,37.2236,37.3183,2958.301940547906,0
SHO,D,20240522,000000,37.6025,37.7919,36.5606,37.0341,5650.546747256386,0
SHO,D,20240523,000000,37.0341,37.8867,36.3711,37.2236,2688.021677599917,0
SHO,D,20240524,000000,36.9395,36.9395,35.5187,35.9923,10217.860878166535,0
SHO,D,20240527,000000,35.8975,36.6553,34.6663,35.8975,1984.870681024291,0
SHO,D,20240528,000000,35.424,35.6134,34.0979,35.3293,5510.127704396688,0
SHO,D,20240529,000000,35.9923,35.9923,34.5715,35.5187,37573.179678878754,0
SHO,D,20240531,000000,35.5187,37.6025,35.5187,36.9395,5026.579421466303,0
SHO,D,20240603,000000,36.9395,37.3183,36.4659,37.2236,1888.794493804498,0
SHO,D,20240604,000000,36.9395,37.1289,35.9923,36.8447,1639.6298763993211,0
SHO,D,20240605,000000,35.9923,37.7919,35.9923,37.7919,18084.494625140895,0
SHO,D,20240606,000000,37.7919,39.6862,36.9395,37.8867,98481.25924711884,0
SHO,D,20240607,000000,37.413,38.0761,37.413,38.0761,167.86938206535226,0
SHO,D,20240610,000000,37.413,38.0761,37.413,37.6972,4200.957680742369,0
SHO,D,20240611,000000,38.3602,40.4439,38.1707,38.9284,35637.93076487977,0
SHO,D,20240612,000000,39.7809,42.6224,38.8337,40.728,165840.1685286858,0
SHO,D,20240613,000000,41.6752,42.6224,39.9703,40.2545,11018.14384423868,0
SHO,D,20240614,000000,39.7809,39.7809,38.6443,39.4968,264417.5039630318,0
SHO,D,20240617,000000,39.3073,41.2964,39.3073,40.6334,26423.063049996985,0
SHO,D,20240618,000000,40.6334,40.728,39.4968,39.9703,4802.7535787125,0
SHO,D,20240619,000000,42.3782,42.3782,39.874,41.0298,2243.699959371464,0
SHO,D,20240620,000000,40.8371,42.1856,40.6445,41.8004,5049.103610561514,0
SHO,D,20240621,000000,41.8004,41.8004,40.7408,41.1261,8014.400734099183,0
SHO,D,20240624,000000,41.6077,41.6077,40.7408,41.6077,873.1844821061553,0
SHO,D,20240625,000000,41.6077,41.6077,40.5482,41.6077,4781.230130914203,0
SHO,D,20240626,000000,40.6445,41.5114,40.6445,41.4151,1279.1477787809554,0
SHO,D,20240627,000000,40.9335,41.2225,40.6445,40.6445,2723.380376414323,0
SHO,D,20240628,000000,41.0298,41.0298,40.5482,40.5482,5919.173284764794,0
SHO,D,20240701,000000,40.9335,41.7041,40.5482,40.5482,15791.037798278854,0
SHO,D,20240702,000000,41.0298,41.2225,39.874,40.6445,5387.579402674007,0
SHO,D,20240703,000000,40.6445,40.9335,39.9703,40.4519,46840.48124344482,0
SHO,D,20240704,000000,39.9703,40.4519,39.2962,39.9703,34787.212928616806,0
SHO,D,20240705,000000,39.9703,40.4519,39.3925,40.3556,718.4823562633287,0
SHO,D,20240708,000000,40.3556,43.8229,39.6814,43.7266,2728.571722919116,0
SHO,D,20240709,000000,43.7266,43.7266,41.4151,42.3782,7365.482421000079,0
SHO,D,20240710,000000,42.3782,42.6672,42.0893,42.0893,2817.862882801552,0
SHO,D,20240711,000000,42.0893,42.3782,41.3188,41.7041,2250.9678444781744,0
SHO,D,20240712,000000,41.3188,41.993,39.5851,40.6445,4341.00394730777,0
SHO,D,20240715,000000,40.7408,41.8967,40.163,40.4519,2080.691679120969,0
SHO,D,20240716,000000,40.163,41.4151,39.2962,40.4519,13058.312998155903,0
SHO,D,20240717,000000,40.7408,40.9335,39.4888,40.4519,844.1129416793154,0
SHO,D,20240718,000000,40.9335,40.9335,40.4519,40.5482,4439.639530898835,0
SHO,D,20240719,000000,40.5482,40.5482,40.4519,40.5482,295.9067507731918,0
SHO,D,20240722,000000,41.1261,41.7041,41.1261,41.4151,94185.56136715549,0
SHO,D,20240723,000000,41.4151,42.3782,41.3188,42.0893,150240.68265660762,0
SHO,D,20240724,000000,41.8967,41.993,40.6445,40.9335,6920.0648908888525,0
SHO,D,20240725,000000,40.9335,41.0298,39.4888,41.0298,2560.3720961638273,0
SHO,D,20240726,000000,41.4151,41.8967,40.9335,41.0298,52723.31510267606,0
SHO,D,20240729,000000,41.0298,41.0298,40.6445,41.0298,167.16135745432936,0
SHO,D,20240730,000000,39.9703,40.9335,39.9703,40.5482,1025.8100693470647,0
SHO,D,20240731,000000,40.4519,41.4151,40.4519,40.9335,2613.3238305127147,0
SHO,D,20240801,000000,40.9335,41.4151,39.874,39.874,4262.09548043492,0
SHO,D,20240802,000000,40.6445,40.6445,36.6956,38.1404,9947.658172484036,0
SHO,D,20240805,000000,36.5993,38.0441,35.0583,36.2141,13995.87017692149,0
SHO,D,20240806,000000,36.5993,39.1998,36.503,36.503,37353.81464058639,0
SHO,D,20240807,000000,38.333,39.874,37.3699,38.622,95909.08840674673,0
SHO,D,20240808,000000,39.7777,40.5482,38.2367,38.7183,24900.812644889327,0
SHO,D,20240809,000000,39.874,39.9703,38.5257,38.5257,1837.7366626966646,0
SHO,D,20240812,000000,38.5257,40.4519,38.5257,39.874,5491.406332769864,0
SHO,D,20240813,000000,40.3556,40.4519,39.874,40.4519,22820.120965768358,0
SHO,D,20240814,000000,40.3556,40.3556,39.4888,40.0667,1934.2957076858113,0
SHO,D,20240816,000000,39.874,41.2225,39.7777,41.0298,3198.9077162533463,0
SHO,D,20240819,000000,41.3188,41.4151,40.5482,40.9335,4107.393354592094,0
SHO,D,20240820,000000,41.5114,41.8967,40.9335,41.4151,18430.31836131553,0
SHO,D,20240821,000000,41.2225,42.0893,41.1261,41.4151,3298.581569145369,0
SHO,D,20240822,000000,41.3188,43.7266,41.3188,43.6303,45854.12540753418,0
SHO,D,20240823,000000,43.3414,43.9192,41.3188,42.5709,8788.949632614274,0
SHO,D,20240826,000000,43.6303,45.1714,43.3414,44.4008,14638.558874214843,0
SHO,D,20240827,000000,44.8823,46.2308,44.1118,44.3045,23301.877921413132,0
SHO,D,20240828,000000,43.9192,45.7492,43.3414,45.7492,137012.0934930945,0
SHO,D,20240829,000000,45.7492,45.7492,45.1714,45.7492,23995.441814453454,0
SHO,D,20240830,000000,45.7492,46.0382,45.075,45.364,3114.807902875703,0
SHO,D,20240902,000000,45.2677,46.0382,45.2677,45.2677,15241.793338071771,0
SHO,D,20240903,000000,45.4603,46.1345,45.2677,45.7492,4837.296673165966,0
SHO,D,20240904,000000,45.2677,45.2677,43.9192,44.786,3134.5350195939154,0
SHO,D,20240905,000000,44.786,45.1714,43.3414,43.3414,7154.713752905489,0
SHO,D,20240906,000000,44.3045,44.786,43.3414,44.3045,10032.796255162637,0
SHO,D,20240909,000000,43.8229,44.8823,42.1856,43.3414,8091.2326623701165,0
SHO,D,20240910,000000,44.6897,44.6897,43.0524,44.3045,60052.45809814259,0
SHO,D,20240911,000000,43.7266,43.7266,42.3782,42.7635,33567.24649999049,0
SHO,D,20240912,000000,43.245,43.245,42.7635,42.9561,6505.795439806384,0
SHO,D,20240913,000000,42.7635,43.3414,42.3782,42.5709,5896.331360143706,0
SHO,D,20240916,000000,42.5709,43.534,42.3782,42.6672,5435.339790518101,0
SHO,D,20240917,000000,42.5709,42.5709,41.8967,42.5709,28845.197719230924,0
SHO,D,20240918,000000,42.4745,43.3414,41.8004,43.0524,32714.827403903506,0
SHO,D,20240919,000000,42.3782,44.1118,42.3782,43.9192,8232.437287300483,0
SHO,D,20240920,000000,43.1487,43.245,41.4151,41.4151,3535.3069697639226,0
SHO,D,20240923,000000,42.1856,42.1856,39.6814,41.0298,3881.0506469831253,0
SHO,D,20240924,000000,41.0298,42.0893,40.4519,42.0893,2099.3805265382234,0
SHO,D,20240925,000000,41.8967,42.1856,41.1261,41.7041,20926.317760819926,0
SHO,D,20240926,000000,41.7041,42.5709,41.7041,41.8967,11637.960594444583,0
SHO,D,20240927,000000,42.5709,44.4971,41.4151,44.2082,4886.095330311019,0
SHO,D,20240930,000000,44.1118,44.1118,42.8598,43.7266,4294.281828764635,0
SHO,D,20241001,000000,43.7266,43.7266,42.9561,43.0524,17170.89769925279,0
SHO,D,20241002,000000,43.0524,43.0524,42.3782,42.4745,2998.521741168343,0
SHO,D,20241003,000000,42.4745,42.8598,41.4151,41.5114,3015.13404998368,0
SHO,D,20241004,000000,41.4151,44.3045,41.4151,43.8229,16331.976104078269,0
SHO,D,20241007,000000,42.8598,42.8598,41.7041,42.0893,43188.88811197354,0
SHO,D,20241008,000000,41.8967,42.1856,41.2225,41.5114,6335.519274449179,0
SHO,D,20241009,000000,41.6077,42.5709,41.4151,42.5709,2635.1274858328447,0
SHO,D,20241010,000000,42.5709,42.5709,41.8004,41.8967,1270.8416243732868,0
SHO,D,20241011,000000,41.8004,42.3782,41.4151,41.7041,2354.794774574031,0
SHO,D,20241014,000000,41.4151,42.6672,41.4151,42.1856,1236.5787374416539,0
SHO,D,20241015,000000,42.1856,43.1487,42.1856,42.4745,1363.2475921585992,0
SHO,D,20241016,000000,42.8598,44.0155,42.8598,44.0155,11688.835790191555,0
SHO,D,20241017,000000,43.9192,45.1714,43.6303,44.4008,4879.865714505267,0
SHO,D,20241018,000000,44.2082,45.364,43.6303,44.6897,29090.229274257144,0
SHO,D,20241021,000000,44.6897,44.6897,42.9561,43.3414,46469.81910300261,0
SHO,D,20241022,000000,43.3414,43.3414,41.7041,42.5709,2822.015960005386,0
SHO,D,20241023,000000,41.8967,42.3782,40.163,40.4519,7237.775296982175,0
SHO,D,20241024,000000,40.9335,41.6077,40.9335,41.3188,1874.0760882302145,0
SHO,D,20241025,000000,41.2225,41.3188,40.8371,40.8371,598.0431173521349,0
SHO,D,20241028,000000,40.8371,41.6077,40.8371,41.2225,3300.6581077472865,0
SHO,D,20241029,000000,41.0298,41.8004,40.8371,41.8004,2351.679966671156,0
SHO,D,20241030,000000,41.8004,42.6672,41.4151,41.6077,14629.214450506217,0
SHO,D,20241031,000000,41.1261,41.1261,40.4519,40.4519,4890.248407514853,0
SHO,D,20241104,000000,40.4519,41.6077,40.4519,41.4151,4271.439904143546,0
SHO,D,20241105,000000,41.4151,41.8967,40.8371,41.8967,10576.849368864927,0
SHO,D,20241106,000000,41.2225,41.8004,40.6445,41.8004,34529.72214197908,0
SHO,D,20241107,000000,41.5114,44.2082,41.5114,43.3414,3394.1023448335573,0
SHO,D,20241108,000000,44.0155,44.1118,42.3782,43.245,8738.074436867304,0
SHO,D,20241112,000000,43.245,43.245,41.7041,41.993,25988.918872293903,0
SHO,D,20241113,000000,41.993,42.1856,41.5114,41.8967,4001.4898858943193,0
SHO,D,20241114,000000,41.8967,42.9561,40.6445,41.3188,7467.232812494018,0
SHO,D,20241115,000000,40.8371,41.3188,39.1998,40.4519,9967.385289202248,0
SHO,D,20241118,000000,40.4519,41.1261,39.1998,39.1998,6264.916961983996,0
SHO,D,20241119,000000,39.1035,39.2962,37.5626,38.5257,23808.553340280912,0
SHO,D,20241120,000000,38.2367,39.2962,38.2367,39.2962,8165.988052039134,0
SHO,D,20241121,000000,38.7183,39.4888,38.7183,39.3925,13946.03325047548,0
SHO,D,20241122,000000,39.1035,39.2962,38.5257,39.2962,2155.4470687899866,0
SHO,D,20241125,000000,38.5257,40.163,38.5257,40.163,1086.0296888026617,0
SHO,D,20241126,000000,39.9703,39.9703,38.5257,39.3925,4852.870712680345,0
SHO,D,20241127,000000,38.8146,38.8146,38.1404,38.8146,3847.8260293524513,0
SHO,D,20241128,000000,38.8146,39.9703,38.4294,38.4294,7580.404166298501,0
SHO,D,20241129,000000,41.4151,41.8967,39.3925,41.8967,34970.98659488647,0
SHO,D,20241202,000000,41.8967,41.8967,39.5851,39.874,176375.99750033667,0
SHO,D,20241203,000000,37.5626,39.7777,37.1772,39.0072,671906.6336916283,0
SHO,D,20241204,000000,39.2962,39.4888,38.4294,38.5257,18531.03048350851,0
SHO,D,20241205,000000,38.5257,39.2962,37.7552,37.7552,12967.98356897251,0
SHO,D,20241206,000000,37.8515,38.5257,37.6589,37.7552,12189.281593253583,0
SHO,D,20241209,000000,37.7552,38.5257,37.5626,38.5257,20037.559239199396,0
SHO,D,20241210,000000,38.4294,38.622,37.7552,38.2367,5826.767316979482,0
SHO,D,20241211,000000,38.2367,39.2962,37.8515,39.1035,42869.1011672783,0
SHO,D,20241212,000000,39.1035,40.7408,39.1035,39.4888,114755.75275774664,0
SHO,D,20241213,000000,38.8146,40.2593,38.8146,40.0667,110580.87189859225,0
SHO,D,20241216,000000,40.2593,40.2593,39.0072,39.4888,13689.580733138713,0
SHO,D,20241217,000000,39.874,39.874,38.9109,38.9109,47143.65587932472,0
SHO,D,20241218,000000,38.8146,40.2593,38.8146,39.6814,88046.27499058748,0
SHO,D,20241219,000000,39.4888,39.4888,38.7183,39.0072,3939.1937278368055,0
SHO,D,20241220,000000,39.0072,39.0072,37.9478,38.333,65940.48330387862,0
SHO,D,20241223,000000,38.4294,38.4294,37.6589,37.6589,7275.1529918166825,0
SHO,D,20241227,000000,37.8515,38.4294,37.6589,37.6589,30856.32535518767,0
SHO,D,20241230,000000,37.6589,38.4294,37.6589,38.2367,6098.793873830626,0
SHO,D,20250102,000000,38.9109,38.9109,38.1404,38.7183,6909.682197879267,0
SHO,D,20250103,000000,38.7183,39.7777,38.5257,39.1035,9582.18737854662,0
SHO,D,20250107,000000,39.1035,39.9703,38.7183,39.4888,14467.24443955668,0
SHO,D,20250108,000000,39.6814,41.4151,38.9109,39.874,15921.859730199632,0
SHO,D,20250109,000000,40.4519,40.4519,38.8146,39.3925,14620.908296098549,0
SHO,D,20250110,000000,39.4888,39.7777,38.7183,39.0072,4441.716069500752,0
SHO,D,20250113,000000,38.8146,39.3925,38.2367,39.0072,12498.685844939235,0
SHO,D,20250114,000000,39.1035,39.1035,37.6589,37.7552,9528.197374896774,0
SHO,D,20250115,000000,37.8515,38.1404,37.2736,37.8515,19291.043611810182,0
SHO,D,20250116,000000,38.0441,38.0441,37.1772,37.3699,7467.232812494018,0
SHO,D,20250117,000000,37.3699,37.7552,36.9846,37.5626,11590.20020660049,0
SHO,D,20250120,000000,37.4662,38.0441,37.2736,37.7552,9905.089131144734,0
SHO,D,20250121,000000,37.7552,37.7552,37.0809,37.3699,4594.341656741662,0
SHO,D,20250122,000000,37.3699,37.3699,36.5993,36.792,18619.28337408999,0
SHO,D,20250123,000000,36.8883,36.8883,35.3473,35.3473,16070.332240236708,0
SHO,D,20250124,000000,35.5399,38.1404,35.3473,37.8515,40348.18330455089,0
SHO,D,20250127,000000,37.8515,38.5257,36.3104,38.333,5900.484437347539,0
SHO,D,20250128,000000,38.333,38.333,37.1772,37.5626,5622.228264690643,0
SHO,D,20250129,000000,37.5626,38.9109,37.5626,37.8515,6512.0250556121355,0
SHO,D,20250130,000000,38.2367,38.9109,37.7552,38.622,4255.865864629168,0
SHO,D,20250131,000000,38.622,39.1998,38.5257,39.0072,39863.31154100324,0
SHO,D,20250203,000000,38.9109,39.1998,38.1404,38.7183,19579.68247747667,0
SHO,D,20250204,000000,38.8146,39.1998,37.7552,38.1404,10619.418410204229,0
SHO,D,20250205,000000,38.1404,38.4294,37.1772,37.5626,17182.318661563335,0
SHO,D,20250206,000000,37.5626,37.9478,37.3699,37.9478,5474.794023954526,0
SHO,D,20250207,000000,38.0441,38.0441,37.0809,37.5626,2385.942853602788,0
SHO,D,20250210,000000,38.0441,38.333,37.0809,37.5626,3675.473325393329,0
SHO,D,20250211,000000,37.5626,37.5626,36.9846,37.5626,9983.997598017586,0
SHO,D,20250212,000000,37.0809,38.0441,37.0809,38.0441,2033.9695605778338,0
SHO,D,20250213,000000,38.0441,38.1404,37.0809,37.2736,49490.14449949108,0
SHO,D,20250214,000000,37.1772,38.5257,36.1178,38.5257,72338.29873638532,0
SHO,D,20250217,000000,38.5257,39.0072,38.0441,38.5257,8932.230796146558,0
SHO,D,20250218,000000,38.5257,39.4888,37.5626,39.3925,29038.315809209216,0
SHO,D,20250219,000000,39.3925,39.4888,37.9478,38.9109,49426.81007213261,0
SHO,D,20250220,000000,38.5257,39.1035,38.333,38.4294,4063.7860439518336,0
SHO,D,20250221,000000,38.5257,39.7777,38.333,39.4888,15704.861446299292,0
SHO,D,20250224,000000,39.6814,40.163,39.0072,40.0667,17611.12388285922,0
SHO,D,20250225,000000,39.9703,41.4151,39.6814,40.9335,239168.44828370892,0
SHO,D,20250226,000000,40.9335,41.8004,39.6814,40.4519,7655.159555967518,0
SHO,D,20250227,000000,39.9703,40.6445,38.9109,40.0667,22853.34558339903,0
SHO,D,20250228,000000,39.4888,39.874,38.9109,39.6814,852.419096086984,0
SHO,D,20250303,000000,39.2962,39.2962,38.0441,39.2962,5713.595963174997,0
SHO,D,20250304,000000,38.622,38.622,37.6589,38.1404,44889.57322694366,0
SHO,D,20250305,000000,37.6589,39.4888,37.6589,38.1404,10654.719566436821,0
SHO,D,20250306,000000,39.1035,39.5851,38.5257,38.9109,67271.54454770751,0
SHO,D,20250307,000000,38.9109,39.5851,38.9109,39.5851,10043.178948172223,0
SHO,D,20250310,000000,39.5851,40.6445,39.1035,40.4519,17106.525002593356,0
SHO,D,20250311,000000,40.4519,42.5709,40.4519,41.1261,17959.9823679813,0
SHO,D,20250312,000000,41.4151,41.7041,40.4519,41.4151,11171.777678314187,0
SHO,D,20250313,000000,41.4151,42.4745,40.4519,42.1856,41233.82701826855,0
SHO,D,20250314,000000,42.1856,42.8598,41.5114,42.3782,52884.24684432464,0
SHO,D,20250317,000000,42.3782,42.5709,41.1261,41.4151,19880.78057475465,0
SHO,D,20250318,000000,41.8004,41.8004,40.7408,41.2225,24857.205334249065,0
SHO,D,20250319,000000,41.6077,41.6077,40.0667,41.1261,97312.82850164271,0
SHO,D,20250320,000000,41.1261,41.5114,40.0667,40.9335,7269.96164531189,0
SHO,D,20250321,000000,40.9335,42.5709,39.874,42.3782,15660.215866358074,0
SHO,D,20250324,000000,42.8598,43.8229,42.4745,43.1487,9370.380441151072,0
SHO,D,20250325,000000,43.0524,43.0524,41.6077,41.8004,31976.617930921962,0
SHO,D,20250326,000000,41.8004,42.0893,40.9335,41.4151,17534.291954588287,0
SHO,D,20250327,000000,41.2225,41.8004,40.6445,40.8371,9078.626767581714,0
SHO,D,20250328,000000,40.5482,40.8371,39.0072,39.4888,24075.388550627267,0
SHO,D,20250331,000000,39.6814,40.4519,38.7183,38.7183,11823.810799316167,0
SHO,D,20250401,000000,38.8146,40.4519,38.8146,40.2593,19169.566103598034,0
SHO,D,20250402,000000,40.2593,40.8371,39.5851,39.9703,5621.1899953896855,0
SHO,D,20250403,000000,39.9703,40.3556,38.333,39.0072,19656.514405747603,0
SHO,D,20250404,000000,38.333,39.4888,37.8515,38.1404,43167.08445665341,0
SHO,D,20250407,000000,37.4662,37.5626,35.0583,36.2141,32159.353327890673,0
SHO,D,20250408,000000,36.5993,38.0441,36.4067,38.0441,37158.62001200618,0
SHO,D,20250409,000000,37.0809,38.4294,37.0809,38.4294,20505.81869393171,0
SHO,D,20250410,000000,39.0072,40.3556,38.7183,39.6814,40140.52944435918,0
SHO,D,20250411,000000,40.0667,41.1261,40.0667,41.1261,9304.969475190683,0
SHO,D,20250414,000000,41.3188,41.8004,40.3556,41.4151,6074.913679908578,0
SHO,D,20250415,000000,41.6077,41.8004,40.6445,41.4151,2527.1474785331534,0
SHO,D,20250416,000000,41.7041,42.3782,40.0667,40.4519,12683.49778050986,0
SHO,D,20250417,000000,40.4519,40.4519,39.7777,40.163,6106.061758937336,0
SHO,D,20250422,000000,39.7777,42.3782,39.1035,42.2819,12066.765815740471,0
SHO,D,20250423,000000,42.3782,43.0524,41.0298,41.8004,19715.69575590224,0
SHO,D,20250424,000000,41.7041,42.8598,41.2225,42.8598,11649.381556755128,0
SHO,D,20250425,000000,42.8598,43.6303,42.7635,43.1487,50902.19074879473,0
SHO,D,20250428,000000,42.8598,42.9561,41.0298,42.3782,2373.4836219912854,0
SHO,D,20250429,000000,42.3782,43.0524,41.8004,42.3782,4169.689512649607,0
SHO,D,20250430,000000,42.0893,42.2819,40.3556,41.1261,4508.1653047621,0
SHO,D,20250502,000000,40.4519,42.1856,40.4519,41.4151,8886.54694690438,0
SHO,D,20250505,000000,41.8004,42.8598,41.4151,42.2819,10989.042281345479,0
SHO,D,20250506,000000,41.6077,41.993,40.9335,41.4151,8673.701740207875,0
SHO,D,20250507,000000,41.4151,41.7041,39.9703,40.4519,35233.668728028984,0
SHO,D,20250508,000000,40.6445,40.7408,39.1035,40.3556,21295.941631961177,0
SHO,D,20250509,000000,40.5482,41.3188,39.7777,41.3188,12963.830491768675,0
SHO,D,20250512,000000,41.993,42.3782,40.7408,41.4151,19938.92365560833,0
SHO,D,20250513,000000,41.4151,42.8598,40.9335,42.6672,6160.051762587182,0
SHO,D,20250514,000000,42.1856,42.8598,41.1261,42.5709,17965.173714486096,0
SHO,D,20250515,000000,42.5709,42.5709,41.8967,42.4745,2679.773065774063,0
SHO,D,20250516,000000,42.3782,42.3782,41.4151,42.0893,12718.798936742452,0
SHO,D,20250519,000000,43.075,43.3707,41.8921,42.8778,15971.435308128299,0
SHO,D,20250520,000000,42.7793,45.1449,41.8921,43.9621,15172.001208985499,0
SHO,D,20250521,000000,45.3421,49.8763,44.3564,48.2006,141870.1317997821,0
SHO,D,20250522,000000,48.4963,49.0877,46.7221,46.8206,130108.9141457688,0
SHO,D,20250523,000000,46.9192,47.1163,45.3421,45.8349,15446.933494350598,0
SHO,D,20250526,000000,45.8349,49.2849,45.8349,47.7077,64356.47400155159,0
SHO,D,20250527,000000,48.0035,48.102,47.0178,47.6092,17972.0495765415,0
SHO,D,20250528,000000,47.9049,52.242,47.5106,49.0877,46210.943167455,0
SHO,D,20250529,000000,50.0734,51.0591,47.5106,49.6791,19112.3591291259,0
SHO,D,20250530,000000,49.0877,52.4391,49.0877,51.0591,75009.84643187969,0
SHO,D,20250602,000000,50.6648,51.0591,49.0877,49.1863,21530.9516321163,0
SHO,D,20250603,000000,49.2849,51.0591,48.9892,48.9892,104894.2756938714,0
SHO,D,20250604,000000,49.0877,49.6791,48.2992,49.0877,8941.893591173399,0
SHO,D,20250605,000000,49.2849,49.2849,48.2006,48.8906,8366.666263490699,0
SHO,D,20250606,000000,49.0877,49.8763,47.8063,49.2849,27209.165658642,0
SHO,D,20250609,000000,49.2849,50.0734,49.1863,49.2849,11026.7122126689,0
SHO,D,20250610,000000,49.2849,50.2706,48.9892,50.2706,12557.6082223218,0
SHO,D,20250611,000000,50.0734,50.4677,49.482,49.8763,49412.737605138595,0
SHO,D,20250612,000000,49.8763,49.8763,48.3977,49.2849,20661.5163237846,0
SHO,D,20250613,000000,49.2849,49.6791,48.2992,49.6791,6932.1487302573,0
SHO,D,20250616,000000,49.6791,50.6648,49.6791,49.8763,17302.4727929955,0
SHO,D,20250617,000000,50.0734,50.2706,49.1863,49.2849,31500.544135005,0
SHO,D,20250618,000000,49.2849,49.8763,48.8906,49.6791,43469.7363960288,0
SHO,D,20250620,000000,49.2849,49.6791,48.2992,49.2849,7875.643288890299,0
SHO,D,20250623,000000,49.2849,49.2849,48.0035,48.792,9328.4220071295,0
SHO,D,20250624,000000,49.2849,49.2849,47.8063,47.8063,7960.862152250699,0
SHO,D,20250625,000000,48.4963,49.2849,47.8063,49.1863,1861.6263603134998,0
SHO,D,20250626,000000,49.1863,49.6791,48.4963,49.2849,6974.7581619375,0
SHO,D,20250627,000000,49.2849,49.2849,48.2992,48.4963,3317.4486093869996,0
SHO,D,20250630,000000,48.4963,49.2849,48.0035,48.8906,5585.8935912186,0
SHO,D,20250701,000000,49.2849,49.2849,48.2992,48.8906,11392.950423063,0
SHO,D,20250702,000000,49.2849,49.2849,48.8906,49.2849,14407.0604592981,0
SHO,D,20250703,000000,49.2849,50.0734,48.9892,49.482,13241.3881497612,0
SHO,D,20250704,000000,49.2849,51.4534,48.102,51.2563,28139.4715836597,0
SHO,D,20250707,000000,51.2563,53.2277,50.4677,51.0591,19015.9806527064,0
SHO,D,20250708,000000,51.2563,51.8477,48.792,49.6791,25609.282950078297,0
SHO,D,20250709,000000,50.0734,50.2706,48.9892,49.1863,7892.8899636179995,0
SHO,D,20250710,000000,48.9892,49.8763,48.792,49.1863,11312.804111093099,0
SHO,D,20250711,000000,49.1863,49.6791,48.792,49.0877,6738.377267140199,0
SHO,D,20250714,000000,48.9892,49.8763,48.6934,48.6934,10723.373639517,0
SHO,D,20250715,000000,48.8906,49.1863,48.3977,48.3977,4935.5925029565,0
SHO,D,20250716,000000,48.6934,49.0877,48.2992,48.5949,2601.2043530483998,0
SHO,D,20250717,000000,48.5949,49.482,48.2992,48.6934,5074.580411056199,0
SHO,D,20250718,000000,48.6934,49.8763,48.6934,49.0877,3799.3409914844997,0
SHO,D,20250721,000000,48.2992,49.0877,48.2992,48.2992,3331.6517532803996,0
SHO,D,20250722,000000,48.3977,49.6791,47.3135,48.9892,23191.704957365997,0
SHO,D,20250723,000000,49.1863,49.2849,48.2992,48.5949,14563.2950421255,0
SHO,D,20250724,000000,48.5949,48.5949,47.2149,47.6092,8041.008464220599,0
SHO,D,20250725,000000,47.7077,47.8063,46.8206,47.7077,5429.6590083912,0
SHO,D,20250728,000000,47.3135,48.2006,46.7221,47.2149,11067.292623792899,0
SHO,D,20250729,000000,47.3135,47.8063,46.9192,47.3135,12282.675936956699,0
SHO,D,20250730,000000,47.2149,48.2006,47.2149,47.6092,67066.2309543567,0
SHO,D,20250731,000000,48.2006,48.6934,47.6092,47.6092,10004.0858523441,0
SHO,D,20250801,000000,47.412,47.5106,45.5392,47.1163,13038.486094141199,0
SHO,D,20250804,000000,47.1163,47.2149,45.8349,46.6235,7990.2829503156,0
SHO,D,20250805,000000,46.6235,47.5106,46.3278,47.1163,49473.608221824594,0
SHO,D,20250806,000000,47.3135,47.3135,45.9335,47.1163,58456.082224121994,0
SHO,D,20250807,000000,46.9192,47.6092,46.4263,46.9192,4750.9516323422995,0
SHO,D,20250808,000000,47.2149,47.5106,46.4263,46.5249,3117.5900846012996,0
SHO,D,20250811,000000,46.6235,47.412,46.0321,46.5249,3464.5525997114996,0
SHO,D,20250812,000000,46.3278,46.8206,45.4406,46.8206,4787.4740023539,0
SHO,D,20250813,000000,46.7221,46.7221,45.5392,45.6378,4150.3615477071,0
SHO,D,20250814,000000,46.1306,46.7221,45.6378,46.4263,3184.5477629559,0
SHO,D,20250818,000000,46.6235,46.6235,45.8349,46.0321,2185.2551390273998,0
SHO,D,20250819,000000,45.9335,48.2006,45.7364,47.5106,8649.7146310806,0
SHO,D,20250820,000000,47.412,49.1863,47.412,48.2992,7851.295042215899,0
SHO,D,20250821,000000,48.9892,50.2706,48.4963,49.482,18014.659008221697,0
SHO,D,20250822,000000,50.2706,51.0591,48.792,48.8906,15050.259975613499,0
SHO,D,20250825,000000,49.2849,49.6791,48.102,48.9892,5547.3422006508,0
SHO,D,20250826,000000,48.9892,49.2849,48.102,48.8906,2542.3627569185996,0
SHO,D,20250827,000000,49.0877,49.482,48.3977,48.3977,4456.743651693299,0
SHO,D,20250828,000000,48.3977,48.8906,48.102,48.2992,1202.1946795484998,0
SHO,D,20250829,000000,48.102,49.0877,48.102,48.2992,1687.1305924802998,0
SHO,D,20250901,000000,48.2992,49.2849,48.2006,49.1863,5435.746070059799,0
SHO,D,20250902,000000,49.1863,50.2706,49.1863,49.2849,11154.5405077095,0
SHO,D,20250903,000000,48.2006,49.8763,47.1163,49.2849,49538.536879622996,0
SHO,D,20250904,000000,49.0877,50.2706,48.102,49.0877,8349.419588763,0
SHO,D,20250905,000000,49.0877,50.862,48.6934,50.862,11966.1487301895,0
SHO,D,20250908,000000,51.0591,53.6219,51.0591,51.4534,6341.7037484031,0
SHO,D,20250909,000000,51.8477,52.4391,50.862,52.4391,39291.983070812996,0
SHO,D,20250910,000000,52.242,52.242,49.6791,50.6648,12028.0338571536,0
SHO,D,20250911,000000,51.0591,52.0448,50.4677,51.0591,23241.415960992897,0
SHO,D,20250912,000000,50.862,51.2563,50.2706,51.2563,5380.9625150424,0
SHO,D,20250915,000000,51.2563,51.2563,49.482,49.6791,9020.0108825871,0
SHO,D,20250916,000000,49.8763,50.862,49.482,50.2706,9073.779927326399,0
SHO,D,20250917,000000,50.2706,50.2706,48.8906,49.6791,5395.1656589358,0
SHO,D,20250918,000000,49.6791,51.6505,48.792,50.4677,50149.272067039194,0
SHO,D,20250919,000000,50.4677,52.242,50.4677,52.242,13696.9032646281,0
SHO,D,20250922,000000,52.4391,52.4391,50.4677,51.2563,6525.330108739199,0
SHO,D,20250923,000000,51.2563,52.242,50.6648,51.4534,8208.4026601071,0
SHO,D,20250924,000000,51.2563,51.2563,49.482,50.0734,5665.0253929104,0
SHO,D,20250925,000000,50.0734,50.6648,49.2849,49.8763,3889.6324062353997,0
SHO,D,20250926,000000,49.2849,49.8763,47.8063,49.482,9336.538089354299,0
SHO,D,20250929,000000,49.482,49.482,48.2006,48.8906,4266.0157194104995,0
SHO,D,20250930,000000,48.8906,50.4677,48.8906,48.9892,6380.2551389709,0
SHO,D,20251001,000000,49.482,50.862,49.0877,49.6791,2486.5646916231,0
SHO,D,20251002,000000,50.2706,50.2706,49.2849,49.6791,2661.0604594562997,0
SHO,D,20251003,000000,49.482,49.6791,49.0877,49.2849,3864.2696492829,0
SHO,D,20251006,000000,49.0877,50.2706,48.2992,49.482,5182.1185005348,0
SHO,D,20251007,000000,49.2849,50.0734,48.6934,49.482,9927.9975814866,0
SHO,D,20251008,000000,48.9892,49.482,48.5949,48.5949,57764.1862144578,0
SHO,D,20251009,000000,48.5949,49.2849,47.5106,47.5106,8850.5876661444,0
SHO,D,20251010,000000,47.5106,48.2006,47.412,47.5106,3390.4933494101997,0
SHO,D,20251013,000000,47.3135,48.792,46.8206,48.3977,5738.0701329336,0
SHO,D,20251014,000000,48.9892,49.1863,47.8063,48.9892,4198.0435307778,0
SHO,D,20251015,000000,49.0877,50.4677,47.9049,49.8763,12507.8972186949,0
SHO,D,20251016,000000,49.8763,50.0734,48.792,49.0877,3859.1970978923996,0
SHO,D,20251017,000000,49.0877,49.2849,48.2992,48.8906,3019.1825876256,0
SHO,D,20251020,000000,50.0734,52.4391,50.0734,52.242,22529.229745766697,0
SHO,D,20251021,000000,52.4391,54.2133,52.0448,54.0162,16869.2769042468,0
SHO,D,20251022,000000,54.2133,59.1418,53.4248,56.7762,98356.771461795,0
SHO,D,20251023,000000,55.199,55.199,53.2277,54.2133,37929.4957673247,0
SHO,D,20251024,000000,54.2133,55.0019,53.8191,54.0162,7454.6215234788,0
SHO,D,20251027,000000,54.4105,55.199,54.0162,54.8048,12728.0459490426,0
SHO,D,20251028,000000,55.199,55.5933,53.2277,54.2133,20831.9540505054,0
SHO,D,20251029,000000,55.199,55.199,52.4391,53.2277,10609.7484883698,0
SHO,D,20251030,000000,53.4248,53.8191,52.6362,53.2277,8094.7775089599,0
SHO,D,20251031,000000,53.2277,53.2277,51.8477,52.242,9878.286577859699,0
SHO,D,20251103,000000,52.4391,54.2133,51.8477,53.8191,8160.720677036399,0
SHO,D,20251104,000000,53.8191,53.8191,52.4391,53.6219,2802.0773881122,0
SHO,D,20251105,000000,53.6219,54.8048,53.6219,54.2133,3195.7073760149997,0
SHO,D,20251106,000000,54.8048,55.0019,52.0448,53.0305,8262.1717048464,0
SHO,D,20251107,000000,53.0305,53.4248,49.6791,51.2563,32211.715839953096,0
SHO,D,20251110,000000,51.6505,52.0448,50.862,51.0591,3648.1789600476,0
SHO,D,20251112,000000,51.8477,52.8334,50.6648,50.862,13819.659008278199,0
SHO,D,20251113,000000,51.8477,52.6362,51.0591,51.2563,5662.9963723542,0
SHO,D,20251114,000000,51.0591,51.8477,49.8763,51.2563,10559.022974464799,0
SHO,D,20251117,000000,51.4534,52.6362,50.862,51.4534,25810.155985142097,0
SHO,D,20251118,000000,52.242,52.242,49.6791,49.8763,10628.0096733756,0
SHO,D,20251119,000000,50.2706,50.6648,48.9892,49.2849,11289.470374696799,0
SHO,D,20251120,000000,49.8763,50.6648,49.482,49.6791,5156.7557435823,0
SHO,D,20251121,000000,49.482,49.6791,47.8063,48.2992,24770.282950089597,0
SHO,D,20251124,000000,48.2992,49.2849,48.2992,49.2849,10444.3833130395,0
SHO,D,20251125,000000,49.2849,49.2849,47.6092,48.9892,25436.8162028013,0
SHO,D,20251126,000000,49.2849,49.2849,48.0035,49.2849,6391.414752029999,0
SHO,D,20251127,000000,49.2849,49.6791,49.0877,49.6791,5631.546553733099,0
SHO,D,20251128,000000,49.6791,49.6791,48.6934,49.2849,4635.2974606389,0
SHO,D,20251201,000000,49.2849,49.8763,48.5949,49.2849,3812.5296250998,0
SHO,D,20251202,000000,49.1863,49.1863,48.792,49.1863,4583.5574364558,0
SHO,D,20251203,000000,49.482,49.482,48.3977,48.8906,2648.8863361190997,0
SHO,D,20251204,000000,48.6934,48.9892,47.3135,47.6092,5261.2503022266,0
SHO,D,20251205,000000,47.6092,48.2992,47.2149,48.2992,63037.610640021594,0
SHO,D,20251208,000000,48.2992,49.1863,47.412,48.6934,5762.418379608,0
SHO,D,20251209,000000,49.1863,49.8763,47.7077,49.8763,6513.155985402,0
SHO,D,20251210,000000,50.0734,50.2706,48.6934,49.2849,8152.6045948116,0
SHO,D,20251211,000000,48.792,53.6219,48.3977,52.6362,132657.363964356,0
SHO,D,20251212,000000,52.8334,54.2133,51.6505,52.242,89796.33373518719,0
SHO,D,20251215,000000,52.242,53.2277,51.8477,52.242,46623.8488506417,0
SHO,D,20251216,000000,51.6505,52.4391,51.2563,52.0448,60609.8875445283,0
SHO,D,20251217,000000,52.0448,52.242,50.862,51.0591,21545.1547760097,0
SHO,D,20251218,000000,51.0591,51.2563,50.2706,51.0591,7889.846432783699,0
SHO,D,20251219,000000,51.0591,51.2563,50.4677,51.2563,29981.8222486893,0
SHO,D,20251222,000000,51.2563,51.2563,49.8763,50.862,33786.2357915643,0
SHO,D,20251223,000000,51.0591,51.6505,50.4677,51.6505,7277.0822248113,0
SHO,D,20251229,000000,52.242,54.2133,52.0448,52.4391,25802.0399029173,0
SHO,D,20251230,000000,53.0305,54.2133,52.6362,53.0305,15948.101571731999,0
SHO,D,20260102,000000,54.2133,55.9876,53.6219,54.8048,15186.2043528789,0
SHO,D,20260105,000000,55.199,55.7905,53.8191,54.2133,27068.1487299861,0
SHO,D,20260107,000000,54.4105,55.0019,53.2277,53.8191,17073.1934701449,0
SHO,D,20260108,000000,53.8191,55.0019,52.8334,53.2277,10361.1934702353,0
SHO,D,20260109,000000,53.6219,55.0019,53.2277,55.0019,10271.9165657625,0
SHO,D,20260112,000000,55.199,57.1704,54.6076,55.7905,22205.6009670528,0
SHO,D,20260113,000000,56.1847,56.1847,54.4105,55.0019,24213.3168074127,0
SHO,D,20260114,000000,55.0019,55.0019,53.0305,54.0162,15811.142684188499,0
SHO,D,20260115,000000,54.0162,54.8048,52.4391,53.8191,19390.3349453253,0
SHO,D,20260116,000000,53.8191,55.0019,52.6362,53.8191,65400.405077716496,0
SHO,D,20260119,000000,54.4105,54.6076,53.0305,53.0305,56317.4945578872,0
SHO,D,20260120,000000,52.8334,53.2277,52.0448,52.6362,46440.2224903056,0
SHO,D,20260121,000000,53.0305,53.2277,51.8477,52.0448,10171.4800482306,0
SHO,D,20260122,000000,53.0305,53.0305,49.6791,52.0448,39441.1160816937,0
SHO,D,20260123,000000,51.8477,52.0448,50.0734,50.862,68796.9854887953,0
SHO,D,20260126,000000,51.2563,52.242,49.8763,51.6505,17575.3760578044,0
SHO,D,20260127,000000,52.242,52.6362,51.2563,51.8477,6708.9564690752995,0
SHO,D,20260128,000000,51.6505,52.0448,50.2706,50.862,8686.237001092199,0
SHO,D,20260129,000000,50.862,51.0591,49.8763,50.6648,11370.6311969448,0
SHO,D,20260130,000000,50.6648,52.0448,50.2706,51.2563,5276.4679563981,0
SHO,D,20260202,000000,51.6505,52.0448,49.8763,50.4677,22531.2587663229,0
SHO,D,20260203,000000,50.862,52.6362,50.4677,51.4534,15657.9516321954,0
SHO,D,20260204,000000,50.862,52.6362,49.8763,49.8763,18076.5441351858,0
SHO,D,20260205,000000,49.2849,50.0734,47.7077,47.7077,51401.1777502146,0
SHO,D,20260206,000000,48.2006,48.2992,45.7364,46.2292,43552.926238832995,0
SHO,D,20260209,000000,46.5249,48.2992,45.6378,45.6378,77184.9564681261,0
SHO,D,20260210,000000,46.0321,46.4263,44.5535,45.2435,64023.7146303348,0
SHO,D,20260211,000000,46.3278,46.3278,45.3421,46.2292,53845.1330101575,0
SHO,D,20260212,000000,46.8206,46.8206,45.8349,45.9335,30104.577992339397,0
SHO,D,20260213,000000,45.3421,45.8349,42.1878,43.5678,156590.6759350131,0
SHO,D,20260216,000000,42.9764,44.3564,42.4836,43.3707,29182.3881495465,0
SHO,D,20260217,000000,44.3564,45.5392,43.4692,44.3564,30598.644497774098,0
SHO,D,20260218,000000,44.7507,46.3278,43.8635,45.7364,64468.070132142595,0
SHO,D,20260219,000000,45.5392,45.8349,43.9621,43.9621,27446.5610637174,0
SHO,D,20260220,000000,44.0607,44.9478,43.2721,44.2578,50848.26964865009,0
SHO,D,20260223,000000,44.2578,44.3564,42.8778,43.1735,19321.348246414498,0
SHO,D,20260224,000000,43.1735,43.2721,39.0336,39.4279,195661.4957652003,0
SHO,D,20260225,000000,40.2164,42.6807,39.7236,41.7936,143463.9274466772,0
SHO,D,20260226,000000,41.695,43.3707,41.695,43.1735,12279.632406122399,0
SHO,D,20260227,000000,43.3707,43.8635,42.385,42.385,18903.370011837298,0
SHO,D,20260302,000000,41.8921,43.4692,40.5122,43.3707,23400.6940746546,0
SHO,D,20260303,000000,43.3707,43.4692,40.5122,40.7093,27991.3530830571,0
SHO,D,20260304,000000,41.8921,43.9621,41.3007,42.8778,41674.053203791795,0
SHO,D,20260305,000000,43.765,45.3421,42.5821,44.2578,16772.8984278273,0
SHO,D,20260306,000000,45.0464,45.0464,42.9764,43.3707,54248.9081008413,0
SHO,D,20260309,000000,42.2864,42.9764,41.3993,41.4979,14591.7013299123,0
SHO,D,20260310,000000,42.7793,43.2721,41.7936,41.8921,34501.4655376248,0
SHO,D,20260311,000000,42.8778,42.8778,41.3993,41.4979,12372.967351707599,0
SHO,D,20260312,000000,42.385,42.385,41.2021,41.8921,11544.1124544999,0
SHO,D,20260313,000000,42.2864,42.2864,40.8079,41.8921,8953.0532042325,0
SHO,D,20260316,000000,42.0893,43.1735,40.5122,40.9064,30438.351873834297,0
SHO,D,20260317,000000,41.1036,42.0893,39.2308,39.9207,44749.0338567129,0
SHO,D,20260318,000000,40.1179,42.2864,39.9207,40.6107,102495.97339644299,0
SHO,D,20260319,000000,40.4136,40.7093,38.2451,38.8365,30421.105199106598,0
SHO,D,20260320,000000,39.4279,39.4279,37.9493,38.2451,8770.4413541745,0
SHO,D,20260323,000000,37.9493,39.1322,36.9636,38.4422,65283.736395734995,0
SHO,D,20260324,000000,38.935,38.935,37.0622,37.9493,8904.3567108837,0
SHO,D,20260325,000000,38.8365,38.935,37.7522,38.3436,9857.996372297699,0
SHO,D,20260326,000000,38.8365,38.8365,36.9636,38.7379,18286.5477627525,0
SHO,D,20260327,000000,38.935,38.935,37.1608,37.9493,12117.310761626399,0
SHO,D,20260330,000000,38.5408,39.3293,37.1608,38.5408,20917.172913865797,0
SHO,D,20260331,000000,38.5408,40.5122,38.5408,39.7236,46781.0979437472,0
SHO,D,20260401,000000,40.6107,42.0893,39.2308,39.2308,33945.513905226,0
SHO,D,20260402,000000,39.5265,40.0193,38.7379,39.5265,4978.2019346367,0
SHO,D,20260407,000000,41.2021,41.2021,38.4422,38.4422,7118.818621427699,0
SHO,D,20260408,000000,39.4279,40.7093,38.935,39.625,35935.9830708582,0
SHO,D,20260409,000000,40.2164,40.2164,38.8365,39.3786,6177.353083350899,0
SHO,D,20260410,000000,39.625,40.6107,39.4279,39.7236,20059.9117288713,0
SHO,D,20260413,000000,39.9207,41.1529,39.4279,41.005,36019.1729136624,0
SHO,D,20260414,000000,41.2021,43.5678,40.8079,42.6807,45973.547762379596,0
SHO,D,20260415,000000,42.6807,42.6807,41.5471,41.6457,23361.1281738087,0
SHO,D,20260416,000000,42.385,42.8778,41.6457,41.9907,17204.0652960198,0
SHO,D,20260417,000000,42.1386,42.385,41.4979,42.0893,38482.403868889196,0
SHO,D,20260420,000000,42.0893,42.0893,40.9064,41.3993,16943.3361545481,0
SHO,D,20260421,000000,41.3993,41.5964,40.9064,41.3993,30986.187424008298,0
SHO,D,20260422,000000,41.1036,41.3993,39.1322,39.8222,36866.2889958759,0
SHO,D,20260423,000000,39.7236,40.7093,39.3293,39.625,22870.105199208298,0
SHO,D,20260424,000000,40.3643,40.3643,39.1322,39.4279,6684.6082224009,0
SHO,D,20260427,000000,39.8222,40.2657,39.1322,39.5757,9621.6154775004,0
SHO,D,20260428,000000,39.5757,39.5757,38.4915,38.8365,18106.9794435288,0
SHO,D,20260429,000000,38.8365,39.1815,38.4422,38.7379,15778.6783552893,0
SHO,D,20260430,000000,38.4422,40.4136,38.4422,39.4279,6228.0785972559,0
SHO,D,20260504,000000,38.9843,40.4136,38.9843,40.0193,10518.4425633408,0
SHO,D,20260505,000000,40.3643,40.4136,39.4772,39.5265,10230.3216443604,0
SHO,D,20260506,000000,39.5265,40.4136,39.0336,39.7729,26999.1620310753,0
SHO,D,20260507,000000,39.7236,39.7236,38.9843,39.1322,10656.4159611624,0
SHO,D,20260508,000000,39.1815,40.2164,39.0336,39.0336,19510.0471581411,0
SHO,D,20260511,000000,39.4279,39.4279,38.6393,39.4279,7991.2974605937,0
SHO,D,20260512,000000,39.4279,39.4279,37.1608,37.4565,33744.6408701622,0
SHO,D,20260513,000000,38.3929,38.7872,36.4708,38.6886,32867.0894796057,0
SHO,D,20260514,000000,38.6886,38.8365,37.8015,38.7872,15768.5332525083,0
SHO,D,20260515,000000,38.3929,39.4279,38.3929,39.3293,6417.7920192606,0
SHO,D,20260518,000000,39.2308,40.0193,38.4915,39.28,26817.5646912954,0
SHO,D,20260519,000000,39.8222,39.8222,38.8365,39.3293,9283.7835548931,0
SHO,D,20260520,000000,39.4279,39.7236,38.6393,39.4279,12331.372430305499,0
SHO,D,20260521,000000,40.1672,43.2721,39.0336,43.2721,122145.00846268379,0
SHO,D,20260522,000000,43.3707,44.3071,42.4836,44.1592,39545.610640337996,0
SHO,D,20260525,000000,44.2578,45.2435,43.2228,44.3564,41953.0435302693,0
SHO,D,20260526,000000,44.7999,44.8492,42.8778,43.8635,18498.5804108754,0
SHO,D,20260527,000000,44.1592,44.3564,42.4836,43.8635,90433.446189834,0
SHO,D,20260528,000000,43.8635,43.8635,41.695,42.2371,24518.684401120798,0
SHO,D,20260529,000000,42.6807,43.1243,41.8921,41.9907,14870.6916563898,0
SHO,D,20260601,000000,42.0893,42.4836,40.4136,41.7936,32259.3978230238,0
SHO,D,20260602,000000,41.2021,44.6521,41.2021,43.42,126010.29262224479,0
SHO,D,20260603,000000,43.075,43.8142,41.2021,41.9414,10663.5175331091,0
SHO,D,20260605,000000,41.5964,43.075,41.1529,41.2514,6499.9673517866995,0
SHO,D,20260608,000000,40.7093,41.3007,39.625,41.2021,20297.3071339467,0
SHO,D,20260609,000000,40.9064,41.3993,40.9064,40.9064,7414.041112354799,0
SHO,D,20260610,000000,41.3993,41.695,40.4136,41.35,13218.0544133649,0
SHO,D,20260611,000000,41.25,42.2,40.5,40.6,6549,0
SHO,D,20260612,000000,40.65,41.5,40.65,41,10004,0
SHO,D,20260615,000000,41.8,42,40.8,41,42860,0
SHO,D,20260616,000000,41.5,42.5,41,41.6,9393,0
SHO,D,20260617,000000,42.6,42.6,41.2,42,7571,0
SHO,D,20260618,000000,42,42.4,41,42,19179,0
SHO,D,20260619,000000,42.3,42.9,41.2,41.25,53470,0
SHO,D,20260622,000000,41.3,42,40.9,41.3,13938,0
SHO,D,20260623,000000,41.4,41.9,40.2,40.4,27455,0
SHO,D,20260624,000000,40.9,41,40.2,40.55,8361,0
SHO,D,20260625,000000,40.6,41.4,40.2,40.65,16323,0
SHO,D,20260626,000000,40.65,41.1,40,41,35640,0
SHO,D,20260629,000000,40.5,40.9,40,40.2,30967,0
SHO,D,20260630,000000,40.15,40.85,40,40.5,37076,0
SHO,D,20260701,000000,40.5,40.75,40.2,40.6,25410,0
SHO,D,20260702,000000,40.75,42,40.75,41.55,8999,0
SHO,D,20260703,000000,41.55,42.05,41,42.05,6197,0
SHO,D,20260706,000000,42.15,43.8,41.7,42.5,18765,0
SHO,D,20260707,000000,42.1,42.8,41.6,41.7,9834,0
SHO,D,20260708,000000,42.45,42.45,40.8,41.3,12578,0
SHO,D,20260709,000000,41,41.95,40.75,41.85,13549,0
SHO,D,20260710,000000,41.85,41.85,40.75,41.1,69723,0
SHO,D,20260713,000000,41.75,41.95,41,41,12087,0
SHO,D,20260714,000000,41.4,42.4,41,41.55,39380,0
SHO,D,20260715,000000,41.55,42.5,41.3,41.6,14883,0
SHO,D,20260716,000000,42.25,42.4,41.9,42.3,19550,0
SHO,D,20260717,000000,42.3,42.3,41.25,41.3,17886,0
SHO,D,20260720,000000,41.85,42.2,41.4,41.55,5853,0
SHO,D,20260721,000000,41.9,41.9,41.45,41.9,15830,0
SHO,D,20260722,000000,41.9,42.3,41.8,42.1,17311,0
