<TICKER>,<PER>,<DATE>,<TIME>,<OPEN>,<HIGH>,<LOW>,<CLOSE>,<VOL>,<OPENINT>
SIM,D,20200409,000000,9.592,10.877,7.9107,10.778,306342,0
SIM,D,20200414,000000,12.845,15.414,10.759,15.414,363748,0
SIM,D,20200415,000000,16.81,23.732,16.81,21.161,310697,0
SIM,D,20200416,000000,21.141,21.141,14.931,15.604,221827,0
SIM,D,20200417,000000,15.821,17.404,14.833,15.77,78344,0
SIM,D,20200420,000000,16.217,16.711,14.22,15.149,52018,0
SIM,D,20200421,000000,15.228,15.604,14.239,14.338,64404,0
SIM,D,20200422,000000,13.844,14.831,12.904,14.437,33021,0
SIM,D,20200423,000000,14.457,16.711,14.457,15.713,61217,0
SIM,D,20200424,000000,15.693,15.94,15.159,15.723,19827,0
SIM,D,20200427,000000,15.821,17.502,15.525,16.069,69030,0
SIM,D,20200428,000000,16.8,16.8,15.821,16.415,12153,0
SIM,D,20200429,000000,16.415,16.415,15.821,16.415,15836,0
SIM,D,20200430,000000,16.415,16.415,15.624,15.673,15078,0
SIM,D,20200504,000000,15.673,16.019,12.558,15.525,13147,0
SIM,D,20200505,000000,15.821,15.97,15.426,15.821,14309,0
SIM,D,20200506,000000,15.821,16.215,15.05,15.07,9314,0
SIM,D,20200507,000000,15.08,15.228,14.833,14.842,9039,0
SIM,D,20200508,000000,15.218,15.711,14.536,14.981,13130,0
SIM,D,20200511,000000,15.327,15.821,14.833,15.179,11988,0
SIM,D,20200512,000000,14.981,15.723,14.833,15.424,10871,0
SIM,D,20200513,000000,15.703,16.415,15.327,15.426,19879,0
SIM,D,20200514,000000,15.525,16.613,14.833,15.189,28618,0
SIM,D,20200515,000000,15.821,16.015,15.485,15.821,9166,0
SIM,D,20200518,000000,16.118,17.601,16.118,17.542,54331,0
SIM,D,20200519,000000,17.295,17.552,16.81,16.959,33102,0
SIM,D,20200520,000000,17.156,17.295,16.8,17.259,11756,0
SIM,D,20200521,000000,17.443,20.123,17.443,20.073,92717,0
SIM,D,20200522,000000,19.579,20.271,19.085,19.777,39631,0
SIM,D,20200525,000000,19.876,20.963,19.777,20.558,44604,0
SIM,D,20200526,000000,21.576,21.576,20.558,21.507,54749,0
SIM,D,20200527,000000,21.754,22.447,20.271,20.963,36981,0
SIM,D,20200528,000000,21.141,25.369,21.013,23.337,67339,0
SIM,D,20200529,000000,23.534,23.633,21.853,22.743,38673,0
SIM,D,20200601,000000,23.628,26.896,22.743,26.699,104983,0
SIM,D,20200602,000000,27.688,38.555,27.688,38.367,92482,0
SIM,D,20200603,000000,38.555,49.739,37.032,38.07,190220,0
SIM,D,20200604,000000,39.554,46.475,38.664,43.509,75147,0
SIM,D,20200605,000000,46.673,51.42,45.487,50.727,100159,0
SIM,D,20200608,000000,53.397,76.141,53.397,69.219,261789,0
SIM,D,20200609,000000,73.174,73.54,58.144,58.144,174108,0
SIM,D,20200610,000000,54.396,63.286,45.585,58.342,251280,0
SIM,D,20200612,000000,53.397,63.286,49.442,56.759,78491,0
SIM,D,20200615,000000,57.946,61.308,55.375,58.342,28921,0
SIM,D,20200616,000000,59.33,62.594,59.33,60.814,31935,0
SIM,D,20200617,000000,61.694,61.694,58.737,59.825,18407,0
SIM,D,20200618,000000,60.319,60.319,57.353,58.599,14503,0
SIM,D,20200619,000000,58.342,58.342,56.364,56.463,21574,0
SIM,D,20200622,000000,58.836,63.088,57.55,61.605,35071,0
SIM,D,20200623,000000,62.297,64.275,61.308,62.791,21804,0
SIM,D,20200624,000000,63.296,65.758,62.791,64.176,21640,0
SIM,D,20200625,000000,64.868,65.738,63.879,64.71,12166,0
SIM,D,20200626,000000,65.263,72.976,64.769,70.781,41496,0
SIM,D,20200629,000000,72.175,76.734,70.801,75.943,48302,0
SIM,D,20200630,000000,76.141,82.568,74.163,79.008,47983,0
SIM,D,20200701,000000,80.788,96.946,80.59,88.996,79930,0
SIM,D,20200702,000000,90.38,98.884,90.38,98.785,62049,0
SIM,D,20200703,000000,98.884,98.884,91.171,94.533,41470,0
SIM,D,20200706,000000,95.917,97.401,84.15,91.962,55057,0
SIM,D,20200707,000000,92.358,94.138,85.535,88.996,34500,0
SIM,D,20200708,000000,88.986,88.996,85.535,88.293,9362,0
SIM,D,20200709,000000,88.293,88.996,86.039,86.049,13203,0
SIM,D,20200710,000000,86.039,92.951,79.157,89.263,36928,0
SIM,D,20200713,000000,91.962,91.962,87.018,89.965,7470,0
SIM,D,20200714,000000,89.974,89.974,85.04,86.622,9827,0
SIM,D,20200715,000000,87.315,89.984,84.941,84.941,12731,0
SIM,D,20200716,000000,83.063,85.04,81.085,84.348,10374,0
SIM,D,20200717,000000,85.337,85.337,81.678,82.074,6367,0
SIM,D,20200720,000000,82.074,82.074,73.57,77.327,18282,0
SIM,D,20200721,000000,77.129,77.129,69.219,69.713,43104,0
SIM,D,20200722,000000,69.219,72.185,60.121,69.614,61070,0
SIM,D,20200723,000000,69.219,87.018,67.241,77.129,47121,0
SIM,D,20200724,000000,77.624,77.624,69.614,71.889,14968,0
SIM,D,20200727,000000,71.879,71.879,66.846,67.785,26637,0
SIM,D,20200728,000000,67.241,67.241,63.286,64.077,25568,0
SIM,D,20200729,000000,64.275,69.209,64.275,67.34,13468,0
SIM,D,20200730,000000,68.032,68.032,54.485,57.353,18813,0
SIM,D,20200731,000000,56.364,65.263,48.028,62.297,16571,0
SIM,D,20200803,000000,59.33,59.33,51.815,56.364,132975,0
SIM,D,20200804,000000,57.204,57.204,52.408,52.903,35913,0
SIM,D,20200805,000000,51.42,53.595,46.881,48.943,50284,0
SIM,D,20200806,000000,48.943,54.712,47.959,50.431,27826,0
SIM,D,20200807,000000,50.045,52.408,47.474,52.408,23166,0
SIM,D,20200810,000000,53.991,53.991,51.42,52.408,8599,0
SIM,D,20200811,000000,52.705,53.981,49.976,49.976,6845,0
SIM,D,20200812,000000,50.431,50.925,48.107,50.233,9114,0
SIM,D,20200813,000000,51.42,53.892,49.442,53.397,14433,0
SIM,D,20200814,000000,52.656,53.892,50.441,52.31,8110,0
SIM,D,20200817,000000,52.399,52.804,50.559,50.836,5900,0
SIM,D,20200818,000000,51.42,54.376,50.648,50.648,21797,0
SIM,D,20200819,000000,51.42,53.17,50.648,52.577,10330,0
SIM,D,20200820,000000,52.577,53.298,51.449,53.101,6164,0
SIM,D,20200821,000000,53.2,53.694,52.043,52.418,4265,0
SIM,D,20200824,000000,52.428,62.9,52.428,59.123,41380,0
SIM,D,20200825,000000,59.133,61.051,52.408,53.496,23421,0
SIM,D,20200826,000000,55.751,55.751,53.496,55.177,2297,0
SIM,D,20200827,000000,55.276,58.233,55.276,56.66,9448,0
SIM,D,20200828,000000,58.243,58.243,55.484,56.858,2076,0
SIM,D,20200831,000000,57.145,57.145,54.643,56.354,3713,0
SIM,D,20200901,000000,54.386,54.386,51.766,51.766,8609,0
SIM,D,20200902,000000,51.766,53.892,50.579,51.222,9541,0
SIM,D,20200903,000000,51.42,52.013,50.925,51.617,4475,0
SIM,D,20200904,000000,48.661,50.925,47.365,48.255,13595,0
SIM,D,20200907,000000,47.464,47.563,40.053,41.037,45010,0
SIM,D,20200908,000000,40.542,40.542,29.467,34.609,75454,0
SIM,D,20200909,000000,33.126,43.015,31.801,41.531,29606,0
SIM,D,20200910,000000,43.509,44.498,38.565,42.372,13731,0
SIM,D,20200911,000000,42.332,43.509,40.345,42.214,1575,0
SIM,D,20200914,000000,43.494,43.494,36.014,37.576,34328,0
SIM,D,20200915,000000,35.697,35.885,33.146,34.392,27215,0
SIM,D,20200916,000000,34.599,34.599,29.27,31.544,50404,0
SIM,D,20200917,000000,31.307,31.307,28.182,29.665,35167,0
SIM,D,20200918,000000,30.654,33.027,29.873,31.643,15595,0
SIM,D,20200921,000000,31.9,31.9,28.182,28.795,20213,0
SIM,D,20200922,000000,27.796,29.962,27.796,29.27,8151,0
SIM,D,20200923,000000,29.467,29.665,27.796,28.182,6482,0
SIM,D,20200924,000000,27.519,27.539,23.732,25.166,36159,0
SIM,D,20200925,000000,24.266,26.699,22.991,24.968,30221,0
SIM,D,20200928,000000,24.721,25.611,23.732,25.215,8585,0
SIM,D,20200929,000000,25.215,25.215,23.633,24.207,15030,0
SIM,D,20200930,000000,23.732,30.654,21.754,30.654,39538,0
SIM,D,20201001,000000,28.558,29.665,23.732,24.325,41807,0
SIM,D,20201002,000000,24.721,27.589,22.743,25.611,30289,0
SIM,D,20201005,000000,25.71,26.649,25.215,26.303,5008,0
SIM,D,20201006,000000,26.402,27.688,22.081,25.047,19291,0
SIM,D,20201007,000000,24.721,25.71,23.742,24.919,4929,0
SIM,D,20201008,000000,24.919,24.919,23.238,24.029,9420,0
SIM,D,20201009,000000,23.93,24.068,22.254,22.644,20473,0
SIM,D,20201012,000000,22.743,25.512,22.743,24.721,12691,0
SIM,D,20201013,000000,25.314,25.314,23.732,24.345,4630,0
SIM,D,20201014,000000,24.321,24.424,23.435,24.167,3316,0
SIM,D,20201015,000000,24.128,24.128,20.914,22.298,10733,0
SIM,D,20201016,000000,22.15,22.298,21.557,21.952,7751,0
SIM,D,20201019,000000,21.952,23.119,21.952,22.249,7067,0
SIM,D,20201020,000000,22.249,22.743,20.865,22.15,4493,0
SIM,D,20201021,000000,22.15,22.348,20.568,21.754,13838,0
SIM,D,20201022,000000,21.161,21.656,19.975,21.151,12956,0
SIM,D,20201023,000000,21.646,21.646,20.37,20.667,9110,0
SIM,D,20201026,000000,19.935,20.667,17.809,18.294,35225,0
SIM,D,20201027,000000,18.294,19.085,17.799,17.819,9595,0
SIM,D,20201028,000000,17.799,18.689,14.852,15.762,35669,0
SIM,D,20201029,000000,15.703,16.098,14.734,15.901,27189,0
SIM,D,20201030,000000,15.723,15.723,14.15,15.129,20534,0
SIM,D,20201102,000000,14.536,15.129,13.201,15.129,8680,0
SIM,D,20201103,000000,15.129,17.166,14.833,16.573,17166,0
SIM,D,20201104,000000,16.652,23.92,16.217,23.633,62322,0
SIM,D,20201105,000000,23.93,32.236,23.93,28.132,133493,0
SIM,D,20201106,000000,29.616,29.616,23.93,24.34,40010,0
SIM,D,20201109,000000,24.227,24.227,19.381,21.062,45922,0
SIM,D,20201110,000000,21.754,23.702,21.26,22.941,14576,0
SIM,D,20201112,000000,23.633,24.721,22.644,23.93,10740,0
SIM,D,20201113,000000,26.204,29.171,26.204,26.995,45832,0
SIM,D,20201116,000000,29.665,35.104,26.699,31.643,115857,0
SIM,D,20201117,000000,31.643,33.818,28.676,31.633,37310,0
SIM,D,20201118,000000,31.643,33.126,28.706,29.685,14926,0
SIM,D,20201119,000000,29.655,30.258,25.512,26.896,26002,0
SIM,D,20201120,000000,27.49,27.49,25.29,25.611,16475,0
SIM,D,20201123,000000,26.699,31.633,24.721,31.346,27292,0
SIM,D,20201124,000000,30.951,33.917,29.171,29.27,47295,0
SIM,D,20201125,000000,29.645,30.654,27.208,28.825,12757,0
SIM,D,20201126,000000,28.043,28.825,27.297,28.182,5398,0
SIM,D,20201127,000000,28.518,28.518,26.699,27.292,5258,0
SIM,D,20201130,000000,26.798,27.193,25.463,26.204,6716,0
SIM,D,20201201,000000,26.402,29.66,25.225,28.469,18770,0
SIM,D,20201202,000000,28.469,28.469,26.699,26.896,10071,0
SIM,D,20201203,000000,26.699,27.885,26.501,26.501,3144,0
SIM,D,20201204,000000,26.699,27.964,26.699,27.589,4913,0
SIM,D,20201207,000000,27.51,29.27,26.328,27.579,10656,0
SIM,D,20201208,000000,27.688,28.479,26.501,26.699,8955,0
SIM,D,20201209,000000,27.193,28.162,26.699,27.678,8591,0
SIM,D,20201210,000000,27.688,27.688,26.407,26.55,8133,0
SIM,D,20201211,000000,26.699,26.995,25.413,25.71,10228,0
SIM,D,20201214,000000,26.219,26.219,24.622,24.721,8715,0
SIM,D,20201215,000000,25.69,25.71,24.533,24.721,6328,0
SIM,D,20201216,000000,24.484,25.492,23.356,23.633,16048,0
SIM,D,20201217,000000,23.633,24.227,22.249,22.941,16755,0
SIM,D,20201218,000000,22.565,22.743,21.364,22.244,13710,0
SIM,D,20201221,000000,21.319,22.743,19.678,20.766,26583,0
SIM,D,20201222,000000,20.756,21.754,20.518,20.766,14370,0
SIM,D,20201223,000000,20.078,20.963,20.078,20.271,13311,0
SIM,D,20201228,000000,20.172,20.766,18.788,19.233,51226,0
SIM,D,20201229,000000,19.085,27.381,19.085,25.067,66226,0
SIM,D,20201230,000000,25.611,27.688,24.058,25.898,32957,0
SIM,D,20210104,000000,25.987,26.995,24.157,24.325,42244,0
SIM,D,20210105,000000,24.82,24.82,22.397,24.355,9857,0
SIM,D,20210107,000000,24.424,24.721,22.743,23.435,7962,0
SIM,D,20210108,000000,23.435,25.215,21.873,22.743,16049,0
SIM,D,20210111,000000,22.249,23.623,21.853,23.238,4758,0
SIM,D,20210112,000000,22.605,23.732,22.605,23.534,5013,0
SIM,D,20210113,000000,24.375,24.375,22.664,23.732,4392,0
SIM,D,20210114,000000,23.732,23.732,22.743,23.505,2149,0
SIM,D,20210115,000000,23.337,23.564,22.269,23.089,7211,0
SIM,D,20210118,000000,22.842,23.119,22.447,22.644,1784,0
SIM,D,20210119,000000,22.654,23.505,22.644,23.426,3347,0
SIM,D,20210120,000000,23.238,23.386,22.546,22.832,4258,0
SIM,D,20210121,000000,22.644,22.743,22.101,22.348,1817,0
SIM,D,20210122,000000,22.644,22.887,22.298,22.887,584,0
SIM,D,20210125,000000,21.913,27.183,21.903,25.364,66338,0
SIM,D,20210126,000000,26.313,26.896,24.77,25.255,23976,0
SIM,D,20210127,000000,25.126,26.204,22.15,23.228,18513,0
SIM,D,20210128,000000,22.892,24.128,22.546,24.078,9452,0
SIM,D,20210129,000000,24.414,25.117,23.534,24.029,3634,0
SIM,D,20210201,000000,25.413,25.413,24.227,24.958,5111,0
SIM,D,20210202,000000,24.968,26.501,24.622,25.413,9200,0
SIM,D,20210203,000000,25.492,26.194,25.215,25.601,10236,0
SIM,D,20210204,000000,25.66,25.69,23.732,24.236,6182,0
SIM,D,20210205,000000,24.721,25.71,24.325,25.107,2634,0
SIM,D,20210208,000000,25.453,25.453,23.93,24.919,19454,0
SIM,D,20210209,000000,24.919,25.393,23.96,24.919,4992,0
SIM,D,20210210,000000,24.919,26.006,24.246,25.314,7248,0
SIM,D,20210211,000000,25.314,25.68,24.523,24.573,2490,0
SIM,D,20210212,000000,24.622,25.057,24.622,24.731,1398,0
SIM,D,20210215,000000,24.721,25.542,24.286,24.375,3030,0
SIM,D,20210216,000000,24.711,24.711,23.238,24.197,3511,0
SIM,D,20210217,000000,24.187,24.207,23.337,24.207,3400,0
SIM,D,20210218,000000,24.207,24.227,23.386,23.386,4224,0
SIM,D,20210219,000000,23.722,23.732,22.753,23.238,3981,0
SIM,D,20210222,000000,22.872,23.233,22.872,23.188,1370,0
SIM,D,20210223,000000,22.991,24.128,22.743,23.327,6174,0
SIM,D,20210224,000000,23.337,23.999,22.763,22.961,2165,0
SIM,D,20210225,000000,22.961,23.584,22.753,22.892,4225,0
SIM,D,20210226,000000,22.743,23.139,22.387,23.129,3666,0
SIM,D,20210301,000000,23.139,23.139,22.654,22.664,2908,0
SIM,D,20210302,000000,22.664,23.238,22.664,22.773,1965,0
SIM,D,20210303,000000,22.743,22.941,20.667,22.239,14081,0
SIM,D,20210304,000000,21.804,21.804,20.785,21.25,5140,0
SIM,D,20210305,000000,21.26,21.26,19.579,20.993,9882,0
SIM,D,20210308,000000,20.073,21.458,19.984,21.458,2483,0
SIM,D,20210309,000000,21.458,21.952,20.874,21.947,2280,0
SIM,D,20210310,000000,21.952,21.952,21.062,21.097,2864,0
SIM,D,20210311,000000,21.656,21.903,21.161,21.626,2783,0
SIM,D,20210312,000000,21.725,22.486,21.161,22.486,3324,0
SIM,D,20210315,000000,22.496,25.186,22.486,24.503,15389,0
SIM,D,20210316,000000,24.721,24.874,23.732,24.068,2142,0
SIM,D,20210317,000000,24.227,24.721,23.337,24.088,2898,0
SIM,D,20210318,000000,24.128,25.512,22.941,25.24,6876,0
SIM,D,20210319,000000,25.215,25.215,23.534,23.633,3058,0
SIM,D,20210322,000000,23.93,24.612,23.732,24.187,2324,0
SIM,D,20210323,000000,24.227,24.227,23.732,23.88,992,0
SIM,D,20210324,000000,23.93,23.979,22.358,23.233,8122,0
SIM,D,20210325,000000,22.743,23.623,22.407,23.623,1073,0
SIM,D,20210326,000000,23.594,23.683,22.012,22.743,2786,0
SIM,D,20210329,000000,23.515,25.206,22.743,24.424,10027,0
SIM,D,20210330,000000,25.102,25.102,23.93,24.424,4672,0
SIM,D,20210331,000000,24.523,24.721,22.941,23.979,5247,0
SIM,D,20210401,000000,23.979,24.474,23.979,24.325,1195,0
SIM,D,20210406,000000,24.325,24.424,23.732,23.732,1822,0
SIM,D,20210407,000000,24.375,24.721,23.188,23.979,7441,0
SIM,D,20210408,000000,24.078,24.078,23.435,23.88,775,0
SIM,D,20210409,000000,23.88,24.128,23.287,23.534,771,0
SIM,D,20210412,000000,23.683,23.683,22.842,23.485,2355,0
SIM,D,20210413,000000,23.534,23.732,23.04,23.732,1359,0
SIM,D,20210414,000000,23.88,23.88,22.842,23.88,1868,0
SIM,D,20210415,000000,23.93,23.93,23.287,23.732,884,0
SIM,D,20210416,000000,23.238,23.88,23.238,23.831,924,0
SIM,D,20210419,000000,23.683,23.683,22.892,23.386,724,0
SIM,D,20210420,000000,23.386,23.386,22.348,23.188,1835,0
SIM,D,20210421,000000,22.694,24.325,21.952,23.633,5200,0
SIM,D,20210422,000000,23.633,24.523,22.842,24.325,7787,0
SIM,D,20210423,000000,23.93,24.523,23.732,24.375,2141,0
SIM,D,20210426,000000,24.375,24.375,23.337,23.732,1082,0
SIM,D,20210427,000000,23.633,24.177,23.139,24.029,864,0
SIM,D,20210428,000000,24.029,24.227,23.435,24.128,1686,0
SIM,D,20210429,000000,23.93,24.227,23.584,23.683,2077,0
SIM,D,20210430,000000,24.128,24.128,23.633,23.831,1401,0
SIM,D,20210504,000000,23.732,24.227,23.238,23.238,1027,0
SIM,D,20210505,000000,23.04,23.683,22.249,23.04,1540,0
SIM,D,20210506,000000,23.04,23.089,21.952,22.941,3559,0
SIM,D,20210507,000000,22.348,23.732,22.002,23.683,2772,0
SIM,D,20210510,000000,24.227,24.523,22.595,23.287,7858,0
SIM,D,20210511,000000,22.496,23.683,21.458,23.584,6608,0
SIM,D,20210512,000000,23.584,23.732,22.743,23.04,786,0
SIM,D,20210513,000000,23.435,23.93,21.804,23.188,4157,0
SIM,D,20210514,000000,23.188,23.584,22.447,23.089,1208,0
SIM,D,20210517,000000,23.139,23.435,22.546,23.337,1951,0
SIM,D,20210518,000000,23.386,23.386,22.546,23.04,687,0
SIM,D,20210519,000000,23.04,23.584,22.397,22.546,1725,0
SIM,D,20210520,000000,22.941,22.941,22.496,22.941,222,0
SIM,D,20210521,000000,22.546,22.892,21.26,21.26,7033,0
SIM,D,20210524,000000,21.26,22.447,21.26,22.15,1853,0
SIM,D,20210525,000000,22.15,22.15,21.26,21.754,2512,0
SIM,D,20210526,000000,21.359,21.754,20.963,21.754,2895,0
SIM,D,20210527,000000,21.161,21.507,19.777,20.271,11918,0
SIM,D,20210528,000000,20.617,21.161,20.321,21.062,2837,0
SIM,D,20210531,000000,20.766,20.865,20.321,20.865,1196,0
SIM,D,20210601,000000,21.112,22.199,20.963,21.211,1787,0
SIM,D,20210602,000000,21.656,21.656,21.013,21.112,2268,0
SIM,D,20210604,000000,21.26,21.26,19.826,20.667,2905,0
SIM,D,20210607,000000,20.667,20.865,20.271,20.766,4051,0
SIM,D,20210608,000000,20.963,20.963,20.37,20.469,565,0
SIM,D,20210609,000000,20.667,20.716,20.469,20.469,590,0
SIM,D,20210610,000000,20.667,20.766,19.876,20.42,1518,0
SIM,D,20210611,000000,20.024,20.568,19.975,19.975,3649,0
SIM,D,20210614,000000,19.876,20.469,19.826,20.469,3038,0
SIM,D,20210615,000000,20.271,20.963,20.271,20.963,1375,0
SIM,D,20210616,000000,21.013,21.458,20.568,21.26,576,0
SIM,D,20210617,000000,21.507,22.694,20.568,22.199,2743,0
SIM,D,20210618,000000,22.348,22.694,21.656,22.546,1122,0
SIM,D,20210621,000000,22.595,22.595,21.26,22.002,984,0
SIM,D,20210622,000000,21.309,22.101,21.013,21.062,948,0
SIM,D,20210623,000000,21.359,21.754,21.359,21.705,919,0
SIM,D,20210624,000000,21.705,21.705,20.469,21.458,1503,0
SIM,D,20210625,000000,22.051,22.051,20.568,21.903,1003,0
SIM,D,20210628,000000,21.211,21.458,20.766,21.408,1494,0
SIM,D,20210629,000000,21.408,22.546,20.766,21.26,7315,0
SIM,D,20210630,000000,21.458,22.199,20.865,22.199,4251,0
SIM,D,20210701,000000,22.249,23.979,22.199,23.238,7554,0
SIM,D,20210702,000000,23.633,23.633,21.754,22.15,6620,0
SIM,D,20210705,000000,22.1,22.3,21.2,22,1958,0
SIM,D,20210706,000000,21.95,22,21.45,22,354,0
SIM,D,20210707,000000,21.45,21.9,21.1,21.4,2104,0
SIM,D,20210708,000000,21.75,21.75,21.05,21.35,1328,0
SIM,D,20210709,000000,21.35,21.4,21.05,21.3,411,0
SIM,D,20210712,000000,21.3,22,21,21.5,1237,0
SIM,D,20210713,000000,21.6,21.6,20.75,21.1,1888,0
SIM,D,20210714,000000,21.1,21.3,20.7,21.3,1034,0
SIM,D,20210715,000000,20.9,21.35,20.9,20.95,793,0
SIM,D,20210716,000000,21.3,21.3,20.85,21.25,101,0
SIM,D,20210719,000000,20.85,20.9,20.2,20.8,2612,0
SIM,D,20210720,000000,20.2,20.85,20,20,2516,0
SIM,D,20210721,000000,20.35,20.4,20.1,20.1,298,0
SIM,D,20210722,000000,20.4,20.7,20.1,20.55,884,0
SIM,D,20210723,000000,20.35,20.4,20,20.3,781,0
SIM,D,20210726,000000,20,20.45,19.5,19.5,2166,0
SIM,D,20210727,000000,19.5,19.96,19,19.12,2303,0
SIM,D,20210728,000000,19.46,19.5,19,19.3,779,0
SIM,D,20210729,000000,19,19.8,18.92,19.8,1565,0
SIM,D,20210730,000000,19.5,19.5,18.34,19,3413,0
SIM,D,20210802,000000,19,19.48,18.2,18.88,1438,0
SIM,D,20210803,000000,18.88,19,18.24,19,1151,0
SIM,D,20210804,000000,19,19.5,18.7,19,1132,0
SIM,D,20210805,000000,19.42,19.42,19,19.4,281,0
SIM,D,20210806,000000,19.4,19.8,19.14,19.8,912,0
SIM,D,20210809,000000,19.8,19.8,19.32,19.32,246,0
SIM,D,20210810,000000,20.85,21.5,20.2,21.35,5709,0
SIM,D,20210811,000000,21.35,21.35,19.2,20.6,3067,0
SIM,D,20210812,000000,20.2,20.35,19.66,20,2555,0
SIM,D,20210813,000000,20,20.45,19.74,20.4,516,0
SIM,D,20210816,000000,20.25,20.25,19.6,20.2,1212,0
SIM,D,20210817,000000,19.64,20.25,19.64,20.25,605,0
SIM,D,20210818,000000,20.05,20.2,20,20.2,2047,0
SIM,D,20210819,000000,20,20.2,19.7,20.15,252,0
SIM,D,20210820,000000,20,20.95,19.98,20.7,6593,0
SIM,D,20210823,000000,20.7,22.15,20.7,22.15,4140,0
SIM,D,20210824,000000,22.15,22.15,21.5,22,1207,0
SIM,D,20210825,000000,21.9,22,21.2,22,2535,0
SIM,D,20210826,000000,21.4,21.95,21.1,21.7,1703,0
SIM,D,20210827,000000,21.7,21.7,21,21.35,1199,0
SIM,D,20210830,000000,21.2,21.3,20.6,21,1327,0
SIM,D,20210831,000000,20.7,21.6,20.6,21.3,1239,0
SIM,D,20210901,000000,21.4,21.8,21,21.5,3009,0
SIM,D,20210902,000000,21.3,21.3,20.5,21.3,1584,0
SIM,D,20210903,000000,21.3,21.6,20.6,20.95,4646,0
SIM,D,20210906,000000,21.45,21.5,20.65,21.3,712,0
SIM,D,20210907,000000,21.25,21.25,20.7,20.8,397,0
SIM,D,20210908,000000,21.35,21.5,20.85,21.25,2086,0
SIM,D,20210909,000000,21.6,22,21.25,22,1593,0
SIM,D,20210910,000000,22,22.1,21.8,22.1,590,0
SIM,D,20210913,000000,22.1,22.1,21.6,21.9,567,0
SIM,D,20210914,000000,21.9,22.1,21.6,22,942,0
SIM,D,20210915,000000,22,22.05,21.8,22,909,0
SIM,D,20210916,000000,21.9,22,21.65,22,720,0
SIM,D,20210917,000000,21.7,22,21.7,21.9,974,0
SIM,D,20210920,000000,22,22,21,21.45,1124,0
SIM,D,20210921,000000,21.1,21.85,20.6,21.25,1540,0
SIM,D,20210922,000000,20.85,21.45,20.8,21.45,222,0
SIM,D,20210923,000000,21.45,21.5,20.7,20.7,823,0
SIM,D,20210924,000000,21,21.1,20.15,21.1,1253,0
SIM,D,20210927,000000,21,21,20.35,20.9,710,0
SIM,D,20210928,000000,20.55,20.75,20.05,20.7,482,0
SIM,D,20210929,000000,20.6,21.7,20.6,21.4,1020,0
SIM,D,20210930,000000,21.5,21.5,20.7,21.5,455,0
SIM,D,20211001,000000,21.35,21.35,21.35,21.35,1000,0
SIM,D,20211004,000000,21.3,21.3,20.5,21.05,721,0
SIM,D,20211005,000000,20.5,20.8,19.9,20.8,589,0
SIM,D,20211006,000000,20.5,20.8,19.94,20.65,1039,0
SIM,D,20211007,000000,20.05,20.65,20.05,20.45,525,0
SIM,D,20211008,000000,20.05,20.5,19.8,20.4,1294,0
SIM,D,20211011,000000,20.4,20.4,19,19.76,4805,0
SIM,D,20211012,000000,19,19.6,18.9,19.2,2886,0
SIM,D,20211013,000000,19,19.5,18.88,19.4,2482,0
SIM,D,20211014,000000,19,19.4,18.4,19.34,2063,0
SIM,D,20211015,000000,19.38,19.74,19.38,19.74,421,0
SIM,D,20211018,000000,19.68,19.68,19.08,19.48,4354,0
SIM,D,20211019,000000,19.22,19.22,18.2,18.92,2930,0
SIM,D,20211020,000000,18.66,18.88,18.1,18.62,2428,0
SIM,D,20211021,000000,18.2,18.34,15.6,16.7,4792,0
SIM,D,20211022,000000,17.18,18.26,16.92,18.26,9474,0
SIM,D,20211025,000000,18.2,18.74,17.74,18.48,1460,0
SIM,D,20211026,000000,18.4,18.9,18.36,18.9,1271,0
SIM,D,20211027,000000,18.9,19.44,18.34,19.2,3561,0
SIM,D,20211028,000000,19.34,19.68,18.94,19.38,1375,0
SIM,D,20211029,000000,19.08,19.08,18.54,19.06,985,0
SIM,D,20211102,000000,19.1,19.74,18.5,19.7,1702,0
SIM,D,20211103,000000,19.48,19.48,18.84,19.4,106,0
SIM,D,20211104,000000,19.38,19.4,19.34,19.4,81,0
SIM,D,20211105,000000,19.4,19.56,18.74,19.36,1902,0
SIM,D,20211108,000000,19.34,19.34,18.1,19.06,1768,0
SIM,D,20211109,000000,19,19.04,19,19,129,0
SIM,D,20211110,000000,18.94,19.1,18.4,19.1,2000,0
SIM,D,20211112,000000,19.1,19.9,18.48,19.9,2554,0
SIM,D,20211115,000000,19.9,20.35,19.52,20,2552,0
SIM,D,20211116,000000,19.98,19.98,18.78,19.24,2331,0
SIM,D,20211117,000000,19.22,19.22,18.7,19.22,2067,0
SIM,D,20211118,000000,18.98,19.14,18.56,18.58,1177,0
SIM,D,20211119,000000,18.52,19.16,18.4,19.16,1042,0
SIM,D,20211122,000000,18.72,19.08,18.1,18.98,652,0
SIM,D,20211123,000000,18.04,18.9,17.7,18.9,669,0
SIM,D,20211124,000000,18.88,19.06,18.1,19,1021,0
SIM,D,20211125,000000,19.06,19.42,18.32,19,361,0
SIM,D,20211126,000000,18.42,20.5,17.7,18.4,5005,0
SIM,D,20211129,000000,17.76,18.34,17.5,17.7,1166,0
SIM,D,20211130,000000,18.1,18.1,17.44,18,199,0
SIM,D,20211201,000000,17.46,18.18,17.46,18,1159,0
SIM,D,20211202,000000,17.9,17.9,17.4,17.76,547,0
SIM,D,20211203,000000,17.7,17.76,15.32,17.4,6129,0
SIM,D,20211206,000000,16.34,16.4,14.02,15.3,33106,0
SIM,D,20211207,000000,15.38,16.48,15.2,15.68,2048,0
SIM,D,20211208,000000,15.68,15.68,14.2,14.58,8768,0
SIM,D,20211209,000000,14.28,14.48,12.8,13,16329,0
SIM,D,20211210,000000,12.14,12.98,12,12.38,12435,0
SIM,D,20211213,000000,12.6,12.6,12.02,12.34,8350,0
SIM,D,20211214,000000,12.38,12.38,11.8,11.8,4404,0
SIM,D,20211215,000000,12.2,12.2,11.26,11.28,6033,0
SIM,D,20211216,000000,11.04,11.84,11.04,11.14,11550,0
SIM,D,20211217,000000,11.2,11.5,10.78,11.3,7107,0
SIM,D,20211220,000000,11.3,11.34,10.94,11.06,9275,0
SIM,D,20211221,000000,11.28,11.28,11.02,11.2,5430,0
SIM,D,20211222,000000,11.14,11.48,11.12,11.34,6425,0
SIM,D,20211223,000000,11.34,11.76,11,11.26,8078,0
SIM,D,20211227,000000,11.2,11.26,10.22,10.22,11283,0
SIM,D,20211228,000000,10.1,10.1,9.45,9.78,18210,0
SIM,D,20211229,000000,9.9,11.06,9.9,11.06,9622,0
SIM,D,20211230,000000,11.06,13.54,10.9,13.54,11784,0
SIM,D,20220103,000000,13.7,14.36,13.1,13.58,6777,0
SIM,D,20220104,000000,13.14,13.14,12.6,13,2214,0
SIM,D,20220105,000000,12.94,12.94,12.7,12.94,1258,0
SIM,D,20220107,000000,12.64,13.1,12.62,13.08,429,0
SIM,D,20220110,000000,13.08,14.5,13.06,14.44,2991,0
SIM,D,20220111,000000,14.6,15.5,14.02,15.44,3855,0
SIM,D,20220112,000000,15.44,16.66,15.44,16,5980,0
SIM,D,20220113,000000,16.36,16.36,15.1,15.9,1394,0
SIM,D,20220114,000000,15.7,15.9,15,15.44,2389,0
SIM,D,20220117,000000,15.02,15.02,14.06,14.48,2682,0
SIM,D,20220118,000000,14.18,14.54,14.18,14.48,2098,0
SIM,D,20220119,000000,14.02,16.8,14.02,15.78,8510,0
SIM,D,20220120,000000,15.72,15.76,15,15.6,1445,0
SIM,D,20220121,000000,15.46,15.46,13.6,13.9,4802,0
SIM,D,20220124,000000,14,14.18,13.04,13.96,2518,0
SIM,D,20220125,000000,13.22,13.88,12.8,13.1,6969,0
SIM,D,20220126,000000,13.1,13.1,12.2,12.8,2069,0
SIM,D,20220127,000000,12.58,13.9,12.58,13.54,9774,0
SIM,D,20220128,000000,13.6,13.7,12.32,13.2,1742,0
SIM,D,20220131,000000,13.6,13.78,13.2,13.76,1717,0
SIM,D,20220201,000000,13.7,14.96,13.7,14.96,3174,0
SIM,D,20220202,000000,15,16.28,14.8,16,7316,0
SIM,D,20220203,000000,16,16.9,15.8,16.56,5445,0
SIM,D,20220204,000000,16.34,16.6,15.9,16.6,1090,0
SIM,D,20220207,000000,16.66,16.66,15.52,16,1667,0
SIM,D,20220208,000000,15.9,15.9,15.02,15.2,976,0
SIM,D,20220209,000000,14.7,15.44,14.2,15.3,2206,0
SIM,D,20220210,000000,15.2,15.98,15.2,15.96,4058,0
SIM,D,20220211,000000,16,16.3,15.7,16.3,2015,0
SIM,D,20220214,000000,15.56,15.98,15.02,15.64,3141,0
SIM,D,20220215,000000,15.78,16.36,15.02,16.24,3975,0
SIM,D,20220216,000000,16.24,16.24,15.9,16.24,418,0
SIM,D,20220217,000000,16.24,16.78,14.3,15.98,1789,0
SIM,D,20220218,000000,16.08,16.6,15.12,15.6,2547,0
SIM,D,20220221,000000,15.6,15.6,14.96,14.96,957,0
SIM,D,20220222,000000,14.52,15.5,13.04,15.44,1687,0
SIM,D,20220223,000000,14.78,15.5,14.78,15.4,444,0
SIM,D,20220224,000000,14.4,15.42,12,13,6473,0
SIM,D,20220225,000000,12.02,13.9,12.02,12.4,7470,0
SIM,D,20220228,000000,12.4,13.8,12.28,13,1753,0
SIM,D,20220301,000000,13.6,13.66,13.02,13.4,5042,0
SIM,D,20220302,000000,13.04,13.04,10.52,11.9,12832,0
SIM,D,20220303,000000,11.9,12.58,11.5,12.2,1927,0
SIM,D,20220304,000000,12,12,11.3,11.7,2300,0
SIM,D,20220307,000000,11.08,11.9,10.72,11.74,1144,0
SIM,D,20220308,000000,11.22,11.8,11,11.34,2608,0
SIM,D,20220309,000000,11.64,11.66,11.32,11.64,1830,0
SIM,D,20220310,000000,11.8,12.96,11.8,12.86,2768,0
SIM,D,20220311,000000,12.78,14,12.78,13.9,5811,0
SIM,D,20220314,000000,13.24,14.2,13.24,14.1,896,0
SIM,D,20220315,000000,13.9,14.1,12.14,13.46,1916,0
SIM,D,20220316,000000,13.44,13.9,13.36,13.9,502,0
SIM,D,20220317,000000,13.78,14.1,12,13.8,10312,0
SIM,D,20220318,000000,13.8,14.1,13.5,13.5,4078,0
SIM,D,20220321,000000,14.06,14.08,12.86,13.46,2745,0
SIM,D,20220322,000000,13.44,13.88,13.44,13.88,33,0
SIM,D,20220323,000000,13.7,13.7,13.7,13.7,7,0
SIM,D,20220324,000000,13.42,13.42,12.46,13.3,1782,0
SIM,D,20220325,000000,13.3,13.3,13,13.24,404,0
SIM,D,20220328,000000,12.76,13,12.44,13,1221,0
SIM,D,20220329,000000,12.46,13,11.86,12.48,2999,0
SIM,D,20220330,000000,12.7,12.96,12.46,12.96,410,0
SIM,D,20220331,000000,12.98,13.02,11.44,12,13305,0
SIM,D,20220401,000000,12,12,11.5,11.9,2586,0
SIM,D,20220404,000000,11.66,11.96,10.8,11.36,9981,0
SIM,D,20220405,000000,11.38,12.16,11.38,12.16,1271,0
SIM,D,20220406,000000,12,12,11.5,11.92,411,0
SIM,D,20220407,000000,11.52,11.72,11,11.58,1364,0
SIM,D,20220408,000000,11.58,11.6,11,11.58,3797,0
SIM,D,20220411,000000,11.5,11.52,11.2,11.48,318,0
SIM,D,20220412,000000,11.22,11.46,11,11.46,1270,0
SIM,D,20220413,000000,11.95,11.95,10.7,11.25,741,0
SIM,D,20220414,000000,11.1,11.35,11,11.2,633,0
SIM,D,20220419,000000,11.2,11.25,10.9,11.15,1556,0
SIM,D,20220420,000000,11.15,11.15,11,11.05,3350,0
SIM,D,20220421,000000,11,11.2,11,11.2,2079,0
SIM,D,20220422,000000,11,11.2,10.9,11.1,714,0
SIM,D,20220425,000000,11.2,11.2,11,11.15,959,0
SIM,D,20220426,000000,11.15,11.15,11,11,428,0
SIM,D,20220427,000000,10.95,11,10.4,10.5,1880,0
SIM,D,20220428,000000,10.6,10.75,10.6,10.75,480,0
SIM,D,20220429,000000,10.6,11,10.6,11,240,0
SIM,D,20220502,000000,11,11.15,11,11.15,401,0
SIM,D,20220504,000000,11.15,11.8,10.8,11.5,1853,0
SIM,D,20220505,000000,11.3,11.8,11.3,11.65,647,0
SIM,D,20220506,000000,11.65,11.65,11,11,285,0
SIM,D,20220509,000000,11,11,10.55,11,1589,0
SIM,D,20220510,000000,10.5,11.7,10.5,11.5,1812,0
SIM,D,20220511,000000,11.6,11.7,11.6,11.7,54,0
SIM,D,20220512,000000,11.4,11.55,10.7,11.4,537,0
SIM,D,20220513,000000,11.4,11.4,11.2,11.4,125,0
SIM,D,20220516,000000,11.35,11.4,11.35,11.4,36,0
SIM,D,20220517,000000,11.4,11.4,11,11.3,378,0
SIM,D,20220518,000000,11.1,11.35,10.95,11.25,428,0
SIM,D,20220519,000000,11.25,11.3,11,11.3,63,0
SIM,D,20220520,000000,11,11.25,10.65,11.05,690,0
SIM,D,20220523,000000,11.05,11.05,10.6,10.9,1570,0
SIM,D,20220524,000000,10.9,11,10,11,2268,0
SIM,D,20220525,000000,10.85,11,10,10.85,1410,0
SIM,D,20220526,000000,10.7,11.6,10.7,11.5,5526,0
SIM,D,20220527,000000,11.3,11.5,11.3,11.45,866,0
SIM,D,20220530,000000,11.4,11.4,11.05,11.35,288,0
SIM,D,20220531,000000,11,11.45,11,11.45,77,0
SIM,D,20220601,000000,11.4,11.4,11.4,11.4,10,0
SIM,D,20220602,000000,11.1,11.35,11,11.35,183,0
SIM,D,20220603,000000,10.85,11.2,10.85,11.2,125,0
SIM,D,20220606,000000,10.8,11.15,10.5,11.15,5070,0
SIM,D,20220607,000000,10.8,11.2,10.7,11.15,442,0
SIM,D,20220608,000000,11.1,11.15,10.85,11.1,462,0
SIM,D,20220609,000000,10.7,11.15,10.25,11.15,1249,0
SIM,D,20220610,000000,11.15,11.15,10.45,11.1,895,0
SIM,D,20220613,000000,10.6,11,10.2,11,1310,0
SIM,D,20220614,000000,11.1,11.1,10.2,11,1491,0
SIM,D,20220615,000000,11,11,11,11,11,0
SIM,D,20220620,000000,10.95,10.95,10.6,10.6,55,0
SIM,D,20220621,000000,10.9,10.95,10.5,10.5,446,0
SIM,D,20220622,000000,10.9,10.95,10.3,10.9,585,0
SIM,D,20220623,000000,10.9,10.9,10.3,10.8,931,0
SIM,D,20220624,000000,10.8,10.8,10.35,10.75,209,0
SIM,D,20220627,000000,10.55,11,10.25,10.9,1591,0
SIM,D,20220628,000000,10.9,10.95,10.6,10.9,315,0
SIM,D,20220629,000000,10.7,10.7,10.7,10.7,5,0
SIM,D,20220630,000000,10.75,10.9,10,10.15,4184,0
SIM,D,20220701,000000,10.15,10.3,9.94,10.3,923,0
SIM,D,20220704,000000,10.2,10.45,10.1,10.25,1179,0
SIM,D,20220705,000000,10.25,10.4,10.25,10.4,69,0
SIM,D,20220706,000000,10,10.55,9.4,10.35,982,0
SIM,D,20220708,000000,10,10.2,10,10.2,69,0
SIM,D,20220711,000000,10.2,10.3,10,10.3,273,0
SIM,D,20220712,000000,10.2,10.3,9.9,10.3,2921,0
SIM,D,20220713,000000,10.25,10.25,9.8,10.2,408,0
SIM,D,20220714,000000,9.8,10.9,9.8,10.7,2588,0
SIM,D,20220715,000000,10.4,10.4,10,10.4,604,0
SIM,D,20220718,000000,10,10.4,9.8,10.4,1018,0
SIM,D,20220719,000000,10.25,10.3,10.25,10.25,122,0
SIM,D,20220720,000000,10.25,10.25,10.1,10.25,40,0
SIM,D,20220721,000000,10.2,10.25,10,10.2,670,0
SIM,D,20220722,000000,10.2,10.2,9.88,10.2,676,0
SIM,D,20220725,000000,10,10.2,9.9,10.15,535,0
SIM,D,20220726,000000,10.15,10.15,9.82,10.15,1447,0
SIM,D,20220727,000000,10.1,10.15,10.05,10.15,763,0
SIM,D,20220728,000000,10.15,11.5,10,11.4,9848,0
SIM,D,20220729,000000,11.4,11.5,11,11.5,7417,0
SIM,D,20220801,000000,11.5,11.8,11.15,11.6,1548,0
SIM,D,20220802,000000,11.5,11.8,11.4,11.8,1691,0
SIM,D,20220803,000000,11.8,13.5,11.5,13,9533,0
SIM,D,20220804,000000,13,13.7,11.85,13.65,15745,0
SIM,D,20220805,000000,13.15,13.35,12.6,13.1,611,0
SIM,D,20220808,000000,13.05,15.45,12.1,14.4,13062,0
SIM,D,20220809,000000,14,14,13.2,13.45,2399,0
SIM,D,20220810,000000,13.45,14,13.4,14,2800,0
SIM,D,20220811,000000,13.6,15.2,13.55,14.9,4149,0
SIM,D,20220812,000000,15.85,15.85,14.55,15.1,2027,0
SIM,D,20220816,000000,14.95,15.5,14.55,14.9,3565,0
SIM,D,20220817,000000,14.9,15.1,13.1,14,4955,0
SIM,D,20220818,000000,13.9,14,12.55,12.65,16448,0
SIM,D,20220819,000000,12.65,12.65,11.45,12.1,3385,0
SIM,D,20220822,000000,12.2,12.2,11.7,12,195,0
SIM,D,20220823,000000,12.05,12.1,11.35,11.75,2037,0
SIM,D,20220824,000000,11.75,11.85,10.5,10.5,9465,0
SIM,D,20220825,000000,10.5,10.9,10.1,10.4,3562,0
SIM,D,20220826,000000,10.3,11.3,10.05,10.8,2617,0
SIM,D,20220829,000000,10.8,11,10.3,10.95,932,0
SIM,D,20220830,000000,10.9,11.7,10.65,11.4,1318,0
SIM,D,20220831,000000,11.4,11.6,10.3,11,3553,0
SIM,D,20220901,000000,11.3,11.35,10.2,10.8,2578,0
SIM,D,20220902,000000,10.7,11.6,10.25,11.6,2236,0
SIM,D,20220905,000000,11.5,11.5,11.4,11.4,76,0
SIM,D,20220906,000000,11.45,12,11.2,11.75,1048,0
SIM,D,20220907,000000,11.55,11.7,11.5,11.7,142,0
SIM,D,20220908,000000,11.7,11.7,11.4,11.7,425,0
SIM,D,20220909,000000,11.25,11.4,10.75,11.35,450,0
SIM,D,20220912,000000,11.35,11.35,10.7,11.35,577,0
SIM,D,20220913,000000,11.35,11.35,10.7,11.25,810,0
SIM,D,20220914,000000,11.2,11.25,10.6,11.25,975,0
SIM,D,20220915,000000,11.2,11.2,11,11.2,22,0
SIM,D,20220916,000000,11.2,11.25,11.05,11.25,105,0
SIM,D,20220919,000000,11.2,11.2,10.65,11.15,95,0
SIM,D,20220920,000000,11.15,11.15,10.45,11.1,574,0
SIM,D,20220921,000000,11.1,11.1,10.4,11.1,668,0
SIM,D,20220922,000000,11.1,11.15,10.4,11.15,948,0
SIM,D,20220923,000000,10.9,11.15,10.9,11.05,306,0
SIM,D,20220926,000000,11,11.05,10.25,10.65,319,0
SIM,D,20220927,000000,10.7,11,10.7,10.95,340,0
SIM,D,20220928,000000,10.85,10.95,10.85,10.95,27,0
SIM,D,20220929,000000,10.95,10.95,10.55,10.95,360,0
SIM,D,20220930,000000,10.85,10.95,10.3,10.55,552,0
SIM,D,20221003,000000,10.2,10.95,10.2,10.75,666,0
SIM,D,20221004,000000,10.75,10.75,10.4,10.75,424,0
SIM,D,20221005,000000,10.7,10.75,10.35,10.6,160,0
SIM,D,20221006,000000,9.62,10,9.4,9.48,7441,0
SIM,D,20221007,000000,9.16,9.9,8,8.78,14038,0
SIM,D,20221010,000000,8.88,8.88,7.74,7.74,4299,0
SIM,D,20221011,000000,7.8,8.14,7.8,8.1,3518,0
SIM,D,20221012,000000,8,8.8,7.9,8.1,2147,0
SIM,D,20221013,000000,8.04,8.04,7.82,8.04,475,0
SIM,D,20221014,000000,8,8.04,7.9,7.9,379,0
SIM,D,20221017,000000,4.24,4.24,3.1,3.1,227135,0
SIM,D,20221018,000000,3.09,3.37,2.29,2.67,1859418,0
SIM,D,20221019,000000,2.78,2.8,2.44,2.74,836758,0
SIM,D,20221020,000000,2.8,3.64,2.64,3.43,2127753,0
SIM,D,20221021,000000,3.27,3.33,2.85,2.9,1140539,0
SIM,D,20221024,000000,2.9,3.18,2.83,2.99,562007,0
SIM,D,20221025,000000,3.04,3.05,2.67,2.82,666701,0
SIM,D,20221026,000000,2.82,2.82,2.55,2.57,511202,0
SIM,D,20221027,000000,2.53,2.67,2.36,2.43,803762,0
SIM,D,20221028,000000,2.38,2.68,2.34,2.55,704396,0
SIM,D,20221031,000000,2.58,3.13,2.52,3.13,1171137,0
SIM,D,20221102,000000,3.21,3.42,3.1,3.23,659166,0
SIM,D,20221103,000000,3.16,3.31,2.94,2.98,391744,0
SIM,D,20221104,000000,2.98,3.16,2.86,3,237187,0
SIM,D,20221107,000000,3,3.08,2.85,2.92,177724,0
SIM,D,20221108,000000,2.92,3.1,2.85,2.97,145606,0
SIM,D,20221109,000000,3.06,3.69,2.98,3.45,568645,0
SIM,D,20221110,000000,3.43,3.56,3.18,3.35,448800,0
SIM,D,20221114,000000,3.4,3.48,3.2,3.33,149755,0
SIM,D,20221115,000000,3.3,3.35,3.21,3.23,68740,0
SIM,D,20221116,000000,3.16,3.33,3.04,3.18,118896,0
SIM,D,20221117,000000,3.16,3.28,3.07,3.17,91619,0
SIM,D,20221118,000000,3.17,3.3,3.13,3.25,64147,0
SIM,D,20221121,000000,3.44,4.04,3.4,3.55,1015560,0
SIM,D,20221122,000000,3.58,3.66,3.4,3.5,311087,0
SIM,D,20221123,000000,3.5,3.85,3.42,3.72,350502,0
SIM,D,20221124,000000,3.74,4.34,3.62,4.06,750064,0
SIM,D,20221125,000000,4.1,4.24,3.95,4.01,217263,0
SIM,D,20221128,000000,4.27,5.36,4.27,5.36,904417,0
SIM,D,20221129,000000,5.36,5.4,4.72,4.89,601238,0
SIM,D,20221130,000000,4.1,4.38,3.9,4.01,1229933,0
SIM,D,20221201,000000,4,4.27,3.8,3.97,624701,0
SIM,D,20221202,000000,4.03,4.09,3.84,3.94,236804,0
SIM,D,20221205,000000,3.96,4,3.66,3.67,508229,0
SIM,D,20221206,000000,3.65,3.8,3.59,3.7,190937,0
SIM,D,20221207,000000,3.7,3.76,3.58,3.67,84798,0
SIM,D,20221208,000000,3.69,3.94,3.69,3.75,101327,0
SIM,D,20221209,000000,3.75,3.98,3.71,3.98,92257,0
SIM,D,20221212,000000,3.99,3.99,3.68,3.73,161269,0
SIM,D,20221213,000000,3.76,3.82,3.72,3.78,31104,0
SIM,D,20221214,000000,3.72,3.76,3.63,3.63,60595,0
SIM,D,20221215,000000,3.68,3.7,3.46,3.51,77592,0
SIM,D,20221216,000000,3.55,3.65,3.48,3.54,63250,0
SIM,D,20221219,000000,3.58,3.86,3.46,3.83,188667,0
SIM,D,20221220,000000,3.8,3.8,3.67,3.7,40598,0
SIM,D,20221221,000000,3.71,4.37,3.7,4.33,333672,0
SIM,D,20221222,000000,4.29,4.44,4.05,4.26,203360,0
SIM,D,20221223,000000,4.24,4.24,4.07,4.19,49081,0
SIM,D,20221227,000000,4.14,4.35,4.04,4.07,122664,0
SIM,D,20221228,000000,4.06,4.17,4.03,4.1,48871,0
SIM,D,20221229,000000,4.1,4.22,4.06,4.16,70116,0
SIM,D,20221230,000000,4.17,4.17,3.88,3.97,90727,0
SIM,D,20230102,000000,4.03,4.07,3.92,4.02,59618,0
SIM,D,20230103,000000,4.01,4.06,3.92,4.02,36344,0
SIM,D,20230104,000000,3.96,4.59,3.92,4.2,469171,0
SIM,D,20230105,000000,4.23,4.25,4.07,4.13,82368,0
SIM,D,20230109,000000,4.13,4.25,4.07,4.13,55230,0
SIM,D,20230110,000000,4.13,4.19,4.05,4.16,33525,0
SIM,D,20230111,000000,4.16,4.19,4.07,4.14,35058,0
SIM,D,20230112,000000,4.07,4.17,4,4.02,100482,0
SIM,D,20230113,000000,4.06,4.07,3.86,3.96,112923,0
SIM,D,20230116,000000,3.93,4.05,3.9,3.96,50605,0
SIM,D,20230117,000000,3.96,3.99,3.89,3.91,44063,0
SIM,D,20230118,000000,3.92,3.96,3.84,3.88,66721,0
SIM,D,20230119,000000,3.85,3.91,3.81,3.85,25417,0
SIM,D,20230120,000000,3.89,3.97,3.89,3.96,15840,0
SIM,D,20230123,000000,3.97,4.13,3.9,4.01,93568,0
SIM,D,20230124,000000,4.05,4.07,3.94,3.95,74002,0
SIM,D,20230125,000000,3.95,4,3.93,3.93,18018,0
SIM,D,20230126,000000,3.92,3.94,3.86,3.9,46978,0
SIM,D,20230127,000000,3.9,3.93,3.86,3.93,26308,0
SIM,D,20230130,000000,3.94,4.06,3.88,3.95,64891,0
SIM,D,20230131,000000,3.97,3.97,3.88,3.92,35766,0
SIM,D,20230201,000000,3.92,3.92,3.83,3.84,32193,0
SIM,D,20230202,000000,3.85,3.91,3.84,3.9,15474,0
SIM,D,20230203,000000,3.9,3.9,3.82,3.87,14475,0
SIM,D,20230206,000000,3.89,3.9,3.82,3.82,15889,0
SIM,D,20230207,000000,3.82,3.89,3.76,3.83,55644,0
SIM,D,20230208,000000,3.83,3.86,3.74,3.8,22784,0
SIM,D,20230209,000000,3.74,3.83,3.74,3.83,26532,0
SIM,D,20230210,000000,3.81,3.81,3.68,3.72,57005,0
SIM,D,20230213,000000,3.7,3.73,3.62,3.69,23195,0
SIM,D,20230214,000000,3.55,3.68,3.33,3.52,131518,0
SIM,D,20230215,000000,3.54,3.54,3.3,3.37,43171,0
SIM,D,20230216,000000,3.37,3.65,3.37,3.58,35819,0
SIM,D,20230217,000000,3.52,3.65,3.43,3.47,28644,0
SIM,D,20230220,000000,3.47,3.8,3.45,3.64,134362,0
SIM,D,20230221,000000,3.56,3.62,3.46,3.52,23896,0
SIM,D,20230222,000000,3.52,3.52,3.4,3.4,20390,0
SIM,D,20230223,000000,3.44,3.64,3.44,3.59,83631,0
SIM,D,20230224,000000,3.6,3.6,3.5,3.54,20302,0
SIM,D,20230227,000000,3.51,3.55,3.45,3.49,19309,0
SIM,D,20230228,000000,3.49,3.57,3.49,3.5,9997,0
SIM,D,20230301,000000,3.55,3.55,3.43,3.48,13894,0
SIM,D,20230302,000000,3.49,3.49,3.43,3.45,5520,0
SIM,D,20230303,000000,3.44,3.52,3.44,3.5,10066,0
SIM,D,20230306,000000,3.48,5.08,3.43,4.95,1655678,0
SIM,D,20230307,000000,4.95,5,4.53,4.74,841184,0
SIM,D,20230308,000000,4.74,4.74,4.27,4.3,480373,0
SIM,D,20230309,000000,4.35,4.82,4.27,4.47,542812,0
SIM,D,20230310,000000,4.47,5.1,4.37,4.57,1108786,0
SIM,D,20230313,000000,4.63,4.69,4.42,4.5,210233,0
SIM,D,20230314,000000,4.5,4.6,4.4,4.53,76549,0
SIM,D,20230315,000000,4.54,4.57,4.31,4.43,62202,0
SIM,D,20230316,000000,4.44,4.49,4.35,4.46,59316,0
SIM,D,20230317,000000,4.46,4.47,4.33,4.33,76929,0
SIM,D,20230320,000000,4.34,4.38,4.14,4.22,56617,0
SIM,D,20230321,000000,4.2,4.22,3.96,3.99,116867,0
SIM,D,20230322,000000,4.02,4.07,3.96,4,48695,0
SIM,D,20230323,000000,4.05,4.05,3.95,3.98,29012,0
SIM,D,20230324,000000,3.98,4.04,3.83,3.87,27471,0
SIM,D,20230327,000000,3.91,4.18,3.91,4.04,82783,0
SIM,D,20230328,000000,4.09,4.45,3.98,4.09,181514,0
SIM,D,20230329,000000,4.14,4.18,4.03,4.15,50193,0
SIM,D,20230330,000000,4.1,4.16,3.96,4,79556,0
SIM,D,20230331,000000,4,4,3.81,3.9,85789,0
SIM,D,20230403,000000,3.88,4.19,3.88,3.94,44059,0
SIM,D,20230404,000000,4,4.2,4,4.1,69989,0
SIM,D,20230405,000000,4.14,4.15,4.04,4.11,18100,0
SIM,D,20230406,000000,4.13,4.3,4.09,4.09,48574,0
SIM,D,20230411,000000,4.1,4.17,4,4.04,28502,0
SIM,D,20230412,000000,4,4.06,3.93,3.98,17428,0
SIM,D,20230413,000000,3.99,4.08,3.99,4.01,8749,0
SIM,D,20230414,000000,4.04,4.06,3.98,4.02,14533,0
SIM,D,20230417,000000,4.02,4.08,3.94,4.04,28860,0
SIM,D,20230418,000000,4.04,4.06,3.95,4.05,14866,0
SIM,D,20230419,000000,4.05,4.13,4,4.1,15892,0
SIM,D,20230420,000000,4.04,4.29,4.04,4.17,192788,0
SIM,D,20230421,000000,4.17,4.17,4.08,4.14,13693,0
SIM,D,20230424,000000,4.14,4.37,4.08,4.085,76827,0
SIM,D,20230425,000000,4.08,4.085,4.01,4.07,32105,0
SIM,D,20230426,000000,4.07,4.095,3.96,4,13498,0
SIM,D,20230427,000000,4.035,4.16,3.97,4.1,19076,0
SIM,D,20230428,000000,4.1,4.1,3.71,4,147416,0
SIM,D,20230502,000000,4.02,4.175,4,4.07,57507,0
SIM,D,20230504,000000,3.96,3.99,3.81,3.925,71981,0
SIM,D,20230505,000000,3.9,4.105,3.75,4,54319,0
SIM,D,20230508,000000,4.02,4.085,3.885,3.97,101371,0
SIM,D,20230509,000000,3.97,3.97,3.88,3.9,11418,0
SIM,D,20230510,000000,3.94,3.99,3.77,3.83,46833,0
SIM,D,20230511,000000,3.86,3.89,3.8,3.805,15359,0
SIM,D,20230512,000000,3.815,3.92,3.75,3.85,31387,0
SIM,D,20230515,000000,3.82,3.96,3.81,3.89,8913,0
SIM,D,20230516,000000,3.92,3.95,3.865,3.92,14522,0
SIM,D,20230517,000000,3.92,3.95,3.84,3.94,32889,0
SIM,D,20230518,000000,3.94,3.95,3.88,3.935,6115,0
SIM,D,20230519,000000,3.93,3.935,3.8,3.86,19527,0
SIM,D,20230522,000000,3.865,4.03,3.81,3.9,29120,0
SIM,D,20230523,000000,3.87,3.9,3.81,3.855,11231,0
SIM,D,20230524,000000,3.86,3.93,3.78,3.885,17733,0
SIM,D,20230525,000000,3.83,3.89,3.78,3.87,13109,0
SIM,D,20230526,000000,3.82,3.905,3.74,3.905,20590,0
SIM,D,20230529,000000,3.9,3.96,3.74,3.92,65174,0
SIM,D,20230530,000000,3.91,3.95,3.865,3.915,16929,0
SIM,D,20230531,000000,3.915,3.915,3.71,3.77,11816,0
SIM,D,20230601,000000,3.77,3.82,3.735,3.805,8025,0
SIM,D,20230602,000000,3.81,3.83,3.715,3.75,7059,0
SIM,D,20230605,000000,3.79,3.82,3.6,3.685,31088,0
SIM,D,20230606,000000,3.7,4.05,3.655,3.96,160018,0
SIM,D,20230607,000000,3.98,3.98,3.8,3.85,20963,0
SIM,D,20230609,000000,3.815,3.86,3.77,3.845,13365,0
SIM,D,20230612,000000,3.78,3.845,3.78,3.795,12144,0
SIM,D,20230613,000000,3.78,3.805,3.7,3.735,19249,0
SIM,D,20230614,000000,3.795,3.825,3.645,3.66,20234,0
SIM,D,20230615,000000,3.7,3.8,3.665,3.795,22613,0
SIM,D,20230616,000000,3.795,3.8,3.7,3.795,13216,0
SIM,D,20230619,000000,3.76,3.76,3.62,3.69,39050,0
SIM,D,20230620,000000,3.63,3.72,3.6,3.65,11895,0
SIM,D,20230621,000000,3.635,3.715,3.635,3.7,6152,0
SIM,D,20230622,000000,3.645,3.695,3.645,3.67,13771,0
SIM,D,20230623,000000,3.67,3.71,3.64,3.645,1752,0
SIM,D,20230626,000000,3.675,3.675,3.61,3.635,15620,0
SIM,D,20230627,000000,3.635,3.74,3.54,3.74,21346,0
SIM,D,20230628,000000,3.8,3.8,3.53,3.67,19304,0
SIM,D,20230629,000000,3.685,3.7,3.565,3.565,16776,0
SIM,D,20230630,000000,3.59,3.7,3.59,3.64,14331,0
SIM,D,20230703,000000,3.6,3.68,3.57,3.68,6972,0
SIM,D,20230704,000000,3.68,3.68,3.515,3.535,25818,0
SIM,D,20230705,000000,3.54,3.61,3.46,3.51,34782,0
SIM,D,20230706,000000,3.47,3.53,3.36,3.42,23091,0
SIM,D,20230707,000000,3.42,3.5,3.4,3.47,10090,0
SIM,D,20230710,000000,3.47,3.585,3.47,3.47,3682,0
SIM,D,20230711,000000,3.47,3.68,3.47,3.64,6506,0
SIM,D,20230712,000000,3.635,3.7,3.55,3.66,6118,0
SIM,D,20230713,000000,3.66,3.94,3.66,3.74,105000,0
SIM,D,20230714,000000,3.72,3.72,3.55,3.6,34248,0
SIM,D,20230717,000000,3.6,3.685,3.57,3.67,6652,0
SIM,D,20230718,000000,3.6,3.68,3.6,3.64,3356,0
SIM,D,20230719,000000,3.64,3.66,3.57,3.64,5219,0
SIM,D,20230720,000000,3.63,3.775,3.58,3.64,31559,0
SIM,D,20230721,000000,3.64,3.64,3.565,3.57,7072,0
SIM,D,20230724,000000,3.63,3.63,3.565,3.595,7702,0
SIM,D,20230725,000000,3.61,3.61,3.55,3.555,9720,0
SIM,D,20230726,000000,3.59,3.59,3.5,3.53,4792,0
SIM,D,20230727,000000,3.53,3.63,3.525,3.59,16550,0
SIM,D,20230728,000000,3.585,3.585,3.525,3.53,5444,0
SIM,D,20230731,000000,3.8,4.15,3.8,3.96,413839,0
SIM,D,20230801,000000,3.88,3.98,3.82,3.94,72866,0
SIM,D,20230802,000000,3.85,3.86,3.72,3.825,31726,0
SIM,D,20230803,000000,3.845,4.15,3.75,4.04,39186,0
SIM,D,20230804,000000,4.035,4.175,3.97,4.06,43939,0
SIM,D,20230807,000000,4.06,4.06,3.96,4.02,13694,0
SIM,D,20230808,000000,4.01,4.01,3.85,3.88,17749,0
SIM,D,20230809,000000,3.82,3.93,3.805,3.875,7400,0
SIM,D,20230810,000000,3.87,3.87,3.81,3.86,5980,0
SIM,D,20230811,000000,3.815,3.965,3.8,3.94,7124,0
SIM,D,20230814,000000,3.95,4.09,3.8,4.05,48653,0
SIM,D,20230816,000000,4.05,4.14,3.9,3.98,25247,0
SIM,D,20230817,000000,3.935,3.97,3.84,3.86,19725,0
SIM,D,20230818,000000,3.85,3.9,3.78,3.8,8831,0
SIM,D,20230821,000000,3.8,4.06,3.745,3.97,26135,0
SIM,D,20230822,000000,3.97,3.97,3.85,3.85,15210,0
SIM,D,20230823,000000,4.035,4.035,3.8,3.8,13611,0
SIM,D,20230824,000000,3.92,3.965,3.84,3.84,7216,0
SIM,D,20230825,000000,3.84,3.87,3.755,3.84,10324,0
SIM,D,20230828,000000,3.835,3.95,3.75,3.88,22885,0
SIM,D,20230829,000000,3.875,3.875,3.755,3.82,5178,0
SIM,D,20230830,000000,3.775,3.87,3.775,3.825,10697,0
SIM,D,20230831,000000,3.825,3.84,3.78,3.83,2899,0
SIM,D,20230901,000000,3.79,3.8,3.7,3.79,11984,0
SIM,D,20230904,000000,3.79,3.895,3.72,3.85,23382,0
SIM,D,20230905,000000,3.8,3.85,3.7,3.81,8170,0
SIM,D,20230906,000000,3.73,3.83,3.7,3.82,3348,0
SIM,D,20230907,000000,3.82,3.82,3.735,3.8,2416,0
SIM,D,20230908,000000,3.81,3.81,3.745,3.8,2176,0
SIM,D,20230911,000000,3.8,3.8,3.755,3.8,3255,0
SIM,D,20230912,000000,3.78,3.8,3.735,3.8,3623,0
SIM,D,20230913,000000,3.8,3.84,3.8,3.84,9922,0
SIM,D,20230914,000000,3.84,3.84,3.73,3.8,7276,0
SIM,D,20230915,000000,3.75,3.82,3.75,3.75,865,0
SIM,D,20230918,000000,3.8,4.05,3.68,3.875,108519,0
SIM,D,20230919,000000,3.85,3.85,3.75,3.83,18276,0
SIM,D,20230920,000000,3.825,3.83,3.75,3.825,3620,0
SIM,D,20230921,000000,3.76,3.82,3.72,3.76,10917,0
SIM,D,20230922,000000,3.735,3.795,3.725,3.75,5700,0
SIM,D,20230925,000000,3.78,4,3.72,3.79,53091,0
SIM,D,20230926,000000,3.79,3.79,3.72,3.755,10156,0
SIM,D,20230927,000000,3.78,3.9,3.78,3.85,32598,0
SIM,D,20230928,000000,3.85,3.85,3.71,3.75,15618,0
SIM,D,20230929,000000,3.75,3.84,3.71,3.72,19009,0
SIM,D,20231002,000000,3.835,3.835,3.7,3.7,4179,0
SIM,D,20231003,000000,3.76,3.785,3.53,3.75,10214,0
SIM,D,20231004,000000,3.73,3.8,3.7,3.7,4294,0
SIM,D,20231005,000000,3.795,3.815,3.67,3.795,3631,0
SIM,D,20231006,000000,3.665,3.79,3.66,3.75,5769,0
SIM,D,20231009,000000,3.66,3.735,3.55,3.675,7975,0
SIM,D,20231010,000000,3.695,3.695,3.58,3.68,1318,0
SIM,D,20231011,000000,3.68,3.68,3.55,3.67,3120,0
SIM,D,20231012,000000,3.55,3.67,3.505,3.62,13105,0
SIM,D,20231013,000000,3.555,3.59,3.505,3.575,8490,0
SIM,D,20231016,000000,3.505,3.65,3.48,3.6,8153,0
SIM,D,20231017,000000,3.48,3.65,3.48,3.64,13138,0
SIM,D,20231018,000000,3.56,3.69,3.525,3.635,2356,0
SIM,D,20231019,000000,3.63,3.68,3.56,3.59,1093,0
SIM,D,20231020,000000,3.515,3.57,3.44,3.56,6936,0
SIM,D,20231023,000000,3.55,3.555,3.445,3.535,3637,0
SIM,D,20231024,000000,3.5,3.535,3.46,3.53,5047,0
SIM,D,20231025,000000,3.525,3.68,3.5,3.58,36684,0
SIM,D,20231026,000000,3.5,3.6,3.4,3.6,9158,0
SIM,D,20231027,000000,3.5,3.67,3.45,3.45,4502,0
SIM,D,20231030,000000,3.51,3.65,3.435,3.595,15148,0
SIM,D,20231031,000000,3.595,3.595,3.45,3.59,7955,0
SIM,D,20231102,000000,3.59,3.68,3.55,3.61,17254,0
SIM,D,20231103,000000,3.61,3.64,3.4,3.495,21012,0
SIM,D,20231106,000000,3.49,3.5,3.45,3.5,6497,0
SIM,D,20231107,000000,3.5,3.5,3.45,3.5,10431,0
SIM,D,20231108,000000,3.45,3.52,3.425,3.5,34028,0
SIM,D,20231109,000000,3.44,3.495,3.4,3.495,9925,0
SIM,D,20231110,000000,3.4,3.49,3.38,3.38,7684,0
SIM,D,20231113,000000,3.38,3.435,3.31,3.41,8110,0
SIM,D,20231114,000000,3.35,3.41,3.32,3.41,9946,0
SIM,D,20231115,000000,3.45,3.45,3.35,3.39,7906,0
SIM,D,20231116,000000,3.41,3.41,3.35,3.35,1244,0
SIM,D,20231117,000000,3.405,3.405,3.35,3.35,4337,0
SIM,D,20231120,000000,3.33,3.505,3.31,3.45,13442,0
SIM,D,20231121,000000,3.4,3.44,3.34,3.42,4299,0
SIM,D,20231122,000000,3.41,3.42,3.355,3.42,1921,0
SIM,D,20231123,000000,3.365,3.4,3.34,3.38,4212,0
SIM,D,20231124,000000,3.385,3.385,3.31,3.385,7011,0
SIM,D,20231127,000000,3.43,3.49,3.325,3.48,8648,0
SIM,D,20231128,000000,3.42,3.48,3.38,3.48,4076,0
SIM,D,20231129,000000,3.46,3.48,3.38,3.45,5704,0
SIM,D,20231130,000000,3.515,3.675,3.41,3.48,97511,0
SIM,D,20231201,000000,3.45,3.485,3.425,3.44,6142,0
SIM,D,20231204,000000,3.47,3.595,3.45,3.59,10795,0
SIM,D,20231205,000000,3.52,3.52,3.345,3.47,8829,0
SIM,D,20231206,000000,3.46,3.58,3.35,3.355,23366,0
SIM,D,20231207,000000,3.46,3.46,3.37,3.4,929,0
SIM,D,20231208,000000,3.43,3.535,3.43,3.47,4743,0
SIM,D,20231211,000000,3.425,3.47,3.38,3.465,1434,0
SIM,D,20231212,000000,3.46,3.46,3.38,3.435,2305,0
SIM,D,20231213,000000,3.435,3.445,3.25,3.345,36250,0
SIM,D,20231214,000000,3.36,3.425,3.12,3.12,66780,0
SIM,D,20231215,000000,3.13,3.34,3.13,3.2,25250,0
SIM,D,20231218,000000,3.26,3.26,3.1,3.2,27762,0
SIM,D,20231219,000000,3.19,3.2,3.08,3.12,15393,0
SIM,D,20231220,000000,3.1,3.1,2.94,2.995,143123,0
SIM,D,20231221,000000,2.95,2.95,2.72,2.85,130157,0
SIM,D,20231222,000000,2.76,2.8,2.75,2.8,16701,0
SIM,D,20231227,000000,2.765,2.8,2.51,2.7,61868,0
SIM,D,20231228,000000,2.7,2.79,2.63,2.79,10774,0
SIM,D,20231229,000000,2.79,2.9,2.68,2.78,23783,0
SIM,D,20240102,000000,2.78,2.94,2.6,2.91,115812,0
SIM,D,20240103,000000,2.915,2.96,2.84,2.935,22393,0
SIM,D,20240104,000000,2.91,2.925,2.81,2.88,4273,0
SIM,D,20240105,000000,2.89,2.92,2.76,2.77,46897,0
SIM,D,20240108,000000,2.89,2.89,2.77,2.8,1274,0
SIM,D,20240109,000000,2.875,2.875,2.635,2.81,7453,0
SIM,D,20240110,000000,2.81,2.935,2.8,2.88,15796,0
SIM,D,20240111,000000,2.77,2.9,2.77,2.9,2982,0
SIM,D,20240112,000000,2.9,2.9,2.855,2.9,682,0
SIM,D,20240115,000000,2.9,2.93,2.83,2.915,18937,0
SIM,D,20240116,000000,2.93,2.93,2.9,2.925,6519,0
SIM,D,20240117,000000,2.91,2.91,2.765,2.895,4977,0
SIM,D,20240118,000000,2.78,2.88,2.78,2.78,2217,0
SIM,D,20240119,000000,2.78,2.855,2.77,2.795,11100,0
SIM,D,20240122,000000,2.82,2.86,2.82,2.86,2398,0
SIM,D,20240123,000000,2.86,2.86,2.86,2.86,205,0
SIM,D,20240124,000000,2.83,2.86,2.805,2.855,4314,0
SIM,D,20240125,000000,2.855,2.855,2.78,2.805,2428,0
SIM,D,20240126,000000,2.805,2.84,2.725,2.83,3619,0
SIM,D,20240129,000000,2.785,2.915,2.785,2.915,8315,0
SIM,D,20240130,000000,2.915,2.915,2.78,2.805,1638,0
SIM,D,20240131,000000,2.9,2.9,2.725,2.855,19782,0
SIM,D,20240201,000000,2.84,3.335,2.77,3.335,162581,0
SIM,D,20240202,000000,3.445,3.62,3.36,3.49,350554,0
SIM,D,20240205,000000,3.305,3.595,3.2,3.39,146446,0
SIM,D,20240206,000000,3.39,3.415,3.215,3.36,108550,0
SIM,D,20240207,000000,3.33,3.39,3.25,3.39,15715,0
SIM,D,20240208,000000,3.39,3.595,3.3,3.42,114725,0
SIM,D,20240209,000000,3.54,3.58,3.385,3.415,25686,0
SIM,D,20240212,000000,3.12,3.49,3.12,3.265,37238,0
SIM,D,20240213,000000,3.25,3.375,3.12,3.15,260187,0
SIM,D,20240214,000000,3.22,3.54,3.13,3.5,474710,0
SIM,D,20240215,000000,3.525,3.56,3.405,3.43,115158,0
SIM,D,20240216,000000,3.43,3.595,3.25,3.4,251263,0
SIM,D,20240219,000000,3.345,3.425,3.26,3.4,19561,0
SIM,D,20240220,000000,3.3,3.38,3.2,3.335,12066,0
SIM,D,20240221,000000,3.3,3.395,3.22,3.375,9844,0
SIM,D,20240222,000000,3.375,3.47,3.2,3.2,27716,0
SIM,D,20240223,000000,3.23,4.3,3.2,4.3,515441,0
SIM,D,20240226,000000,4.19,5.12,4.12,4.98,1133458,0
SIM,D,20240227,000000,5.2,5.65,4.92,5.1,774771,0
SIM,D,20240228,000000,5.1,5.49,4.71,4.8,236390,0
SIM,D,20240229,000000,4.75,5.03,4.48,4.68,195564,0
SIM,D,20240301,000000,4.64,4.985,4.64,4.75,96427,0
SIM,D,20240304,000000,4.815,4.815,4.335,4.5,69470,0
SIM,D,20240305,000000,4.45,4.55,4.06,4.155,158821,0
SIM,D,20240306,000000,4.19,5.48,4.145,4.93,584105,0
SIM,D,20240307,000000,5,5.14,4.66,4.75,254162,0
SIM,D,20240308,000000,4.75,4.87,4.5,4.54,63396,0
SIM,D,20240311,000000,4.54,4.66,4.3,4.54,87494,0
SIM,D,20240312,000000,4.57,4.75,4.48,4.52,24847,0
SIM,D,20240313,000000,4.49,4.6,4.4,4.495,27507,0
SIM,D,20240314,000000,4.41,4.5,4.325,4.34,40880,0
SIM,D,20240315,000000,4.395,4.395,4.28,4.34,11723,0
SIM,D,20240318,000000,4.25,4.65,4.2,4.4,60047,0
SIM,D,20240319,000000,4.31,4.5,4.28,4.39,17476,0
SIM,D,20240320,000000,4.36,4.44,4.31,4.44,21076,0
SIM,D,20240321,000000,4.465,4.485,4.1,4.19,39534,0
SIM,D,20240322,000000,4.2,4.375,4.1,4.3,15240,0
SIM,D,20240325,000000,4.29,4.34,3.68,3.72,414271,0
SIM,D,20240326,000000,3.79,3.96,3.74,3.865,63040,0
SIM,D,20240327,000000,3.895,3.9,3.735,3.735,35016,0
SIM,D,20240328,000000,3.785,3.785,3.61,3.65,28869,0
SIM,D,20240402,000000,3.63,4.095,3.62,3.945,80364,0
SIM,D,20240403,000000,3.945,4.05,3.88,4,25397,0
SIM,D,20240404,000000,3.925,4.045,3.85,3.975,12132,0
SIM,D,20240405,000000,3.96,3.975,3.75,3.94,39001,0
SIM,D,20240408,000000,3.785,3.94,3.75,3.78,19321,0
SIM,D,20240409,000000,3.78,3.875,3.73,3.825,11743,0
SIM,D,20240410,000000,3.825,3.825,3.69,3.8,7263,0
SIM,D,20240411,000000,3.8,3.81,3.71,3.77,3689,0
SIM,D,20240412,000000,3.775,3.775,3.675,3.7,7801,0
SIM,D,20240415,000000,3.735,3.77,3.65,3.68,9889,0
SIM,D,20240416,000000,3.71,3.765,3.58,3.72,14537,0
SIM,D,20240417,000000,3.62,3.725,3.61,3.715,1179,0
SIM,D,20240418,000000,3.63,3.7,3.525,3.57,22968,0
SIM,D,20240419,000000,3.53,3.64,3.505,3.525,16250,0
SIM,D,20240422,000000,3.575,3.67,3.515,3.62,21720,0
SIM,D,20240423,000000,3.535,3.595,3.51,3.575,21971,0
SIM,D,20240424,000000,3.58,3.59,3.505,3.55,5620,0
SIM,D,20240425,000000,3.615,3.615,3.5,3.55,10609,0
SIM,D,20240426,000000,3.55,3.6,3.49,3.545,11422,0
SIM,D,20240429,000000,3.49,3.57,3.385,3.56,26594,0
SIM,D,20240430,000000,3.565,3.58,3.355,3.375,53683,0
SIM,D,20240502,000000,3.525,3.525,3.28,3.31,19502,0
SIM,D,20240506,000000,3.26,3.41,3.155,3.325,52948,0
SIM,D,20240507,000000,3.215,3.32,3.15,3.3,18870,0
SIM,D,20240508,000000,3.35,3.35,3.215,3.32,4944,0
SIM,D,20240509,000000,3.33,3.355,3.21,3.3,13649,0
SIM,D,20240510,000000,3.21,3.53,3.21,3.5,35918,0
SIM,D,20240513,000000,3.5,3.51,3.3,3.49,16651,0
SIM,D,20240514,000000,3.49,3.49,3.4,3.415,31504,0
SIM,D,20240515,000000,3.415,3.46,3.36,3.42,5517,0
SIM,D,20240516,000000,3.455,3.52,3.335,3.52,10032,0
SIM,D,20240517,000000,3.515,3.7,3.455,3.65,33736,0
SIM,D,20240520,000000,3.615,3.8,3.615,3.8,20850,0
SIM,D,20240521,000000,3.8,3.89,3.68,3.795,11847,0
SIM,D,20240522,000000,3.845,3.85,3.55,3.56,20370,0
SIM,D,20240523,000000,3.55,3.63,3.52,3.575,14338,0
SIM,D,20240524,000000,3.665,3.665,3.48,3.5,8105,0
SIM,D,20240527,000000,3.575,3.65,3.5,3.63,6623,0
SIM,D,20240528,000000,3.555,3.6,3.555,3.6,911,0
SIM,D,20240529,000000,3.6,3.6,3.4,3.54,6388,0
SIM,D,20240531,000000,3.79,3.87,3.61,3.72,35319,0
SIM,D,20240603,000000,3.8,3.89,3.685,3.71,9601,0
SIM,D,20240604,000000,3.76,3.76,3.605,3.695,5435,0
SIM,D,20240605,000000,3.605,3.675,3.55,3.55,8284,0
SIM,D,20240606,000000,3.54,3.54,3.19,3.245,206785,0
SIM,D,20240607,000000,3.195,3.285,3.18,3.215,13029,0
SIM,D,20240610,000000,3.18,3.28,3.14,3.22,12187,0
SIM,D,20240611,000000,3.175,3.25,3.1,3.25,13383,0
SIM,D,20240612,000000,3.2,3.27,3.13,3.25,9212,0
SIM,D,20240613,000000,3.17,3.245,3,3.155,25283,0
SIM,D,20240614,000000,3.145,3.19,3.07,3.15,5501,0
SIM,D,20240617,000000,3.105,3.235,3.1,3.16,17918,0
SIM,D,20240618,000000,3.19,3.19,3.11,3.115,5620,0
SIM,D,20240619,000000,3.16,3.18,3.09,3.17,8581,0
SIM,D,20240620,000000,3.17,3.17,3.065,3.14,10940,0
SIM,D,20240621,000000,3.13,3.145,3.095,3.14,6477,0
SIM,D,20240624,000000,3.14,3.14,3.005,3.125,11865,0
SIM,D,20240625,000000,3.115,3.115,3.015,3.1,3207,0
SIM,D,20240626,000000,3.08,3.19,3.02,3.19,21034,0
SIM,D,20240627,000000,3.185,3.185,3.08,3.155,3292,0
SIM,D,20240628,000000,3.08,3.15,3.03,3.15,2587,0
SIM,D,20240701,000000,3.06,3.14,3.03,3.09,14258,0
SIM,D,20240702,000000,3.135,3.14,3.07,3.125,10578,0
SIM,D,20240703,000000,3.12,3.12,3.015,3.115,8834,0
SIM,D,20240704,000000,3.065,3.09,2.9,2.95,88480,0
SIM,D,20240705,000000,3,3,2.925,2.98,13705,0
SIM,D,20240708,000000,2.95,3.1,2.6,2.655,202588,0
SIM,D,20240709,000000,2.7,2.81,2.23,2.48,480795,0
SIM,D,20240710,000000,2.48,2.575,2.38,2.51,71457,0
SIM,D,20240711,000000,2.58,2.585,2.5,2.56,20645,0
SIM,D,20240712,000000,2.56,2.6,2.52,2.595,24786,0
SIM,D,20240715,000000,2.56,2.59,2.3,2.3,145280,0
SIM,D,20240716,000000,2.3,2.385,2.26,2.305,56141,0
SIM,D,20240717,000000,2.27,2.345,2.1,2.155,167082,0
SIM,D,20240718,000000,2.15,2.25,2.1,2.25,57511,0
SIM,D,20240719,000000,2.2,2.66,2.12,2.42,262053,0
SIM,D,20240722,000000,2.435,2.46,2.32,2.395,35618,0
SIM,D,20240723,000000,2.345,2.41,2.3,2.3,35315,0
SIM,D,20240724,000000,2.32,2.45,2.3,2.35,20117,0
SIM,D,20240725,000000,2.35,2.465,2.305,2.345,33356,0
SIM,D,20240726,000000,2.345,2.425,2.31,2.42,7844,0
SIM,D,20240729,000000,2.395,2.395,2.25,2.35,4796,0
SIM,D,20240730,000000,2.35,3.12,2.245,3.12,185283,0
SIM,D,20240731,000000,3.68,4.07,3.4,3.51,1548082,0
SIM,D,20240801,000000,3.58,3.73,2.96,3.01,573576,0
SIM,D,20240802,000000,2.96,3.15,2.81,2.925,156160,0
SIM,D,20240805,000000,2.85,2.85,2.5,2.72,205620,0
SIM,D,20240806,000000,2.82,2.86,2.6,2.75,108784,0
SIM,D,20240807,000000,2.715,2.8,2.615,2.62,42570,0
SIM,D,20240808,000000,2.63,2.725,2.63,2.665,38393,0
SIM,D,20240809,000000,2.705,2.94,2.67,2.82,68091,0
SIM,D,20240812,000000,2.865,3.465,2.8,3.41,784061,0
SIM,D,20240813,000000,3.44,3.68,3.135,3.19,461092,0
SIM,D,20240814,000000,3.27,3.28,3,3.01,126519,0
SIM,D,20240816,000000,3.01,3.16,2.88,2.91,101173,0
SIM,D,20240819,000000,2.845,3.07,2.845,3.07,66213,0
SIM,D,20240820,000000,3.07,3.14,2.865,2.975,33875,0
SIM,D,20240821,000000,3.02,3.065,2.89,2.975,31998,0
SIM,D,20240822,000000,2.97,3.035,2.845,2.865,81919,0
SIM,D,20240823,000000,2.895,2.915,2.845,2.915,16733,0
SIM,D,20240826,000000,2.9,3.375,2.805,3.1,354730,0
SIM,D,20240827,000000,3.1,3.1,2.9,2.92,100862,0
SIM,D,20240828,000000,2.97,2.99,2.815,2.9,51926,0
SIM,D,20240829,000000,2.9,2.94,2.835,2.93,26507,0
SIM,D,20240830,000000,2.9,3.05,2.86,2.99,22014,0
SIM,D,20240902,000000,2.99,2.99,2.9,2.95,30142,0
SIM,D,20240903,000000,2.93,2.975,2.9,2.91,27269,0
SIM,D,20240904,000000,2.9,2.905,2.825,2.88,24179,0
SIM,D,20240905,000000,2.825,2.895,2.82,2.845,11958,0
SIM,D,20240906,000000,2.85,2.85,2.815,2.815,7726,0
SIM,D,20240909,000000,2.815,2.915,2.77,2.87,26791,0
SIM,D,20240910,000000,2.84,2.95,2.805,2.9,16343,0
SIM,D,20240911,000000,2.935,2.935,2.785,2.88,8756,0
SIM,D,20240912,000000,2.84,2.87,2.805,2.85,20187,0
SIM,D,20240913,000000,2.835,2.895,2.79,2.8,22618,0
SIM,D,20240916,000000,2.8,2.87,2.79,2.865,3204,0
SIM,D,20240917,000000,2.805,2.9,2.805,2.895,7135,0
SIM,D,20240918,000000,2.845,2.88,2.805,2.815,5747,0
SIM,D,20240919,000000,2.81,2.87,2.65,2.81,25840,0
SIM,D,20240920,000000,2.71,2.835,2.705,2.835,3002,0
SIM,D,20240923,000000,2.755,2.83,2.65,2.74,15618,0
SIM,D,20240924,000000,2.74,2.74,2.66,2.735,10074,0
SIM,D,20240925,000000,2.685,2.76,2.62,2.76,18980,0
SIM,D,20240926,000000,2.69,2.835,2.63,2.73,19626,0
SIM,D,20240927,000000,2.725,2.8,2.665,2.78,13964,0
SIM,D,20240930,000000,2.74,2.85,2.675,2.8,7869,0
SIM,D,20241001,000000,2.8,2.8,2.63,2.735,14595,0
SIM,D,20241002,000000,2.685,2.73,2.64,2.695,4037,0
SIM,D,20241003,000000,2.69,2.69,2.55,2.63,16054,0
SIM,D,20241004,000000,2.62,2.62,2.575,2.59,3923,0
SIM,D,20241007,000000,2.55,2.74,2.55,2.7,26111,0
SIM,D,20241008,000000,2.645,2.75,2.54,2.64,35627,0
SIM,D,20241009,000000,2.64,2.76,2.58,2.61,7495,0
SIM,D,20241010,000000,2.6,2.69,2.56,2.615,7962,0
SIM,D,20241011,000000,2.68,2.68,2.54,2.65,28620,0
SIM,D,20241014,000000,2.725,2.82,2.655,2.765,42605,0
SIM,D,20241015,000000,2.76,2.76,2.675,2.675,1826,0
SIM,D,20241016,000000,2.665,2.74,2.665,2.7,3495,0
SIM,D,20241017,000000,2.7,2.7,2.54,2.62,62405,0
SIM,D,20241018,000000,2.675,2.68,2.56,2.68,6150,0
SIM,D,20241021,000000,2.565,2.8,2.54,2.635,35406,0
SIM,D,20241022,000000,2.6,2.63,2.54,2.595,9463,0
SIM,D,20241023,000000,2.535,2.595,2.53,2.58,6173,0
SIM,D,20241024,000000,2.58,2.58,2.47,2.55,24791,0
SIM,D,20241025,000000,2.55,2.575,2.49,2.525,6579,0
SIM,D,20241028,000000,2.5,2.545,2.43,2.46,1380,0
SIM,D,20241029,000000,2.495,2.65,2.49,2.6,22708,0
SIM,D,20241030,000000,2.65,2.765,2.6,2.655,39125,0
SIM,D,20241031,000000,2.605,2.76,2.6,2.635,31161,0
SIM,D,20241104,000000,2.58,2.73,2.555,2.685,9364,0
SIM,D,20241105,000000,2.68,2.68,2.57,2.645,8659,0
SIM,D,20241106,000000,2.65,2.65,2.52,2.615,1828,0
SIM,D,20241107,000000,2.555,2.625,2.55,2.62,607,0
SIM,D,20241108,000000,2.575,2.635,2.525,2.525,18772,0
SIM,D,20241112,000000,2.525,2.67,2.48,2.565,51703,0
SIM,D,20241113,000000,2.49,2.505,2.3,2.39,68402,0
SIM,D,20241114,000000,2.38,2.43,2.13,2.13,161497,0
SIM,D,20241115,000000,2.3,2.3,2.1,2.18,64870,0
SIM,D,20241118,000000,2.18,2.22,1.98,2.05,138836,0
SIM,D,20241119,000000,1.992,2.13,1.964,2.05,28148,0
SIM,D,20241120,000000,2.06,2.06,1.958,2,29860,0
SIM,D,20241121,000000,1.994,2.045,1.95,2.03,25270,0
SIM,D,20241122,000000,2.035,2.04,1.856,1.922,56825,0
SIM,D,20241125,000000,1.922,1.99,1.92,1.98,9066,0
SIM,D,20241126,000000,1.97,2,1.93,1.998,6726,0
SIM,D,20241127,000000,1.99,1.99,1.932,1.99,2254,0
SIM,D,20241128,000000,1.95,2.19,1.95,2.14,52387,0
SIM,D,20241129,000000,2.135,2.14,2.005,2.12,6998,0
SIM,D,20241202,000000,2.04,2.12,2,2.12,28856,0
SIM,D,20241203,000000,2.115,2.12,2.03,2.11,5634,0
SIM,D,20241204,000000,2.11,2.14,2.02,2.08,14703,0
SIM,D,20241205,000000,2.045,2.09,2.005,2.07,17197,0
SIM,D,20241206,000000,2.035,2.07,1.99,2.07,8662,0
SIM,D,20241209,000000,2.07,2.07,1.91,2.035,49174,0
SIM,D,20241210,000000,2.005,2.035,1.92,1.98,29976,0
SIM,D,20241211,000000,1.93,1.98,1.906,1.974,9631,0
SIM,D,20241212,000000,1.96,1.97,1.774,1.95,25257,0
SIM,D,20241213,000000,1.92,1.948,1.852,1.94,6694,0
SIM,D,20241216,000000,1.932,1.976,1.85,1.94,27475,0
SIM,D,20241220,000000,1.78,1.88,1.65,1.76,149828,0
SIM,D,20241223,000000,1.7,1.87,1.652,1.85,77259,0
SIM,D,20241227,000000,1.85,1.956,1.79,1.93,23519,0
SIM,D,20241230,000000,1.936,1.936,1.816,1.89,13710,0
SIM,D,20250102,000000,1.832,1.938,1.826,1.886,13185,0
SIM,D,20250103,000000,1.886,2.07,1.886,2.03,17750,0
SIM,D,20250107,000000,2,2.08,2,2.08,23179,0
SIM,D,20250108,000000,2.06,2.32,1.986,2.125,62985,0
SIM,D,20250109,000000,2.065,2.18,2.03,2.115,17251,0
SIM,D,20250110,000000,2.05,2.12,2.02,2.09,9803,0
SIM,D,20250113,000000,2.085,2.085,1.9,1.956,46294,0
SIM,D,20250114,000000,1.954,1.96,1.84,1.936,15144,0
SIM,D,20250115,000000,1.9,1.93,1.87,1.928,11176,0
SIM,D,20250116,000000,1.93,1.95,1.906,1.95,25741,0
SIM,D,20250117,000000,1.95,1.95,1.88,1.95,7338,0
SIM,D,20250120,000000,1.95,1.95,1.854,1.932,2728,0
SIM,D,20250121,000000,1.896,1.9,1.82,1.9,10890,0
SIM,D,20250122,000000,1.89,1.984,1.88,1.96,88097,0
SIM,D,20250123,000000,1.932,2.01,1.91,1.996,20205,0
SIM,D,20250124,000000,1.954,1.964,1.88,1.964,1780,0
SIM,D,20250127,000000,1.964,1.964,1.894,1.962,2965,0
SIM,D,20250128,000000,1.904,1.964,1.9,1.906,7352,0
SIM,D,20250129,000000,1.906,1.94,1.834,1.928,5429,0
SIM,D,20250130,000000,1.896,1.928,1.886,1.926,3016,0
SIM,D,20250131,000000,1.916,1.924,1.884,1.922,3054,0
SIM,D,20250203,000000,1.92,1.93,1.888,1.93,1910,0
SIM,D,20250204,000000,1.886,1.95,1.886,1.93,7600,0
SIM,D,20250205,000000,1.95,1.95,1.88,1.948,12136,0
SIM,D,20250206,000000,1.948,1.98,1.87,1.976,21762,0
SIM,D,20250207,000000,1.98,1.98,1.9,1.9,4518,0
SIM,D,20250210,000000,1.956,1.96,1.9,1.936,12256,0
SIM,D,20250211,000000,1.938,1.938,1.848,1.89,50738,0
SIM,D,20250212,000000,1.89,1.93,1.78,1.898,53119,0
SIM,D,20250213,000000,1.854,1.92,1.85,1.904,12418,0
SIM,D,20250214,000000,1.902,1.94,1.876,1.92,33103,0
SIM,D,20250217,000000,1.868,1.92,1.868,1.92,11598,0
SIM,D,20250218,000000,1.92,1.92,1.862,1.92,9796,0
SIM,D,20250219,000000,1.918,1.918,1.812,1.908,16345,0
SIM,D,20250220,000000,1.89,1.908,1.88,1.898,5266,0
SIM,D,20250221,000000,1.892,1.892,1.762,1.886,17890,0
SIM,D,20250224,000000,1.84,1.89,1.82,1.888,12672,0
SIM,D,20250225,000000,1.888,1.89,1.826,1.886,1355,0
SIM,D,20250226,000000,1.83,1.886,1.828,1.886,9339,0
SIM,D,20250227,000000,1.88,1.888,1.88,1.886,4244,0
SIM,D,20250228,000000,1.866,1.886,1.828,1.886,4323,0
SIM,D,20250303,000000,1.82,1.884,1.812,1.874,7421,0
SIM,D,20250304,000000,1.876,1.876,1.814,1.87,5086,0
SIM,D,20250305,000000,1.87,1.87,1.826,1.87,2464,0
SIM,D,20250306,000000,1.868,1.87,1.822,1.86,2572,0
SIM,D,20250307,000000,1.86,1.86,1.802,1.854,39495,0
SIM,D,20250310,000000,1.854,1.854,1.8,1.838,7773,0
SIM,D,20250311,000000,1.802,1.844,1.8,1.842,2670,0
SIM,D,20250312,000000,1.854,1.86,1.824,1.838,8616,0
SIM,D,20250313,000000,1.84,1.852,1.754,1.828,9550,0
SIM,D,20250314,000000,1.828,1.87,1.776,1.87,15823,0
SIM,D,20250317,000000,1.802,1.9,1.802,1.896,28901,0
SIM,D,20250318,000000,1.896,1.896,1.824,1.89,3715,0
SIM,D,20250319,000000,1.88,1.89,1.804,1.88,13829,0
SIM,D,20250320,000000,1.874,1.874,1.82,1.864,5895,0
SIM,D,20250321,000000,1.864,1.92,1.824,1.89,11216,0
SIM,D,20250324,000000,1.874,1.91,1.83,1.906,16984,0
SIM,D,20250325,000000,1.89,1.9,1.882,1.882,5084,0
SIM,D,20250326,000000,1.888,1.888,1.85,1.87,1606,0
SIM,D,20250327,000000,1.86,1.878,1.82,1.866,5961,0
SIM,D,20250328,000000,1.842,1.862,1.762,1.848,23076,0
SIM,D,20250331,000000,1.848,1.886,1.776,1.84,8586,0
SIM,D,20250401,000000,1.868,1.868,1.774,1.844,5895,0
SIM,D,20250402,000000,1.83,1.84,1.826,1.826,2821,0
SIM,D,20250403,000000,1.8,1.842,1.77,1.81,15619,0
SIM,D,20250404,000000,1.77,1.828,1.77,1.8,3965,0
SIM,D,20250407,000000,1.77,1.8,1.692,1.776,12179,0
SIM,D,20250408,000000,1.776,1.796,1.732,1.784,6984,0
SIM,D,20250409,000000,1.786,1.786,1.736,1.782,5828,0
SIM,D,20250410,000000,1.8,1.8,1.746,1.78,15643,0
SIM,D,20250411,000000,1.752,1.78,1.752,1.778,1463,0
SIM,D,20250414,000000,1.8,1.8,1.748,1.79,8456,0
SIM,D,20250415,000000,1.784,1.784,1.764,1.782,923,0
SIM,D,20250416,000000,1.77,1.788,1.74,1.746,23471,0
SIM,D,20250417,000000,1.746,1.778,1.73,1.762,6179,0
SIM,D,20250422,000000,1.722,1.76,1.682,1.754,13053,0
SIM,D,20250423,000000,1.752,1.752,1.74,1.752,3590,0
SIM,D,20250424,000000,1.758,1.758,1.702,1.758,2226,0
SIM,D,20250425,000000,1.744,1.756,1.65,1.73,69163,0
SIM,D,20250428,000000,1.706,1.728,1.654,1.716,26736,0
SIM,D,20250429,000000,1.714,1.714,1.65,1.708,31102,0
SIM,D,20250430,000000,1.674,1.7,1.602,1.68,18417,0
SIM,D,20250502,000000,1.674,1.718,1.65,1.7,10604,0
SIM,D,20250505,000000,1.71,1.71,1.678,1.7,2893,0
SIM,D,20250506,000000,1.7,1.71,1.64,1.708,8394,0
SIM,D,20250507,000000,1.7,1.71,1.682,1.7,13845,0
SIM,D,20250508,000000,1.7,1.71,1.692,1.692,3869,0
SIM,D,20250509,000000,1.684,1.698,1.66,1.678,4073,0
SIM,D,20250512,000000,1.692,1.7,1.678,1.7,5362,0
SIM,D,20250513,000000,1.7,1.7,1.68,1.68,1470,0
SIM,D,20250514,000000,1.7,1.7,1.68,1.69,4672,0
SIM,D,20250515,000000,1.69,1.74,1.69,1.74,24331,0
SIM,D,20250516,000000,1.74,2.04,1.74,1.884,183593,0
SIM,D,20250519,000000,1.94,1.94,1.86,1.918,42788,0
SIM,D,20250520,000000,1.92,1.92,1.85,1.85,5109,0
SIM,D,20250521,000000,1.85,1.85,1.768,1.83,9277,0
SIM,D,20250522,000000,1.83,1.83,1.82,1.82,1949,0
SIM,D,20250523,000000,1.81,1.824,1.776,1.824,2467,0
SIM,D,20250526,000000,1.778,1.842,1.75,1.838,5810,0
SIM,D,20250527,000000,1.834,1.838,1.77,1.838,6344,0
SIM,D,20250528,000000,1.8,1.838,1.772,1.828,5436,0
SIM,D,20250529,000000,1.83,1.83,1.794,1.83,106,0
SIM,D,20250530,000000,1.83,1.83,1.72,1.798,25014,0
SIM,D,20250602,000000,1.766,1.768,1.73,1.75,3420,0
SIM,D,20250603,000000,1.75,1.812,1.678,1.812,42866,0
SIM,D,20250604,000000,1.746,1.808,1.704,1.796,923,0
SIM,D,20250605,000000,1.778,1.78,1.74,1.75,600,0
SIM,D,20250606,000000,1.72,1.786,1.72,1.786,4269,0
SIM,D,20250609,000000,1.78,1.784,1.714,1.78,19453,0
SIM,D,20250610,000000,1.682,1.74,1.65,1.698,52926,0
SIM,D,20250611,000000,1.7,1.7,1.658,1.698,5924,0
SIM,D,20250612,000000,1.696,1.748,1.654,1.732,8963,0
SIM,D,20250613,000000,1.742,1.742,1.656,1.73,1319,0
SIM,D,20250616,000000,1.672,1.738,1.588,1.694,14646,0
SIM,D,20250617,000000,1.694,1.694,1.65,1.692,1204,0
SIM,D,20250618,000000,1.69,1.698,1.658,1.658,3369,0
SIM,D,20250620,000000,1.658,1.68,1.62,1.66,7136,0
SIM,D,20250623,000000,1.676,1.676,1.622,1.676,1732,0
SIM,D,20250624,000000,1.668,1.696,1.668,1.676,3557,0
SIM,D,20250625,000000,1.622,1.682,1.62,1.672,6883,0
SIM,D,20250626,000000,1.67,1.67,1.59,1.668,5313,0
SIM,D,20250627,000000,1.664,1.69,1.61,1.69,7973,0
SIM,D,20250630,000000,1.618,1.726,1.618,1.65,5201,0
SIM,D,20250701,000000,1.69,1.73,1.688,1.728,3075,0
SIM,D,20250702,000000,1.728,1.728,1.714,1.728,4509,0
SIM,D,20250703,000000,1.716,1.85,1.648,1.75,36918,0
SIM,D,20250704,000000,1.75,1.78,1.702,1.78,7949,0
SIM,D,20250707,000000,1.8,1.844,1.8,1.826,5205,0
SIM,D,20250708,000000,1.772,1.822,1.738,1.8,15867,0
SIM,D,20250709,000000,1.796,1.796,1.722,1.79,6737,0
SIM,D,20250710,000000,1.784,1.786,1.732,1.784,4046,0
SIM,D,20250711,000000,1.726,1.78,1.702,1.75,1300,0
SIM,D,20250714,000000,1.75,1.75,1.648,1.728,11110,0
SIM,D,20250715,000000,1.728,1.794,1.704,1.704,7584,0
SIM,D,20250716,000000,1.704,1.758,1.672,1.706,26149,0
SIM,D,20250717,000000,1.738,1.778,1.738,1.778,1516,0
SIM,D,20250718,000000,1.768,1.778,1.72,1.76,3964,0
SIM,D,20250721,000000,1.758,1.76,1.672,1.76,12523,0
SIM,D,20250722,000000,1.706,1.748,1.588,1.694,22753,0
SIM,D,20250723,000000,1.642,1.694,1.642,1.69,2007,0
SIM,D,20250724,000000,1.688,1.696,1.68,1.696,1527,0
SIM,D,20250725,000000,1.696,1.698,1.628,1.694,10349,0
SIM,D,20250728,000000,1.662,1.744,1.612,1.744,19693,0
SIM,D,20250729,000000,1.726,1.726,1.64,1.71,1256,0
SIM,D,20250730,000000,1.666,1.72,1.666,1.72,7902,0
SIM,D,20250731,000000,1.71,1.71,1.706,1.708,1207,0
SIM,D,20250801,000000,1.67,1.728,1.66,1.71,10699,0
SIM,D,20250804,000000,1.7,1.708,1.652,1.708,5638,0
SIM,D,20250805,000000,1.654,1.68,1.6,1.61,19819,0
SIM,D,20250806,000000,1.67,1.686,1.622,1.686,3460,0
SIM,D,20250807,000000,1.63,1.676,1.62,1.67,1520,0
SIM,D,20250808,000000,1.666,1.672,1.636,1.672,3064,0
SIM,D,20250811,000000,1.67,1.694,1.636,1.694,6897,0
SIM,D,20250812,000000,1.64,1.694,1.64,1.694,300,0
SIM,D,20250813,000000,1.662,1.714,1.63,1.712,13575,0
SIM,D,20250814,000000,1.708,1.708,1.646,1.706,630,0
SIM,D,20250818,000000,1.698,1.698,1.642,1.678,12119,0
SIM,D,20250819,000000,1.648,1.668,1.63,1.668,10185,0
SIM,D,20250820,000000,1.662,1.67,1.64,1.67,10434,0
SIM,D,20250821,000000,1.642,1.646,1.64,1.646,1326,0
SIM,D,20250822,000000,1.64,1.668,1.62,1.642,12545,0
SIM,D,20250825,000000,1.642,1.67,1.642,1.67,1300,0
SIM,D,20250826,000000,1.642,1.666,1.642,1.666,10645,0
SIM,D,20250827,000000,1.648,1.67,1.64,1.646,19610,0
SIM,D,20250828,000000,1.646,1.874,1.646,1.79,116505,0
SIM,D,20250829,000000,1.82,1.822,1.7,1.754,31092,0
SIM,D,20250901,000000,1.786,2.15,1.718,2.125,144028,0
SIM,D,20250902,000000,2.575,2.78,2.215,2.24,895994,0
SIM,D,20250903,000000,2.27,2.63,2.06,2.1,598542,0
SIM,D,20250904,000000,2.13,2.18,1.944,1.95,189351,0
SIM,D,20250905,000000,2,2.03,1.87,1.98,68122,0
SIM,D,20250908,000000,1.986,1.998,1.87,1.96,82251,0
SIM,D,20250909,000000,1.97,2.295,1.81,2.25,375303,0
SIM,D,20250910,000000,2.23,2.32,2.11,2.18,165967,0
SIM,D,20250911,000000,2.25,2.4,2.135,2.4,118897,0
SIM,D,20250912,000000,2.48,2.48,2.3,2.375,100453,0
SIM,D,20250915,000000,2.3,2.355,2.2,2.29,31823,0
SIM,D,20250916,000000,2.3,2.365,2.21,2.28,28088,0
SIM,D,20250917,000000,2.24,2.24,2.1,2.18,53482,0
SIM,D,20250918,000000,2.16,2.17,1.952,2.07,105171,0
SIM,D,20250919,000000,2.07,2.18,1.96,2,75449,0
SIM,D,20250922,000000,2.05,2.05,1.98,2.03,8163,0
SIM,D,20250923,000000,1.974,2.02,1.92,1.996,33255,0
SIM,D,20250924,000000,1.956,2.025,1.944,1.998,15189,0
SIM,D,20250925,000000,1.998,2,1.85,1.94,57404,0
SIM,D,20250926,000000,1.91,1.978,1.862,1.91,24694,0
SIM,D,20250929,000000,1.864,2.05,1.864,2.01,76017,0
SIM,D,20250930,000000,2.02,2.22,1.958,2.11,72689,0
SIM,D,20251001,000000,2,2.06,1.96,2,73561,0
SIM,D,20251002,000000,1.98,1.98,1.81,1.946,42657,0
SIM,D,20251003,000000,1.946,1.948,1.75,1.798,188757,0
SIM,D,20251006,000000,1.79,1.82,1.75,1.762,66035,0
SIM,D,20251007,000000,1.78,1.86,1.764,1.83,27045,0
SIM,D,20251008,000000,1.828,1.85,1.77,1.838,27737,0
SIM,D,20251009,000000,1.838,1.94,1.802,1.878,87060,0
SIM,D,20251010,000000,1.848,1.9,1.826,1.9,11519,0
SIM,D,20251013,000000,1.9,1.926,1.826,1.864,8999,0
SIM,D,20251014,000000,1.826,1.858,1.7,1.836,23962,0
SIM,D,20251015,000000,1.836,1.878,1.78,1.86,9717,0
SIM,D,20251016,000000,1.79,1.848,1.79,1.838,2443,0
SIM,D,20251017,000000,1.838,1.858,1.79,1.822,6603,0
SIM,D,20251020,000000,1.8,1.824,1.78,1.818,16288,0
SIM,D,20251021,000000,1.824,1.872,1.794,1.872,1835,0
SIM,D,20251022,000000,1.804,1.856,1.8,1.846,2976,0
SIM,D,20251023,000000,1.846,1.852,1.73,1.788,26385,0
SIM,D,20251024,000000,1.834,1.834,1.748,1.8,15640,0
SIM,D,20251027,000000,1.826,1.826,1.78,1.8,2624,0
SIM,D,20251028,000000,1.78,1.82,1.76,1.77,12610,0
SIM,D,20251029,000000,1.818,1.818,1.73,1.798,13394,0
SIM,D,20251030,000000,1.794,1.8,1.738,1.77,9041,0
SIM,D,20251031,000000,1.77,1.796,1.73,1.796,26164,0
SIM,D,20251103,000000,1.79,1.818,1.752,1.816,9938,0
SIM,D,20251104,000000,1.816,1.816,1.75,1.792,10855,0
SIM,D,20251105,000000,1.788,1.79,1.754,1.79,6144,0
SIM,D,20251106,000000,1.768,1.798,1.754,1.798,10014,0
SIM,D,20251107,000000,1.798,1.85,1.774,1.8,20241,0
SIM,D,20251110,000000,1.8,1.8,1.734,1.796,4987,0
SIM,D,20251112,000000,1.762,1.8,1.714,1.8,2031,0
SIM,D,20251113,000000,1.75,1.798,1.75,1.788,965,0
SIM,D,20251114,000000,1.75,1.814,1.7,1.814,23323,0
SIM,D,20251117,000000,1.814,1.818,1.732,1.796,8025,0
SIM,D,20251118,000000,1.784,1.794,1.7,1.7,11926,0
SIM,D,20251119,000000,1.768,1.768,1.712,1.768,2323,0
SIM,D,20251120,000000,1.788,1.788,1.716,1.788,65,0
SIM,D,20251121,000000,1.72,1.78,1.714,1.778,7888,0
SIM,D,20251124,000000,1.75,1.786,1.73,1.758,8968,0
SIM,D,20251125,000000,1.786,1.786,1.704,1.758,1708,0
SIM,D,20251126,000000,1.706,1.748,1.7,1.744,5956,0
SIM,D,20251127,000000,1.728,1.786,1.69,1.786,15857,0
SIM,D,20251128,000000,1.76,1.78,1.756,1.76,6654,0
SIM,D,20251201,000000,1.806,1.86,1.786,1.828,33369,0
SIM,D,20251202,000000,1.774,1.818,1.75,1.8,5544,0
SIM,D,20251203,000000,1.794,1.794,1.702,1.788,13526,0
SIM,D,20251204,000000,1.788,1.788,1.71,1.748,5203,0
SIM,D,20251205,000000,1.748,1.788,1.712,1.772,9888,0
SIM,D,20251208,000000,1.714,1.766,1.65,1.748,26716,0
SIM,D,20251209,000000,1.67,1.734,1.64,1.714,14133,0
SIM,D,20251210,000000,1.712,1.712,1.64,1.678,3040,0
SIM,D,20251211,000000,1.642,1.65,1.61,1.648,11866,0
SIM,D,20251212,000000,1.614,1.668,1.61,1.656,17274,0
SIM,D,20251215,000000,1.654,1.654,1.56,1.6,14495,0
SIM,D,20251216,000000,1.598,1.598,1.506,1.594,43058,0
SIM,D,20251217,000000,1.57,1.596,1.55,1.55,24499,0
SIM,D,20251218,000000,1.538,1.538,1.512,1.52,14619,0
SIM,D,20251219,000000,1.52,1.588,1.5,1.582,29005,0
SIM,D,20251222,000000,1.52,1.56,1.5,1.548,42297,0
SIM,D,20251223,000000,1.524,1.544,1.512,1.52,23233,0
SIM,D,20251229,000000,1.532,1.538,1.51,1.538,13695,0
SIM,D,20251230,000000,1.52,1.582,1.52,1.55,16544,0
SIM,D,20260102,000000,1.55,1.67,1.53,1.638,6822,0
SIM,D,20260105,000000,1.634,1.684,1.582,1.678,20268,0
SIM,D,20260107,000000,1.676,1.79,1.65,1.738,24016,0
SIM,D,20260108,000000,1.74,1.74,1.66,1.68,8751,0
SIM,D,20260109,000000,1.678,1.75,1.678,1.726,13223,0
SIM,D,20260112,000000,1.664,1.76,1.664,1.758,2524,0
SIM,D,20260113,000000,1.69,1.728,1.664,1.708,5373,0
SIM,D,20260114,000000,1.706,1.706,1.634,1.69,7683,0
SIM,D,20260115,000000,1.686,1.748,1.614,1.74,13580,0
SIM,D,20260116,000000,1.744,1.78,1.702,1.758,4669,0
SIM,D,20260119,000000,1.756,1.756,1.626,1.738,6758,0
SIM,D,20260120,000000,1.65,1.716,1.65,1.7,9478,0
SIM,D,20260121,000000,1.698,1.7,1.658,1.7,577,0
SIM,D,20260122,000000,1.698,1.7,1.698,1.7,1172,0
SIM,D,20260123,000000,1.664,1.698,1.6,1.674,21379,0
SIM,D,20260126,000000,1.65,1.674,1.63,1.672,2635,0
SIM,D,20260127,000000,1.672,1.69,1.654,1.686,5175,0
SIM,D,20260128,000000,1.654,1.678,1.654,1.678,1394,0
SIM,D,20260129,000000,1.644,1.644,1.616,1.644,5597,0
SIM,D,20260130,000000,1.644,1.65,1.58,1.646,9894,0
SIM,D,20260202,000000,1.59,1.606,1.58,1.606,10981,0
SIM,D,20260203,000000,1.58,1.656,1.576,1.582,13286,0
SIM,D,20260204,000000,1.584,1.646,1.584,1.638,1085,0
SIM,D,20260205,000000,1.63,1.632,1.568,1.626,4330,0
SIM,D,20260206,000000,1.626,1.65,1.58,1.64,6860,0
SIM,D,20260209,000000,1.586,1.6,1.544,1.596,22448,0
SIM,D,20260210,000000,1.596,1.606,1.57,1.602,3074,0
SIM,D,20260211,000000,1.58,1.86,1.57,1.708,310377,0
SIM,D,20260212,000000,1.728,1.73,1.626,1.626,44424,0
SIM,D,20260213,000000,1.668,1.676,1.624,1.676,3185,0
SIM,D,20260216,000000,1.676,1.68,1.604,1.672,17885,0
SIM,D,20260217,000000,1.672,1.672,1.624,1.66,3217,0
SIM,D,20260218,000000,1.66,1.66,1.6,1.64,21607,0
SIM,D,20260219,000000,1.64,1.67,1.64,1.67,2313,0
SIM,D,20260220,000000,1.618,1.67,1.618,1.668,310,0
SIM,D,20260223,000000,1.668,1.668,1.616,1.62,4343,0
SIM,D,20260224,000000,1.62,1.62,1.58,1.62,7506,0
SIM,D,20260225,000000,1.6,1.65,1.6,1.64,2170,0
SIM,D,20260226,000000,1.62,1.62,1.6,1.62,7590,0
SIM,D,20260227,000000,1.66,1.66,1.6,1.66,1519,0
SIM,D,20260302,000000,1.602,1.648,1.552,1.642,8176,0
SIM,D,20260303,000000,1.568,1.64,1.51,1.63,8497,0
SIM,D,20260304,000000,1.59,1.852,1.522,1.718,171310,0
SIM,D,20260305,000000,1.716,1.72,1.646,1.71,27308,0
SIM,D,20260306,000000,1.7,1.72,1.626,1.69,42571,0
SIM,D,20260309,000000,1.68,1.69,1.632,1.69,5273,0
SIM,D,20260310,000000,1.648,1.72,1.648,1.72,7241,0
SIM,D,20260311,000000,1.708,1.708,1.636,1.7,9580,0
SIM,D,20260312,000000,1.65,1.744,1.65,1.7,27702,0
SIM,D,20260313,000000,1.698,1.698,1.63,1.682,15429,0
SIM,D,20260316,000000,1.69,1.69,1.638,1.69,640,0
SIM,D,20260317,000000,1.688,1.688,1.64,1.674,4653,0
SIM,D,20260318,000000,1.64,1.684,1.638,1.672,1430,0
SIM,D,20260319,000000,1.67,1.676,1.564,1.584,16745,0
SIM,D,20260320,000000,1.6,1.638,1.56,1.632,10003,0
SIM,D,20260323,000000,1.63,1.636,1.552,1.636,10987,0
SIM,D,20260324,000000,1.63,1.63,1.552,1.628,3867,0
SIM,D,20260325,000000,1.62,1.628,1.562,1.564,1033,0
SIM,D,20260326,000000,1.624,1.628,1.564,1.624,3030,0
SIM,D,20260327,000000,1.62,1.624,1.566,1.622,2262,0
SIM,D,20260330,000000,1.622,1.784,1.572,1.698,138774,0
SIM,D,20260331,000000,1.69,1.718,1.626,1.706,22615,0
SIM,D,20260401,000000,1.626,1.704,1.582,1.646,48836,0
SIM,D,20260402,000000,1.642,1.644,1.584,1.584,7415,0
SIM,D,20260407,000000,1.596,1.684,1.596,1.66,10967,0
SIM,D,20260408,000000,1.638,1.674,1.622,1.67,7516,0
SIM,D,20260409,000000,1.604,1.668,1.602,1.658,6856,0
SIM,D,20260410,000000,1.658,1.678,1.658,1.678,4384,0
SIM,D,20260413,000000,1.63,1.678,1.63,1.678,1374,0
SIM,D,20260414,000000,1.676,1.676,1.67,1.676,355,0
SIM,D,20260415,000000,1.672,1.672,1.612,1.664,5987,0
SIM,D,20260416,000000,1.622,1.664,1.592,1.648,20360,0
SIM,D,20260417,000000,1.6,1.642,1.59,1.636,3457,0
SIM,D,20260420,000000,1.596,1.634,1.592,1.624,6036,0
SIM,D,20260421,000000,1.596,1.624,1.592,1.62,2375,0
SIM,D,20260422,000000,1.592,1.616,1.584,1.606,13627,0
SIM,D,20260423,000000,1.584,1.602,1.584,1.584,575,0
SIM,D,20260424,000000,1.604,1.604,1.586,1.6,1874,0
SIM,D,20260427,000000,1.586,1.6,1.584,1.6,4150,0
SIM,D,20260428,000000,1.598,1.6,1.584,1.6,1908,0
SIM,D,20260429,000000,1.586,1.586,1.586,1.586,650,0
SIM,D,20260430,000000,1.584,1.65,1.582,1.622,10893,0
SIM,D,20260504,000000,1.59,1.622,1.59,1.622,2037,0
SIM,D,20260505,000000,1.618,1.62,1.6,1.62,5486,0
SIM,D,20260506,000000,1.6,1.616,1.6,1.616,3059,0
SIM,D,20260507,000000,1.616,1.616,1.52,1.608,7792,0
SIM,D,20260508,000000,1.602,1.608,1.562,1.606,3354,0
SIM,D,20260511,000000,1.54,1.54,1.54,1.54,9,0
SIM,D,20260512,000000,1.606,1.606,1.6,1.602,2463,0
SIM,D,20260513,000000,1.58,1.58,1.54,1.54,16645,0
SIM,D,20260514,000000,1.594,1.594,1.54,1.588,2272,0
SIM,D,20260515,000000,1.542,1.592,1.536,1.592,2062,0
SIM,D,20260518,000000,1.584,1.584,1.582,1.582,526,0
SIM,D,20260519,000000,1.54,1.582,1.54,1.58,720,0
SIM,D,20260520,000000,1.54,1.578,1.54,1.56,1528,0
SIM,D,20260521,000000,1.56,1.56,1.534,1.558,1727,0
SIM,D,20260522,000000,1.536,1.582,1.534,1.582,4643,0
SIM,D,20260525,000000,1.534,1.584,1.522,1.57,7904,0
SIM,D,20260526,000000,1.542,1.542,1.51,1.54,8703,0
SIM,D,20260527,000000,1.534,1.578,1.524,1.568,2867,0
SIM,D,20260528,000000,1.576,1.578,1.52,1.572,5361,0
SIM,D,20260529,000000,1.574,1.574,1.52,1.556,3918,0
SIM,D,20260601,000000,1.6,1.708,1.55,1.682,42236,0
SIM,D,20260602,000000,1.67,1.68,1.612,1.612,7727,0
SIM,D,20260603,000000,1.61,1.648,1.606,1.644,844,0
SIM,D,20260605,000000,1.64,1.64,1.568,1.568,12674,0
SIM,D,20260608,000000,1.62,1.62,1.57,1.618,898,0
SIM,D,20260609,000000,1.598,1.598,1.57,1.57,1280,0
SIM,D,20260610,000000,1.572,1.572,1.45,1.534,62324,0
SIM,D,20260611,000000,1.532,1.532,1.532,1.532,1195,0
SIM,D,20260612,000000,1.51,1.51,1.482,1.482,7700,0
SIM,D,20260615,000000,1.48,1.528,1.48,1.482,7784,0
SIM,D,20260616,000000,1.482,1.518,1.48,1.5,3197,0
SIM,D,20260617,000000,1.482,1.55,1.48,1.55,14250,0
SIM,D,20260618,000000,1.548,1.548,1.482,1.548,1283,0
SIM,D,20260619,000000,1.544,1.544,1.48,1.532,15084,0
SIM,D,20260622,000000,1.53,1.53,1.49,1.53,160,0
SIM,D,20260623,000000,1.528,1.534,1.496,1.534,1530,0
SIM,D,20260624,000000,1.532,1.534,1.49,1.526,1090,0
SIM,D,20260625,000000,1.484,1.524,1.484,1.5,1184,0
SIM,D,20260626,000000,1.524,1.534,1.482,1.532,6785,0
SIM,D,20260629,000000,1.532,1.532,1.488,1.524,1044,0
SIM,D,20260630,000000,1.528,1.548,1.478,1.478,13146,0
SIM,D,20260701,000000,1.48,1.54,1.478,1.54,2108,0
SIM,D,20260702,000000,1.536,1.542,1.536,1.542,656,0
SIM,D,20260703,000000,1.544,1.544,1.45,1.528,18630,0
SIM,D,20260706,000000,1.454,1.618,1.454,1.564,38146,0
SIM,D,20260707,000000,1.562,1.564,1.52,1.552,6908,0
SIM,D,20260708,000000,1.504,1.52,1.48,1.5,18069,0
SIM,D,20260709,000000,1.48,1.49,1.416,1.49,37817,0
SIM,D,20260710,000000,1.462,1.49,1.462,1.48,5795,0
SIM,D,20260713,000000,1.46,1.488,1.428,1.47,3078,0
SIM,D,20260714,000000,1.432,1.84,1.43,1.74,251488,0
SIM,D,20260715,000000,1.832,1.858,1.572,1.59,169415,0
SIM,D,20260716,000000,1.6,1.658,1.512,1.514,40740,0
SIM,D,20260717,000000,1.56,1.594,1.512,1.578,23356,0
SIM,D,20260720,000000,1.578,1.578,1.52,1.52,17856,0
SIM,D,20260721,000000,1.534,1.558,1.512,1.512,10728,0
SIM,D,20260722,000000,1.512,1.574,1.51,1.566,8520,0
SIM,D,20260723,000000,1.53,1.658,1.51,1.62,41119,0
SIM,D,20260724,000000,1.616,1.616,1.616,1.616,420,0
SIM,D,20260727,000000,1.616,1.616,1.528,1.6,5638,0
SIM,D,20260728,000000,1.572,1.6,1.57,1.6,1810,0
SIM,D,20260729,000000,1.6,1.6,1.556,1.6,3619,0
SIM,D,20260730,000000,1.6,1.6,1.55,1.552,11674,0
SIM,D,20260731,000000,1.596,1.6,1.54,1.598,12863,0
SIM,D,20260803,000000,1.554,1.596,1.554,1.592,4625,0
SIM,D,20260804,000000,1.574,1.62,1.554,1.62,23370,0
SIM,D,20260805,000000,1.618,1.62,1.568,1.618,6128,0
SIM,D,20260806,000000,1.65,1.68,1.628,1.67,86431,0
SIM,D,20260807,000000,1.668,1.69,1.642,1.69,11472,0
SIM,D,20260810,000000,1.688,1.69,1.65,1.678,10707,0
SIM,D,20260811,000000,1.666,1.666,1.6,1.638,20864,0
SIM,D,20260812,000000,1.602,1.648,1.58,1.63,27150,0
SIM,D,20260813,000000,1.57,1.624,1.57,1.616,7211,0
SIM,D,20260814,000000,1.614,1.63,1.456,1.48,132633,0
SIM,D,20260817,000000,1.55,1.55,1.45,1.5,20054,0
SIM,D,20260818,000000,1.5,1.52,1.462,1.51,8671,0
