<TICKER>,<PER>,<DATE>,<TIME>,<OPEN>,<HIGH>,<LOW>,<CLOSE>,<VOL>,<OPENINT>
SPR,D,20200305,000000,60,72,50,72,556,0
SPR,D,20200306,000000,72,85,58.02,76,2186,0
SPR,D,20200309,000000,77,78,65,73,145,0
SPR,D,20200310,000000,60,64,57.5,57.5,218,0
SPR,D,20200311,000000,60,65,52.01,63,178,0
SPR,D,20200312,000000,59,59,49.4,55.9,46,0
SPR,D,20200313,000000,55,55,54,55,59,0
SPR,D,20200316,000000,54.5,62,54.5,61.98,100,0
SPR,D,20200317,000000,60,60,55,60,31,0
SPR,D,20200318,000000,60,60,50,58,105,0
SPR,D,20200319,000000,57.5,59,57,57.5,74,0
SPR,D,20200320,000000,55,55,48,54.9,17,0
SPR,D,20200323,000000,45,48.9,36,48.9,61,0
SPR,D,20200324,000000,49,51,49,51,110,0
SPR,D,20200325,000000,50,53,50,53,32,0
SPR,D,20200327,000000,54.9,55,54.9,55,24,0
SPR,D,20200330,000000,60,60,60,60,3,0
SPR,D,20200331,000000,55,59,55,59,11,0
SPR,D,20200401,000000,50,56,47.2,54,209,0
SPR,D,20200402,000000,50,50,50,50,16,0
SPR,D,20200403,000000,53.9,53.9,48,48,38,0
SPR,D,20200406,000000,53,53.9,53,53.9,170,0
SPR,D,20200407,000000,51.99,52,47,52,89,0
SPR,D,20200408,000000,52,55,52,55,40,0
SPR,D,20200409,000000,55,55,53,53,20,0
SPR,D,20200414,000000,53,53,50,50,44,0
SPR,D,20200415,000000,50,50,49.995,50,6,0
SPR,D,20200416,000000,50.5,53,50,50,67,0
SPR,D,20200417,000000,49,50.5,49,50.5,31,0
SPR,D,20200420,000000,50,52,50,50,75,0
SPR,D,20200421,000000,50,50,50,50,5,0
SPR,D,20200422,000000,51,59,51,59,279,0
SPR,D,20200423,000000,68,73,57,72,515,0
SPR,D,20200424,000000,68,68,62.8,66,228,0
SPR,D,20200427,000000,67,69,67,69,25,0
SPR,D,20200428,000000,68,69,68,69,6,0
SPR,D,20200429,000000,68,68,65,67.5,10,0
SPR,D,20200430,000000,65,66,65,66,81,0
SPR,D,20200504,000000,65,65.01,65,65,29,0
SPR,D,20200505,000000,65,65,65,65,1,0
SPR,D,20200506,000000,64.01,64.01,61,61,56,0
SPR,D,20200507,000000,61,71.9,61,68.5,98,0
SPR,D,20200508,000000,70.8,71,68.5,71,264,0
SPR,D,20200511,000000,70.99,70.99,70,70,77,0
SPR,D,20200512,000000,70.9,75.6,70,70,113,0
SPR,D,20200513,000000,72.95,74.5,70,74.5,179,0
SPR,D,20200514,000000,75,75.6,75,75.6,93,0
SPR,D,20200515,000000,74,74,71,71,7,0
SPR,D,20200518,000000,71.1,76,71,76,174,0
SPR,D,20200519,000000,76,109,76,100.98,544,0
SPR,D,20200520,000000,109.44,131,89,125,897,0
SPR,D,20200521,000000,125,125,121,121,119,0
SPR,D,20200522,000000,120,120,110,110,98,0
SPR,D,20200525,000000,108,113,108,113,137,0
SPR,D,20200526,000000,108,110,108,108,25,0
SPR,D,20200527,000000,105,105,92.5,100,409,0
SPR,D,20200528,000000,99.9,101,97,98.5,187,0
SPR,D,20200529,000000,99,104,99,104,107,0
SPR,D,20200601,000000,105,125,105,119,65,0
SPR,D,20200602,000000,119,119,96,108,144,0
SPR,D,20200603,000000,103,119,103,104,52,0
SPR,D,20200604,000000,116,116,101,114,37,0
SPR,D,20200605,000000,113,114,112,112,38,0
SPR,D,20200608,000000,112,112,109,109,21,0
SPR,D,20200609,000000,109,110,109,110,18,0
SPR,D,20200610,000000,110,112,110,110,26,0
SPR,D,20200612,000000,108,110,107,110,37,0
SPR,D,20200615,000000,125,125,114,115,65,0
SPR,D,20200616,000000,116,119,116,119,18,0
SPR,D,20200617,000000,119,119,116,117,21,0
SPR,D,20200618,000000,114.5,119,114.5,118,226,0
SPR,D,20200622,000000,121,140,121,130,226,0
SPR,D,20200623,000000,135,151,135,151,338,0
SPR,D,20200624,000000,160,190,160,190,158,0
SPR,D,20200625,000000,190,215,171,213,628,0
SPR,D,20200626,000000,215,215,193,213,128,0
SPR,D,20200629,000000,194,200,177,180,166,0
SPR,D,20200630,000000,176,180,175,178,24,0
SPR,D,20200701,000000,185,188,178,188,14,0
SPR,D,20200702,000000,195,198,195,195,15,0
SPR,D,20200703,000000,195,199,195,196,29,0
SPR,D,20200706,000000,198,198,189.98,189.98,13,0
SPR,D,20200707,000000,185,190,179,190,30,0
SPR,D,20200708,000000,190,192,190,192,18,0
SPR,D,20200709,000000,192,194,192,192,22,0
SPR,D,20200710,000000,190,195,190,195,10,0
SPR,D,20200713,000000,198,198,184,184,21,0
SPR,D,20200714,000000,184,184,178,178,107,0
SPR,D,20200715,000000,190,195,182,182,59,0
SPR,D,20200716,000000,188,188,176,178,28,0
SPR,D,20200717,000000,176,177,176,177,72,0
SPR,D,20200720,000000,177,182,177,182,108,0
SPR,D,20200721,000000,183,185,183,185,23,0
SPR,D,20200722,000000,180,180,153,170,84,0
SPR,D,20200723,000000,171,172,167,167,42,0
SPR,D,20200724,000000,167,170,166,166,72,0
SPR,D,20200727,000000,165,165,157,157,154,0
SPR,D,20200728,000000,156,156,151,152,131,0
SPR,D,20200729,000000,150,155,150,155,34,0
SPR,D,20200730,000000,160,160,150,150,48,0
SPR,D,20200731,000000,154,163.2,154,163.2,20,0
SPR,D,20200803,000000,160,160,150,150,69,0
SPR,D,20200804,000000,149,151,149,151,23,0
SPR,D,20200805,000000,152,153,149,149,39,0
SPR,D,20200806,000000,152,153,152,153,84,0
SPR,D,20200807,000000,154,155,154,155,22,0
SPR,D,20200810,000000,158,176,158,160,31,0
SPR,D,20200811,000000,163,163,153,153,122,0
SPR,D,20200813,000000,153,153,151,151,2,0
SPR,D,20200814,000000,157,174.5,155,155,78,0
SPR,D,20200817,000000,155,155,155,155,1,0
SPR,D,20200818,000000,155,155,154,155,47,0
SPR,D,20200819,000000,155.02,180,155.02,166,95,0
SPR,D,20200820,000000,167,167,160,160,33,0
SPR,D,20200824,000000,163,163,161,161,6,0
SPR,D,20200828,000000,160.02,166,160,160,49,0
SPR,D,20200831,000000,160.7,161,159,159,27,0
SPR,D,20200901,000000,158,158,158,158,1,0
SPR,D,20200903,000000,157,157,148.5,149,40,0
SPR,D,20200904,000000,155,155,155,155,2,0
SPR,D,20200907,000000,164,170,147,147,33,0
SPR,D,20200908,000000,150,150,107,118.98,122,0
SPR,D,20200909,000000,120,139,120,139,64,0
SPR,D,20200910,000000,144,170,144,160,125,0
SPR,D,20200914,000000,159,159,159,159,1,0
SPR,D,20200915,000000,160,160,157,157,9,0
SPR,D,20200916,000000,157,157,157,157,7,0
SPR,D,20200917,000000,157,157,157,157,1,0
SPR,D,20200918,000000,157,157,155,155,2,0
SPR,D,20200921,000000,154,154,138,140,18,0
SPR,D,20200922,000000,140,140,140,140,38,0
SPR,D,20200923,000000,138,138,135,135,12,0
SPR,D,20200924,000000,135,135,135,135,19,0
SPR,D,20200925,000000,132.74,132.74,128.5,129,80,0
SPR,D,20200928,000000,129,145,129,142,83,0
SPR,D,20200929,000000,144,144,144,144,1,0
SPR,D,20200930,000000,144,144,137,137,15,0
SPR,D,20201005,000000,137,141,137,141,2,0
SPR,D,20201006,000000,142,145,140,140,44,0
SPR,D,20201007,000000,138,139,137,139,68,0
SPR,D,20201008,000000,139,139,138,138,46,0
SPR,D,20201009,000000,140,148,140,148,46,0
SPR,D,20201012,000000,148,148,148,148,1,0
SPR,D,20201013,000000,146,146,146,146,8,0
SPR,D,20201014,000000,148,148,143,143,3,0
SPR,D,20201015,000000,143,143,141,141,23,0
SPR,D,20201016,000000,141,150,141,150,79,0
SPR,D,20201019,000000,150,150.5,150,150.5,16,0
SPR,D,20201020,000000,151.5,153,151.5,153,101,0
SPR,D,20201021,000000,155,157,155,157,12,0
SPR,D,20201022,000000,158,164,158,164,8,0
SPR,D,20201023,000000,164,176,164,170,59,0
SPR,D,20201026,000000,164,165,164,165,3,0
SPR,D,20201027,000000,163,163,162,163,23,0
SPR,D,20201028,000000,163,163,155,155,185,0
SPR,D,20201029,000000,155,158,155,158,24,0
SPR,D,20201030,000000,158,158,155,155,76,0
SPR,D,20201102,000000,159.98,160,159.98,160,7,0
SPR,D,20201103,000000,161,161,161,161,1,0
SPR,D,20201104,000000,161,163,161,163,48,0
SPR,D,20201105,000000,163,172,163,172,32,0
SPR,D,20201106,000000,168,168,168,168,1,0
SPR,D,20201109,000000,168,181,168,180,127,0
SPR,D,20201110,000000,178,178,170,173,9,0
SPR,D,20201112,000000,177,181,174,181,137,0
SPR,D,20201113,000000,184,202,184,200,300,0
SPR,D,20201116,000000,200,200.05,190,190,39,0
SPR,D,20201117,000000,188,188,181,181,15,0
SPR,D,20201118,000000,178,178,178,178,1,0
SPR,D,20201119,000000,175,175,157,157,188,0
SPR,D,20201123,000000,159,159,159,159,1,0
SPR,D,20201124,000000,158,158,152,156,32,0
SPR,D,20201125,000000,157,177,157,177,36,0
SPR,D,20201126,000000,174,177,172,172,11,0
SPR,D,20201127,000000,172,173,172,173,6,0
SPR,D,20201130,000000,173,175,172,175,45,0
SPR,D,20201201,000000,172,172,170,172,10,0
SPR,D,20201202,000000,172,172,172,172,2,0
SPR,D,20201204,000000,171,171,171,171,9,0
SPR,D,20201207,000000,173,173,162,166,25,0
SPR,D,20201209,000000,166,166,160,160,23,0
SPR,D,20201210,000000,158,159,157,159,40,0
SPR,D,20201211,000000,164,165,164,165,19,0
SPR,D,20201214,000000,165,165,159,159,3,0
SPR,D,20201215,000000,158,158,158,158,2,0
SPR,D,20201216,000000,159,164,159,164,8,0
SPR,D,20201217,000000,162,162,162,162,5,0
SPR,D,20201218,000000,162,164,162,162,32,0
SPR,D,20201223,000000,162,162,162,162,8,0
SPR,D,20201228,000000,159,159.02,159,159,7,0
SPR,D,20201229,000000,159,159,159,159,1,0
SPR,D,20201230,000000,163,167,163,167,4,0
SPR,D,20210104,000000,167,170,167,170,2,0
SPR,D,20210105,000000,170,180,170,175,72,0
SPR,D,20210107,000000,178,180,178,180,11,0
SPR,D,20210108,000000,180,184,180,184,34,0
SPR,D,20210111,000000,184,185,184,185,10,0
SPR,D,20210112,000000,185,186,185,186,42,0
SPR,D,20210113,000000,187,187,185,185,51,0
SPR,D,20210114,000000,185,185,185,185,5,0
SPR,D,20210115,000000,189,189,187,187,3,0
SPR,D,20210118,000000,187,187,172,180,13,0
SPR,D,20210119,000000,183,189,180,189,12,0
SPR,D,20210120,000000,185,185,185,185,7,0
SPR,D,20210121,000000,195,195,185,185,110,0
SPR,D,20210125,000000,195,195,192,192,17,0
SPR,D,20210126,000000,190,190,190,190,2,0
SPR,D,20210127,000000,188,188,188,188,6,0
SPR,D,20210128,000000,188,188,188,188,1,0
SPR,D,20210129,000000,188,188,188,188,16,0
SPR,D,20210201,000000,186,186,184,184,2,0
SPR,D,20210202,000000,181.5,181.5,181.5,181.5,10,0
SPR,D,20210203,000000,181.5,181.5,175,175,106,0
SPR,D,20210204,000000,175,177,175,177,2,0
SPR,D,20210205,000000,180,180,177,177,11,0
SPR,D,20210208,000000,177,177,177,177,1,0
SPR,D,20210209,000000,177,177,177,177,1,0
SPR,D,20210210,000000,177,180,177,180,12,0
SPR,D,20210211,000000,180,182,179,180.1,41,0
SPR,D,20210212,000000,180,191,180,190,148,0
SPR,D,20210215,000000,186.1,204.8,186.1,197,178,0
SPR,D,20210216,000000,192,196.8,189,196.7,70,0
SPR,D,20210217,000000,189,191.8,185,185,86,0
SPR,D,20210218,000000,188,198,188,195,191,0
SPR,D,20210219,000000,195,200,195,200,188,0
SPR,D,20210222,000000,200,236,200,236,420,0
SPR,D,20210223,000000,233,233,215,230,51,0
SPR,D,20210224,000000,216,220,206,206,60,0
SPR,D,20210225,000000,210,228,210,214,21,0
SPR,D,20210226,000000,214,214,214,214,10,0
SPR,D,20210301,000000,220,225,220,225,104,0
SPR,D,20210302,000000,238,259,235,259,382,0
SPR,D,20210303,000000,255,280,251,260,448,0
SPR,D,20210304,000000,264,280,264,272,59,0
SPR,D,20210305,000000,280,280,278,278,92,0
SPR,D,20210308,000000,280,290,279,288,249,0
SPR,D,20210309,000000,290,297,290,297,68,0
SPR,D,20210310,000000,295,295,283,290,71,0
SPR,D,20210311,000000,290,294,285,290,33,0
SPR,D,20210312,000000,290,290,285.2,290,45,0
SPR,D,20210315,000000,294,324,294,324,223,0
SPR,D,20210316,000000,325,330,325,330,150,0
SPR,D,20210317,000000,340,340,290,305,162,0
SPR,D,20210318,000000,300,315,300,315,48,0
SPR,D,20210319,000000,313,315,313,315,32,0
SPR,D,20210322,000000,315,315,315,315,17,0
SPR,D,20210323,000000,315,320,315,320,34,0
SPR,D,20210324,000000,328,375,328,358,179,0
SPR,D,20210325,000000,370,379,369,370,180,0
SPR,D,20210326,000000,380,440,379,438,247,0
SPR,D,20210329,000000,438,448,354,395,137,0
SPR,D,20210330,000000,390,400,385,400,28,0
SPR,D,20210331,000000,404,419,380,380,34,0
SPR,D,20210401,000000,380,380,330,356,69,0
SPR,D,20210406,000000,360,360,320,340,106,0
SPR,D,20210407,000000,326,330,312,320,127,0
SPR,D,20210408,000000,306,306,280,290,153,0
SPR,D,20210409,000000,290,290,280,280,392,0
SPR,D,20210412,000000,300,300,254,264,2612,0
SPR,D,20210413,000000,268,270,256,258,951,0
SPR,D,20210414,000000,260,296,258,288,3264,0
SPR,D,20210415,000000,288,288,278,284,841,0
SPR,D,20210416,000000,284,294,280,292,528,0
SPR,D,20210419,000000,290,292,284,288,676,0
SPR,D,20210420,000000,288,288,272,282,1773,0
SPR,D,20210421,000000,280,284,262,284,2614,0
SPR,D,20210422,000000,284,284,274,278,116,0
SPR,D,20210423,000000,280,280,276,276,153,0
SPR,D,20210426,000000,280,282,274,280,174,0
SPR,D,20210427,000000,282,282,270,278,165,0
SPR,D,20210428,000000,278,282,274,282,908,0
SPR,D,20210429,000000,282,290,280,282,901,0
SPR,D,20210430,000000,286,298,286,298,1703,0
SPR,D,20210504,000000,298,300,286,298,598,0
SPR,D,20210505,000000,296,296,282,290,208,0
SPR,D,20210506,000000,290,290,280,280,139,0
SPR,D,20210507,000000,286,290,270,286,302,0
SPR,D,20210510,000000,288,288,284,284,29,0
SPR,D,20210511,000000,282,286,272,286,651,0
SPR,D,20210512,000000,286,286,284,284,28,0
SPR,D,20210513,000000,284,284,272,276,690,0
SPR,D,20210514,000000,278,278,260,266,681,0
SPR,D,20210517,000000,262,268,236,268,762,0
SPR,D,20210518,000000,266,266,260,260,262,0
SPR,D,20210519,000000,258,258,242,250,480,0
SPR,D,20210520,000000,248,252,230,252,551,0
SPR,D,20210521,000000,250,254,230,234,846,0
SPR,D,20210524,000000,234,240,232,238,189,0
SPR,D,20210525,000000,240,240,232,234,114,0
SPR,D,20210526,000000,236,236,232,232,104,0
SPR,D,20210527,000000,234,254,230,246,961,0
SPR,D,20210528,000000,246,256,236,242,1451,0
SPR,D,20210531,000000,240,240,230,232,240,0
SPR,D,20210601,000000,234,244,224,244,460,0
SPR,D,20210602,000000,242,250,238,250,196,0
SPR,D,20210604,000000,250,250,242,246,828,0
SPR,D,20210607,000000,244,258,236,244,1779,0
SPR,D,20210608,000000,244,250,242,248,680,0
SPR,D,20210609,000000,250,250,242,250,587,0
SPR,D,20210610,000000,250,250,244,244,414,0
SPR,D,20210611,000000,244,246,238,246,91,0
SPR,D,20210614,000000,244,248,238,248,494,0
SPR,D,20210615,000000,248,248,240,242,111,0
SPR,D,20210616,000000,244,246,238,246,97,0
SPR,D,20210617,000000,240,246,238,238,453,0
SPR,D,20210618,000000,236,246,236,246,45,0
SPR,D,20210621,000000,246,246,244,246,76,0
SPR,D,20210622,000000,244,244,232,244,126,0
SPR,D,20210623,000000,234,240,232,240,110,0
SPR,D,20210624,000000,240,240,238,238,166,0
SPR,D,20210625,000000,234,234,234,234,24,0
SPR,D,20210628,000000,236,236,234,234,26,0
SPR,D,20210629,000000,234,234,234,234,1,0
SPR,D,20210630,000000,234,238,230,234,178,0
SPR,D,20210701,000000,236,236,216,230,663,0
SPR,D,20210702,000000,230,230,228,230,101,0
SPR,D,20210705,000000,222,230,222,228,220,0
SPR,D,20210706,000000,228,238,228,238,97,0
SPR,D,20210707,000000,230,240,228,236,182,0
SPR,D,20210708,000000,236,236,228,236,82,0
SPR,D,20210709,000000,236,244,236,244,225,0
SPR,D,20210712,000000,244,244,242,242,90,0
SPR,D,20210713,000000,242,248,242,248,108,0
SPR,D,20210714,000000,248,250,240,248,71,0
SPR,D,20210715,000000,256,256,244,252,49,0
SPR,D,20210716,000000,246,248,240,246,52,0
SPR,D,20210719,000000,244,246,238,238,45,0
SPR,D,20210720,000000,238,238,228,236,279,0
SPR,D,20210721,000000,236,236,236,236,1,0
SPR,D,20210722,000000,232,236,222,232,317,0
SPR,D,20210723,000000,232,232,228,232,83,0
SPR,D,20210726,000000,232,236,224,236,141,0
SPR,D,20210727,000000,230,230,220,228,191,0
SPR,D,20210728,000000,226,228,224,228,38,0
SPR,D,20210729,000000,222,228,222,228,98,0
SPR,D,20210730,000000,224,228,222,228,111,0
SPR,D,20210802,000000,228,228,210,224,251,0
SPR,D,20210803,000000,224,224,210,216,1368,0
SPR,D,20210804,000000,216,218,189,216,2450,0
SPR,D,20210805,000000,214,232,206,230,1124,0
SPR,D,20210806,000000,230,236,230,236,53,0
SPR,D,20210809,000000,232,234,228,230,72,0
SPR,D,20210810,000000,230,232,226,230,75,0
SPR,D,20210811,000000,230,230,226,230,84,0
SPR,D,20210812,000000,228,228,180,186,11139,0
SPR,D,20210813,000000,187,204,180,200,2819,0
SPR,D,20210816,000000,202,206,190,191,468,0
SPR,D,20210817,000000,195,196,194,195,50,0
SPR,D,20210818,000000,200,208,197,204,531,0
SPR,D,20210819,000000,204,204,192,204,929,0
SPR,D,20210820,000000,204,204,200,204,41,0
SPR,D,20210823,000000,204,204,200,200,137,0
SPR,D,20210824,000000,200,202,200,200,96,0
SPR,D,20210825,000000,200,200,200,200,1,0
SPR,D,20210826,000000,200,204,200,200,185,0
SPR,D,20210827,000000,200,200,200,200,30,0
SPR,D,20210830,000000,200,200,200,200,101,0
SPR,D,20210831,000000,200,200,195,195,65,0
SPR,D,20210901,000000,195,198,195,198,28,0
SPR,D,20210902,000000,200,202,198,202,68,0
SPR,D,20210903,000000,202,202,198,202,51,0
SPR,D,20210906,000000,197,202,197,202,88,0
SPR,D,20210907,000000,198,200,197,200,27,0
SPR,D,20210908,000000,202,202,200,200,15,0
SPR,D,20210909,000000,200,200,200,200,1,0
SPR,D,20210910,000000,197,197,191,196,35,0
SPR,D,20210913,000000,197,198,197,198,246,0
SPR,D,20210914,000000,198,198,198,198,53,0
SPR,D,20210915,000000,197,197,190,192,150,0
SPR,D,20210916,000000,194,198,194,194,22,0
SPR,D,20210917,000000,193,198,192,198,22,0
SPR,D,20210920,000000,191,191,182,186,325,0
SPR,D,20210921,000000,188,190,188,190,56,0
SPR,D,20210922,000000,190,190,190,190,20,0
SPR,D,20210923,000000,190,191,188,188,63,0
SPR,D,20210924,000000,188,195,186,195,158,0
SPR,D,20210927,000000,197,198,197,198,50,0
SPR,D,20210928,000000,198,198,192,196,65,0
SPR,D,20210929,000000,196,196,187,190,99,0
SPR,D,20210930,000000,192,195,185,195,174,0
SPR,D,20211001,000000,195,195,190,190,60,0
SPR,D,20211004,000000,189,189,178,178,236,0
SPR,D,20211005,000000,177,180,168,177,588,0
SPR,D,20211006,000000,173,179,172,173,203,0
SPR,D,20211007,000000,175,183,175,183,336,0
SPR,D,20211008,000000,178,181,177,179,158,0
SPR,D,20211011,000000,182,183,178,183,167,0
SPR,D,20211012,000000,183,186,183,186,92,0
SPR,D,20211013,000000,183,185,180,185,37,0
SPR,D,20211014,000000,185,185,179,185,55,0
SPR,D,20211015,000000,183,183,179,183,96,0
SPR,D,20211018,000000,178,184,178,184,192,0
SPR,D,20211019,000000,180,180,178,179,109,0
SPR,D,20211020,000000,180,185,176,185,356,0
SPR,D,20211021,000000,185,185,182,185,111,0
SPR,D,20211022,000000,185,194,185,194,77,0
SPR,D,20211025,000000,194,202,190,202,753,0
SPR,D,20211026,000000,202,202,194,200,47,0
SPR,D,20211027,000000,200,200,200,200,1,0
SPR,D,20211028,000000,200,202,200,202,11,0
SPR,D,20211029,000000,202,204,187,187,84,0
SPR,D,20211102,000000,194,200,190,200,67,0
SPR,D,20211103,000000,199,208,199,208,193,0
SPR,D,20211104,000000,208,208,202,206,92,0
SPR,D,20211105,000000,206,206,206,206,13,0
SPR,D,20211108,000000,206,206,204,206,68,0
SPR,D,20211109,000000,204,204,204,204,48,0
SPR,D,20211110,000000,208,216,206,214,667,0
SPR,D,20211112,000000,220,230,220,226,312,0
SPR,D,20211115,000000,230,232,222,230,240,0
SPR,D,20211116,000000,230,230,216,220,244,0
SPR,D,20211117,000000,222,234,222,228,196,0
SPR,D,20211118,000000,230,234,228,230,412,0
SPR,D,20211119,000000,230,230,222,222,752,0
SPR,D,20211122,000000,222,222,222,222,1,0
SPR,D,20211123,000000,220,222,220,220,251,0
SPR,D,20211124,000000,220,226,218,222,332,0
SPR,D,20211125,000000,222,222,214,222,26,0
SPR,D,20211126,000000,220,220,208,208,86,0
SPR,D,20211129,000000,206,212,202,210,235,0
SPR,D,20211130,000000,210,210,210,210,230,0
SPR,D,20211201,000000,210,210,206,208,95,0
SPR,D,20211202,000000,208,212,206,212,113,0
SPR,D,20211203,000000,214,214,212,212,118,0
SPR,D,20211206,000000,212,212,208,212,47,0
SPR,D,20211207,000000,212,212,212,212,178,0
SPR,D,20211208,000000,212,212,212,212,84,0
SPR,D,20211209,000000,210,210,208,208,103,0
SPR,D,20211210,000000,212,214,212,212,408,0
SPR,D,20211213,000000,212,212,210,212,452,0
SPR,D,20211214,000000,210,210,208,208,20,0
SPR,D,20211215,000000,210,210,196,206,373,0
SPR,D,20211216,000000,206,206,206,206,60,0
SPR,D,20211217,000000,206,206,202,206,280,0
SPR,D,20211220,000000,208,218,200,218,824,0
SPR,D,20211221,000000,218,218,210,216,73,0
SPR,D,20211222,000000,218,220,212,220,123,0
SPR,D,20211223,000000,220,220,212,220,110,0
SPR,D,20211227,000000,220,220,218,218,139,0
SPR,D,20211228,000000,216,216,175,210,642,0
SPR,D,20211230,000000,214,216,210,216,52,0
SPR,D,20220103,000000,216,222,216,220,35,0
SPR,D,20220104,000000,222,222,220,220,66,0
SPR,D,20220105,000000,222,222,220,220,214,0
SPR,D,20220107,000000,240,240,224,224,326,0
SPR,D,20220110,000000,232,234,228,230,213,0
SPR,D,20220111,000000,234,234,232,232,123,0
SPR,D,20220112,000000,232,234,226,230,171,0
SPR,D,20220113,000000,226,226,224,224,178,0
SPR,D,20220114,000000,228,232,228,230,131,0
SPR,D,20220117,000000,234,236,232,236,131,0
SPR,D,20220118,000000,236,236,232,234,57,0
SPR,D,20220119,000000,236,238,230,238,826,0
SPR,D,20220120,000000,232,248,232,242,659,0
SPR,D,20220121,000000,238,238,232,236,163,0
SPR,D,20220124,000000,230,230,212,216,628,0
SPR,D,20220125,000000,220,224,218,224,117,0
SPR,D,20220126,000000,226,238,214,214,372,0
SPR,D,20220127,000000,212,232,212,232,87,0
SPR,D,20220128,000000,236,238,230,238,213,0
SPR,D,20220131,000000,238,238,226,238,81,0
SPR,D,20220201,000000,234,238,224,238,27,0
SPR,D,20220202,000000,234,236,222,232,66,0
SPR,D,20220204,000000,234,236,234,234,15,0
SPR,D,20220207,000000,234,234,234,234,10,0
SPR,D,20220208,000000,236,236,234,234,25,0
SPR,D,20220209,000000,234,238,234,238,58,0
SPR,D,20220211,000000,238,244,234,242,852,0
SPR,D,20220214,000000,242,242,238,238,77,0
SPR,D,20220215,000000,236,240,230,230,320,0
SPR,D,20220216,000000,234,240,234,234,22,0
SPR,D,20220217,000000,234,234,220,220,111,0
SPR,D,20220218,000000,226,228,222,222,106,0
SPR,D,20220221,000000,226,228,206,224,227,0
SPR,D,20220222,000000,224,232,224,224,129,0
SPR,D,20220223,000000,234,236,226,226,107,0
SPR,D,20220224,000000,224,224,194,206,670,0
SPR,D,20220225,000000,216,218,206,206,128,0
SPR,D,20220228,000000,206,224,206,224,5,0
SPR,D,20220302,000000,216,218,206,218,156,0
SPR,D,20220303,000000,212,218,208,214,110,0
SPR,D,20220304,000000,214,214,198,208,328,0
SPR,D,20220307,000000,200,206,190,200,236,0
SPR,D,20220308,000000,200,218,200,218,259,0
SPR,D,20220309,000000,208,216,208,214,60,0
SPR,D,20220310,000000,216,220,216,220,267,0
SPR,D,20220311,000000,216,232,214,232,334,0
SPR,D,20220314,000000,232,236,232,234,321,0
SPR,D,20220315,000000,232,236,232,236,26,0
SPR,D,20220316,000000,236,236,230,236,375,0
SPR,D,20220317,000000,238,258,238,254,1175,0
SPR,D,20220318,000000,254,254,246,250,85,0
SPR,D,20220321,000000,248,250,246,250,393,0
SPR,D,20220322,000000,252,254,248,252,445,0
SPR,D,20220323,000000,258,260,250,258,274,0
SPR,D,20220324,000000,258,262,254,262,554,0
SPR,D,20220325,000000,262,262,254,254,129,0
SPR,D,20220328,000000,256,256,250,254,391,0
SPR,D,20220329,000000,254,254,246,248,332,0
SPR,D,20220330,000000,250,250,246,248,270,0
SPR,D,20220331,000000,244,250,240,248,484,0
SPR,D,20220401,000000,248,248,240,246,1176,0
SPR,D,20220404,000000,250,252,246,248,484,0
SPR,D,20220405,000000,248,250,244,248,196,0
SPR,D,20220406,000000,248,248,236,236,193,0
SPR,D,20220407,000000,238,248,238,248,211,0
SPR,D,20220408,000000,248,248,240,246,95,0
SPR,D,20220411,000000,250,250,246,246,316,0
SPR,D,20220412,000000,250,250,242,248,230,0
SPR,D,20220413,000000,248,250,248,250,273,0
SPR,D,20220414,000000,252,252,246,250,551,0
SPR,D,20220419,000000,248,250,245,248,606,0
SPR,D,20220420,000000,248,248,246,246,260,0
SPR,D,20220421,000000,248,248,245,248,617,0
SPR,D,20220422,000000,246,248,240,240,354,0
SPR,D,20220425,000000,244,244,232,232,128,0
SPR,D,20220426,000000,243,249,240,240,342,0
SPR,D,20220427,000000,240,240,228,230,859,0
SPR,D,20220428,000000,235,248,234,248,276,0
SPR,D,20220429,000000,245,248,245,245,167,0
SPR,D,20220502,000000,242,242,234,234,15,0
SPR,D,20220504,000000,234,239,225,226,254,0
SPR,D,20220505,000000,227,232,227,230,28,0
SPR,D,20220506,000000,227,228,224,225,289,0
SPR,D,20220509,000000,226,229,210,221,655,0
SPR,D,20220510,000000,221,221,221,221,73,0
SPR,D,20220511,000000,221,225,216,216,86,0
SPR,D,20220512,000000,220,220,210,210,175,0
SPR,D,20220513,000000,210,215,204,211,137,0
SPR,D,20220516,000000,213,224,213,224,59,0
SPR,D,20220517,000000,228,229,225,228,105,0
SPR,D,20220518,000000,230,231,228,228,122,0
SPR,D,20220519,000000,229,230,229,229,44,0
SPR,D,20220520,000000,230,230,230,230,197,0
SPR,D,20220523,000000,230,245,230,245,400,0
SPR,D,20220524,000000,248,252,245,250,2333,0
SPR,D,20220525,000000,242,248,240,240,827,0
SPR,D,20220526,000000,243,248,240,240,37,0
SPR,D,20220527,000000,242,246,239,246,552,0
SPR,D,20220530,000000,247,249,247,249,1231,0
SPR,D,20220531,000000,250,270,250,264,756,0
SPR,D,20220601,000000,265,272,259,272,535,0
SPR,D,20220602,000000,272,272,257,265,562,0
SPR,D,20220603,000000,272,272,265,265,132,0
SPR,D,20220606,000000,275,275,267,269,364,0
SPR,D,20220607,000000,270,271,268,271,277,0
SPR,D,20220608,000000,271,274,270,274,233,0
SPR,D,20220609,000000,274,275,272,275,239,0
SPR,D,20220610,000000,275,275,270,270,517,0
SPR,D,20220613,000000,274,274,250,255,424,0
SPR,D,20220614,000000,251,252,250,250,107,0
SPR,D,20220615,000000,255,256,248,248,95,0
SPR,D,20220617,000000,256,263,250,263,1168,0
SPR,D,20220620,000000,260,282,260,280,244,0
SPR,D,20220621,000000,280,281,274,280,8500,0
SPR,D,20220622,000000,280,280,271,271,111,0
SPR,D,20220623,000000,271,280,269,280,140,0
SPR,D,20220624,000000,282,290,280,280,199,0
SPR,D,20220627,000000,283,290,283,290,356,0
SPR,D,20220628,000000,290,290,271,277,756,0
SPR,D,20220629,000000,285,296,282,284,916,0
SPR,D,20220630,000000,290,293,280,293,352,0
SPR,D,20220701,000000,293,293,277,284,290,0
SPR,D,20220704,000000,285,293,277,284,240,0
SPR,D,20220705,000000,286,290,277,277,141,0
SPR,D,20220706,000000,284,288,284,288,179,0
SPR,D,20220707,000000,290,305,289,303,378,0
SPR,D,20220708,000000,293,304,293,300,254,0
SPR,D,20220711,000000,307,309,295,301,576,0
SPR,D,20220712,000000,301,301,299,299,77,0
SPR,D,20220713,000000,298,302,290,295,173,0
SPR,D,20220714,000000,297,302,292,293,89,0
SPR,D,20220715,000000,293,296,293,296,180,0
SPR,D,20220718,000000,299,306,299,303,652,0
SPR,D,20220719,000000,304,306,298,298,180,0
SPR,D,20220720,000000,301,305,298,300,91,0
SPR,D,20220721,000000,305,310,301,310,620,0
SPR,D,20220722,000000,310,314,305,312,261,0
SPR,D,20220725,000000,312,323,312,323,408,0
SPR,D,20220726,000000,326,340,324,329,640,0
SPR,D,20220727,000000,330,333,329,333,302,0
SPR,D,20220728,000000,333,333,318,320,290,0
SPR,D,20220729,000000,327,335,327,330,800,0
SPR,D,20220801,000000,329,345,329,345,727,0
SPR,D,20220802,000000,346,349,340,344,193,0
SPR,D,20220803,000000,345,348,345,345,320,0
SPR,D,20220804,000000,349,349,348,349,143,0
SPR,D,20220805,000000,349,349,345,345,176,0
SPR,D,20220808,000000,343,350,343,348,226,0
SPR,D,20220809,000000,349,350,340,340,253,0
SPR,D,20220810,000000,340,345,333,343,400,0
SPR,D,20220811,000000,340,350,340,348,407,0
SPR,D,20220812,000000,349,349,335,345,158,0
SPR,D,20220816,000000,347,347,332,344,384,0
SPR,D,20220817,000000,344,348,338,338,140,0
SPR,D,20220818,000000,340,346,340,344,203,0
SPR,D,20220819,000000,344,344,330,330,223,0
SPR,D,20220822,000000,340,347,323,325,486,0
SPR,D,20220823,000000,325,330,325,330,58,0
SPR,D,20220824,000000,333,340,333,335,552,0
SPR,D,20220825,000000,334,336,334,336,12,0
SPR,D,20220826,000000,337,337,330,336,70,0
SPR,D,20220829,000000,336,336,310,312,1557,0
SPR,D,20220830,000000,315,315,312,314,115,0
SPR,D,20220831,000000,314,314,278,289,1786,0
SPR,D,20220901,000000,285,286,261,270,1794,0
SPR,D,20220902,000000,265,288,265,288,602,0
SPR,D,20220905,000000,288,290,281,284,265,0
SPR,D,20220906,000000,280,293,280,291,167,0
SPR,D,20220907,000000,286,290,281,281,381,0
SPR,D,20220908,000000,280,296,280,295,207,0
SPR,D,20220909,000000,290,303,290,295,263,0
SPR,D,20220912,000000,290,309,290,309,109,0
SPR,D,20220913,000000,315,317,305,315,324,0
SPR,D,20220914,000000,320,320,312,320,301,0
SPR,D,20220915,000000,325,335,325,335,165,0
SPR,D,20220916,000000,340,340,326,328,221,0
SPR,D,20220919,000000,330,330,320,320,79,0
SPR,D,20220920,000000,320,320,319,320,47,0
SPR,D,20220921,000000,320,320,312,320,185,0
SPR,D,20220922,000000,320,320,318,320,210,0
SPR,D,20220923,000000,320,320,311,311,343,0
SPR,D,20220926,000000,314,315,314,315,57,0
SPR,D,20220927,000000,320,329,315,325,479,0
SPR,D,20220928,000000,329,330,324,329,492,0
SPR,D,20220929,000000,330,330,321,322,188,0
SPR,D,20220930,000000,318,324,312,324,216,0
SPR,D,20221003,000000,321,321,310,318,60,0
SPR,D,20221004,000000,319,319,319,319,11,0
SPR,D,20221006,000000,316,316,312,312,285,0
SPR,D,20221007,000000,314,316,311,315,134,0
SPR,D,20221010,000000,314,316,312,316,78,0
SPR,D,20221011,000000,316,320,314,320,87,0
SPR,D,20221012,000000,324,325,320,320,153,0
SPR,D,20221013,000000,320,326,320,325,152,0
SPR,D,20221014,000000,327,338,327,337,101,0
SPR,D,20221017,000000,332,332,330,332,196,0
SPR,D,20221018,000000,332,338,320,324,374,0
SPR,D,20221019,000000,325,326,322,326,348,0
SPR,D,20221020,000000,323,323,323,323,5,0
SPR,D,20221021,000000,323,328,322,322,118,0
SPR,D,20221024,000000,331,340,331,336,418,0
SPR,D,20221025,000000,340,346,340,345,267,0
SPR,D,20221026,000000,345,345,337,337,70,0
SPR,D,20221027,000000,338,341,337,338,1405,0
SPR,D,20221028,000000,344,344,327,332,293,0
SPR,D,20221031,000000,340,340,337,340,61,0
SPR,D,20221102,000000,340,345,340,341,131,0
SPR,D,20221103,000000,345,345,340,341,48,0
SPR,D,20221104,000000,342,342,335,342,95,0
SPR,D,20221107,000000,344,344,335,335,101,0
SPR,D,20221108,000000,335,336,326,330,328,0
SPR,D,20221109,000000,330,330,320,320,566,0
SPR,D,20221110,000000,325,333,325,333,180,0
SPR,D,20221114,000000,333,334,330,330,216,0
SPR,D,20221115,000000,331,348,331,346,134,0
SPR,D,20221116,000000,345,345,332,341,168,0
SPR,D,20221117,000000,341,343,340,343,207,0
SPR,D,20221118,000000,340,341,338,341,307,0
SPR,D,20221121,000000,341,342,339,339,463,0
SPR,D,20221122,000000,339,372,339,361,381,0
SPR,D,20221123,000000,363,399,363,388,707,0
SPR,D,20221124,000000,382,420,381,395,1375,0
SPR,D,20221125,000000,395,410,395,399,206,0
SPR,D,20221128,000000,415,423,406,409,1534,0
SPR,D,20221129,000000,410,423,409,421,225,0
SPR,D,20221130,000000,425,430,412,430,383,0
SPR,D,20221201,000000,435,437,410,415,521,0
SPR,D,20221202,000000,415,424,415,418,203,0
SPR,D,20221205,000000,420,424,415,421,126,0
SPR,D,20221206,000000,421,423,400,408,184,0
SPR,D,20221207,000000,404,415,402,415,121,0
SPR,D,20221208,000000,415,416,402,402,267,0
SPR,D,20221209,000000,403,403,400,400,73,0
SPR,D,20221212,000000,403,415,403,415,208,0
SPR,D,20221213,000000,416,417,415,417,1366,0
SPR,D,20221214,000000,417,417,416,417,122,0
SPR,D,20221215,000000,417,419,400,408,475,0
SPR,D,20221216,000000,408,443,408,442,210,0
SPR,D,20221219,000000,444,445,435,445,213,0
SPR,D,20221220,000000,445,455,437,437,242,0
SPR,D,20221221,000000,445,450,440,450,120,0
SPR,D,20221222,000000,450,450,442,450,185,0
SPR,D,20221223,000000,450,450,444,448,67,0
SPR,D,20221227,000000,460,495,459,489,838,0
SPR,D,20221228,000000,487,487,480,484,229,0
SPR,D,20221229,000000,485,510,485,495,483,0
SPR,D,20221230,000000,494,495,470,487,612,0
SPR,D,20230102,000000,490,490,472,480,287,0
SPR,D,20230103,000000,480,480,470,478,312,0
SPR,D,20230104,000000,478,490,470,490,345,0
SPR,D,20230105,000000,494,497,488,497,235,0
SPR,D,20230109,000000,498,508,495,502,707,0
SPR,D,20230110,000000,502,508,496,496,626,0
SPR,D,20230111,000000,495,524,495,506,220,0
SPR,D,20230112,000000,510,520,506,512,84,0
SPR,D,20230113,000000,514,528,512,520,364,0
SPR,D,20230116,000000,526,542,516,542,811,0
SPR,D,20230117,000000,546,548,534,542,411,0
SPR,D,20230118,000000,550,590,544,560,1316,0
SPR,D,20230119,000000,560,560,524,530,926,0
SPR,D,20230120,000000,534,540,530,536,569,0
SPR,D,20230123,000000,550,560,540,550,1202,0
SPR,D,20230124,000000,560,566,550,550,1805,0
SPR,D,20230125,000000,564,576,550,558,551,0
SPR,D,20230126,000000,570,598,570,598,851,0
SPR,D,20230127,000000,600,660,598,606,1503,0
SPR,D,20230130,000000,620,620,600,600,829,0
SPR,D,20230131,000000,604,610,598,610,1002,0
SPR,D,20230201,000000,598,608,598,598,772,0
SPR,D,20230202,000000,610,612,604,606,535,0
SPR,D,20230203,000000,610,610,598,606,315,0
SPR,D,20230206,000000,606,620,602,620,299,0
SPR,D,20230207,000000,618,636,618,618,432,0
SPR,D,20230208,000000,630,640,630,630,429,0
SPR,D,20230209,000000,636,640,624,636,423,0
SPR,D,20230210,000000,636,644,624,644,324,0
SPR,D,20230213,000000,638,638,624,630,973,0
SPR,D,20230214,000000,630,630,604,622,318,0
SPR,D,20230215,000000,620,620,590,600,969,0
SPR,D,20230216,000000,596,596,570,570,819,0
SPR,D,20230217,000000,572,590,572,582,589,0
SPR,D,20230220,000000,580,590,574,584,413,0
SPR,D,20230221,000000,590,590,586,586,145,0
SPR,D,20230222,000000,586,588,580,582,75,0
SPR,D,20230223,000000,576,586,574,586,218,0
SPR,D,20230224,000000,586,586,574,584,219,0
SPR,D,20230227,000000,584,584,576,578,199,0
SPR,D,20230228,000000,580,584,578,584,122,0
SPR,D,20230301,000000,584,584,580,584,176,0
SPR,D,20230302,000000,582,586,574,586,298,0
SPR,D,20230303,000000,586,610,586,610,738,0
SPR,D,20230306,000000,600,616,600,616,1226,0
SPR,D,20230307,000000,612,616,604,608,149,0
SPR,D,20230308,000000,612,620,602,620,1012,0
SPR,D,20230309,000000,620,620,590,590,346,0
SPR,D,20230310,000000,592,596,590,592,468,0
SPR,D,20230313,000000,592,592,562,568,532,0
SPR,D,20230314,000000,576,590,574,590,492,0
SPR,D,20230315,000000,590,590,562,574,291,0
SPR,D,20230316,000000,574,574,546,560,662,0
SPR,D,20230317,000000,596,596,564,588,1089,0
SPR,D,20230320,000000,588,588,576,580,159,0
SPR,D,20230321,000000,576,580,570,574,394,0
SPR,D,20230322,000000,570,570,556,556,342,0
SPR,D,20230323,000000,556,582,556,564,131,0
SPR,D,20230324,000000,566,580,560,566,156,0
SPR,D,20230327,000000,566,576,552,576,504,0
SPR,D,20230328,000000,578,596,572,594,671,0
SPR,D,20230329,000000,594,600,582,598,452,0
SPR,D,20230330,000000,584,588,572,572,403,0
SPR,D,20230331,000000,576,588,572,580,101,0
SPR,D,20230403,000000,584,592,574,580,316,0
SPR,D,20230404,000000,580,588,578,588,325,0
SPR,D,20230405,000000,588,588,584,584,23,0
SPR,D,20230406,000000,584,584,580,580,44,0
SPR,D,20230411,000000,588,616,582,614,1739,0
SPR,D,20230412,000000,618,628,614,628,991,0
SPR,D,20230413,000000,628,646,628,628,327,0
SPR,D,20230414,000000,626,646,626,644,291,0
SPR,D,20230417,000000,642,644,636,638,411,0
SPR,D,20230418,000000,640,664,634,634,550,0
SPR,D,20230419,000000,636,640,604,630,643,0
SPR,D,20230420,000000,610,626,588,606,446,0
SPR,D,20230421,000000,608,608,578,590,468,0
SPR,D,20230424,000000,590,602,590,594,223,0
SPR,D,20230425,000000,594,598,582,582,213,0
SPR,D,20230426,000000,576,582,554,578,588,0
SPR,D,20230427,000000,582,598,568,598,333,0
SPR,D,20230428,000000,598,624,540,618,4234,0
SPR,D,20230502,000000,620,620,596,596,565,0
SPR,D,20230504,000000,592,592,584,588,276,0
SPR,D,20230505,000000,588,590,562,574,308,0
SPR,D,20230508,000000,572,572,536,542,1651,0
SPR,D,20230509,000000,540,540,498,500,2885,0
SPR,D,20230510,000000,500,504,471,489,2273,0
SPR,D,20230511,000000,483,490,475,476,1090,0
SPR,D,20230512,000000,479,480,459,460,2849,0
SPR,D,20230515,000000,462,464,442,445,2507,0
SPR,D,20230516,000000,445,454,445,445,3804,0
SPR,D,20230517,000000,449,504,448,480,3780,0
SPR,D,20230518,000000,489,490,470,487,971,0
SPR,D,20230519,000000,489,490,480,487,378,0
SPR,D,20230522,000000,488,490,482,487,543,0
SPR,D,20230523,000000,488,490,475,484,870,0
SPR,D,20230524,000000,470,470,440,459,1990,0
SPR,D,20230525,000000,459,459,447,448,464,0
SPR,D,20230526,000000,448,454,447,454,401,0
SPR,D,20230529,000000,453,453,440,445,831,0
SPR,D,20230530,000000,448,453,443,453,667,0
SPR,D,20230531,000000,453,453,446,446,230,0
SPR,D,20230601,000000,446,468,446,462,314,0
SPR,D,20230602,000000,461,480,461,462,522,0
SPR,D,20230605,000000,464,480,464,480,1491,0
SPR,D,20230606,000000,471,480,471,477,864,0
SPR,D,20230607,000000,478,479,460,469,394,0
SPR,D,20230609,000000,466,466,454,464,609,0
SPR,D,20230612,000000,465,473,460,466,147,0
SPR,D,20230613,000000,470,473,460,470,241,0
SPR,D,20230614,000000,470,471,460,469,148,0
SPR,D,20230615,000000,464,469,461,467,205,0
SPR,D,20230616,000000,470,470,460,460,378,0
SPR,D,20230619,000000,468,472,458,468,683,0
SPR,D,20230620,000000,458,466,450,457,321,0
SPR,D,20230621,000000,457,467,456,466,153,0
SPR,D,20230622,000000,469,472,461,467,288,0
SPR,D,20230623,000000,470,470,461,461,382,0
SPR,D,20230626,000000,460,466,460,463,98,0
SPR,D,20230627,000000,463,467,463,467,206,0
SPR,D,20230628,000000,468,478,468,478,428,0
SPR,D,20230629,000000,478,506,478,500,554,0
SPR,D,20230630,000000,500,508,500,508,317,0
SPR,D,20230703,000000,508,518,502,502,239,0
SPR,D,20230704,000000,516,522,504,514,174,0
SPR,D,20230705,000000,514,520,506,518,211,0
SPR,D,20230706,000000,518,518,512,518,172,0
SPR,D,20230707,000000,516,516,495,502,302,0
SPR,D,20230710,000000,502,512,502,504,156,0
SPR,D,20230711,000000,514,520,514,514,945,0
SPR,D,20230712,000000,514,520,514,520,221,0
SPR,D,20230713,000000,522,522,510,520,238,0
SPR,D,20230714,000000,520,526,506,516,275,0
SPR,D,20230717,000000,518,536,516,530,292,0
SPR,D,20230718,000000,528,532,528,530,234,0
SPR,D,20230719,000000,530,534,530,532,193,0
SPR,D,20230720,000000,528,528,520,528,56,0
SPR,D,20230721,000000,526,532,526,526,95,0
SPR,D,20230724,000000,522,524,506,524,186,0
SPR,D,20230725,000000,528,528,524,528,179,0
SPR,D,20230726,000000,526,526,510,512,69,0
SPR,D,20230727,000000,510,520,508,520,128,0
SPR,D,20230728,000000,522,522,512,512,130,0
SPR,D,20230731,000000,510,512,480,488,663,0
SPR,D,20230801,000000,488,490,480,485,260,0
SPR,D,20230802,000000,486,498,478,478,236,0
SPR,D,20230803,000000,480,504,480,502,166,0
SPR,D,20230804,000000,500,510,500,506,159,0
SPR,D,20230807,000000,502,502,485,490,155,0
SPR,D,20230808,000000,478,490,478,486,183,0
SPR,D,20230809,000000,497,497,487,497,180,0
SPR,D,20230810,000000,492,498,492,498,29,0
SPR,D,20230811,000000,500,500,491,493,54,0
SPR,D,20230814,000000,495,496,480,480,186,0
SPR,D,20230816,000000,480,480,475,475,248,0
SPR,D,20230817,000000,475,478,475,476,98,0
SPR,D,20230818,000000,472,475,460,461,406,0
SPR,D,20230821,000000,461,478,460,468,325,0
SPR,D,20230822,000000,469,469,457,457,150,0
SPR,D,20230823,000000,457,465,457,464,63,0
SPR,D,20230824,000000,466,470,463,463,157,0
SPR,D,20230825,000000,463,470,462,462,41,0
SPR,D,20230828,000000,464,472,464,472,48,0
SPR,D,20230829,000000,472,477,469,470,311,0
SPR,D,20230830,000000,469,470,464,466,255,0
SPR,D,20230831,000000,466,479,462,467,236,0
SPR,D,20230901,000000,465,486,463,486,94,0
SPR,D,20230904,000000,475,485,471,475,130,0
SPR,D,20230905,000000,474,474,464,474,90,0
SPR,D,20230906,000000,472,472,466,470,77,0
SPR,D,20230907,000000,466,470,466,469,55,0
SPR,D,20230908,000000,468,470,463,464,200,0
SPR,D,20230911,000000,460,464,455,457,93,0
SPR,D,20230912,000000,458,464,445,445,546,0
SPR,D,20230913,000000,445,450,443,445,233,0
SPR,D,20230914,000000,444,469,401,405,3239,0
SPR,D,20230915,000000,405,414,405,410,909,0
SPR,D,20230918,000000,412,412,403,403,368,0
SPR,D,20230919,000000,405,414,403,414,220,0
SPR,D,20230920,000000,417,425,412,415,384,0
SPR,D,20230921,000000,420,425,418,424,202,0
SPR,D,20230922,000000,426,426,420,420,259,0
SPR,D,20230925,000000,423,423,410,418,301,0
SPR,D,20230926,000000,415,418,408,410,214,0
SPR,D,20230927,000000,410,414,408,414,81,0
SPR,D,20230928,000000,400,418,390,408,897,0
SPR,D,20230929,000000,408,418,408,414,379,0
SPR,D,20231002,000000,417,419,410,417,197,0
SPR,D,20231003,000000,416,416,412,413,337,0
SPR,D,20231004,000000,413,413,408,412,560,0
SPR,D,20231005,000000,413,414,406,410,225,0
SPR,D,20231006,000000,410,410,400,400,105,0
SPR,D,20231009,000000,402,413,400,413,38,0
SPR,D,20231010,000000,415,418,411,417,207,0
SPR,D,20231011,000000,417,417,410,415,283,0
SPR,D,20231012,000000,412,414,400,406,113,0
SPR,D,20231013,000000,410,410,392,395,506,0
SPR,D,20231016,000000,400,404,385,389,256,0
SPR,D,20231017,000000,390,390,380,386,521,0
SPR,D,20231018,000000,390,400,385,397,372,0
SPR,D,20231019,000000,397,397,392,392,82,0
SPR,D,20231020,000000,393,399,383,386,150,0
SPR,D,20231023,000000,385,385,379,380,205,0
SPR,D,20231024,000000,377,377,365,372,512,0
SPR,D,20231025,000000,372,374,370,374,107,0
SPR,D,20231026,000000,374,375,372,375,171,0
SPR,D,20231027,000000,377,394,377,390,151,0
SPR,D,20231030,000000,390,398,390,398,128,0
SPR,D,20231031,000000,398,410,394,402,212,0
SPR,D,20231102,000000,400,407,400,402,174,0
SPR,D,20231103,000000,403,403,390,402,271,0
SPR,D,20231106,000000,407,407,395,400,319,0
SPR,D,20231107,000000,400,400,378,378,541,0
SPR,D,20231108,000000,379,383,363,378,1235,0
SPR,D,20231109,000000,385,390,379,390,341,0
SPR,D,20231110,000000,395,395,384,384,88,0
SPR,D,20231113,000000,382,390,382,386,179,0
SPR,D,20231114,000000,389,389,382,382,618,0
SPR,D,20231115,000000,384,399,380,397,343,0
SPR,D,20231116,000000,399,402,392,400,799,0
SPR,D,20231117,000000,400,425,400,424,623,0
SPR,D,20231120,000000,427,451,424,450,1903,0
SPR,D,20231121,000000,461,468,452,454,539,0
SPR,D,20231122,000000,459,470,454,454,252,0
SPR,D,20231123,000000,455,474,433,474,2073,0
SPR,D,20231124,000000,460,472,455,455,334,0
SPR,D,20231127,000000,460,460,440,455,255,0
SPR,D,20231128,000000,446,452,434,438,167,0
SPR,D,20231129,000000,438,438,408,427,1647,0
SPR,D,20231130,000000,429,429,420,427,404,0
SPR,D,20231201,000000,428,428,420,425,307,0
SPR,D,20231204,000000,425,428,422,428,1104,0
SPR,D,20231205,000000,429,475,427,475,1761,0
SPR,D,20231206,000000,480,546,480,522,1805,0
SPR,D,20231207,000000,536,536,488,498,645,0
SPR,D,20231208,000000,506,506,481,494,443,0
SPR,D,20231211,000000,498,498,480,494,218,0
SPR,D,20231212,000000,494,508,488,500,399,0
SPR,D,20231213,000000,506,506,486,499,243,0
SPR,D,20231214,000000,495,499,485,497,1350,0
SPR,D,20231215,000000,498,498,494,498,230,0
SPR,D,20231218,000000,490,499,484,489,286,0
SPR,D,20231219,000000,490,491,482,482,827,0
SPR,D,20231220,000000,488,500,488,500,442,0
SPR,D,20231221,000000,495,512,490,508,923,0
SPR,D,20231222,000000,504,520,500,520,1669,0
SPR,D,20231227,000000,520,550,520,550,2266,0
SPR,D,20231228,000000,550,552,522,552,1110,0
SPR,D,20231229,000000,556,578,550,578,2550,0
SPR,D,20240102,000000,576,576,550,564,2559,0
SPR,D,20240103,000000,564,564,532,538,432,0
SPR,D,20240104,000000,538,546,522,546,217,0
SPR,D,20240105,000000,544,546,540,546,78,0
SPR,D,20240108,000000,542,546,530,546,115,0
SPR,D,20240109,000000,548,554,546,546,71,0
SPR,D,20240110,000000,554,566,546,546,194,0
SPR,D,20240111,000000,546,558,536,550,236,0
SPR,D,20240112,000000,548,560,544,560,195,0
SPR,D,20240115,000000,560,560,546,546,307,0
SPR,D,20240116,000000,546,554,546,548,76,0
SPR,D,20240117,000000,546,546,508,508,93,0
SPR,D,20240118,000000,506,520,500,508,363,0
SPR,D,20240119,000000,514,516,508,512,232,0
SPR,D,20240122,000000,520,522,514,514,88,0
SPR,D,20240123,000000,512,536,512,536,172,0
SPR,D,20240124,000000,548,548,532,540,107,0
SPR,D,20240125,000000,536,536,532,534,89,0
SPR,D,20240126,000000,536,536,522,522,30,0
SPR,D,20240129,000000,522,524,522,524,63,0
SPR,D,20240130,000000,526,530,522,522,83,0
SPR,D,20240131,000000,522,526,512,520,58,0
SPR,D,20240201,000000,512,514,510,510,122,0
SPR,D,20240202,000000,532,532,520,520,266,0
SPR,D,20240205,000000,520,520,504,504,183,0
SPR,D,20240206,000000,510,510,502,504,243,0
SPR,D,20240207,000000,506,510,506,506,91,0
SPR,D,20240208,000000,508,512,508,508,38,0
SPR,D,20240209,000000,504,512,500,512,338,0
SPR,D,20240212,000000,510,514,506,510,29,0
SPR,D,20240213,000000,510,514,504,512,141,0
SPR,D,20240214,000000,512,512,508,512,32,0
SPR,D,20240215,000000,510,510,480,491,441,0
SPR,D,20240216,000000,496,500,495,497,144,0
SPR,D,20240219,000000,498,504,490,493,390,0
SPR,D,20240220,000000,493,495,480,490,769,0
SPR,D,20240221,000000,490,490,480,486,160,0
SPR,D,20240222,000000,480,485,480,481,556,0
SPR,D,20240223,000000,480,486,480,485,133,0
SPR,D,20240226,000000,484,485,455,470,473,0
SPR,D,20240227,000000,471,471,464,469,115,0
SPR,D,20240228,000000,467,467,450,455,934,0
SPR,D,20240229,000000,457,470,457,464,109,0
SPR,D,20240301,000000,470,472,455,463,68,0
SPR,D,20240304,000000,472,472,453,455,175,0
SPR,D,20240305,000000,454,460,445,457,161,0
SPR,D,20240306,000000,457,457,442,442,467,0
SPR,D,20240307,000000,443,453,435,436,299,0
SPR,D,20240308,000000,438,443,426,430,408,0
SPR,D,20240311,000000,430,430,405,414,1266,0
SPR,D,20240312,000000,415,420,415,416,238,0
SPR,D,20240313,000000,416,425,410,425,312,0
SPR,D,20240314,000000,416,434,416,424,140,0
SPR,D,20240315,000000,426,431,421,424,292,0
SPR,D,20240318,000000,431,433,420,420,121,0
SPR,D,20240319,000000,416,420,410,420,292,0
SPR,D,20240320,000000,423,433,415,433,173,0
SPR,D,20240321,000000,433,447,433,440,373,0
SPR,D,20240322,000000,450,454,440,451,236,0
SPR,D,20240325,000000,446,447,423,427,357,0
SPR,D,20240326,000000,427,427,408,424,512,0
SPR,D,20240327,000000,424,460,422,441,1019,0
SPR,D,20240328,000000,450,456,439,450,306,0
SPR,D,20240402,000000,450,451,448,449,249,0
SPR,D,20240403,000000,440,448,440,448,74,0
SPR,D,20240404,000000,448,454,437,440,676,0
SPR,D,20240405,000000,436,436,425,433,80,0
SPR,D,20240408,000000,434,440,434,440,91,0
SPR,D,20240409,000000,440,447,433,447,106,0
SPR,D,20240410,000000,448,448,427,440,184,0
SPR,D,20240411,000000,440,440,428,429,80,0
SPR,D,20240412,000000,430,434,418,429,150,0
SPR,D,20240415,000000,430,436,415,420,344,0
SPR,D,20240416,000000,422,422,410,410,163,0
SPR,D,20240417,000000,411,413,405,408,98,0
SPR,D,20240418,000000,408,411,395,395,418,0
SPR,D,20240419,000000,400,402,398,402,160,0
SPR,D,20240422,000000,398,409,398,409,539,0
SPR,D,20240423,000000,410,425,405,425,225,0
SPR,D,20240424,000000,425,425,400,403,310,0
SPR,D,20240425,000000,397,409,395,402,150,0
SPR,D,20240426,000000,414,428,405,406,298,0
SPR,D,20240429,000000,409,421,409,421,209,0
SPR,D,20240430,000000,424,427,420,420,146,0
SPR,D,20240502,000000,425,425,420,420,146,0
SPR,D,20240506,000000,422,443,422,440,1079,0
SPR,D,20240507,000000,445,449,433,433,171,0
SPR,D,20240508,000000,430,441,430,440,53,0
SPR,D,20240509,000000,442,442,424,430,248,0
SPR,D,20240510,000000,425,429,411,415,689,0
SPR,D,20240513,000000,415,416,406,415,214,0
SPR,D,20240514,000000,419,438,419,438,330,0
SPR,D,20240515,000000,438,444,438,439,42,0
SPR,D,20240516,000000,440,440,427,434,204,0
SPR,D,20240517,000000,432,434,428,428,27,0
SPR,D,20240520,000000,430,437,426,437,51,0
SPR,D,20240521,000000,426,437,426,430,76,0
SPR,D,20240522,000000,430,437,420,437,294,0
SPR,D,20240523,000000,438,460,434,460,145,0
SPR,D,20240524,000000,458,460,440,444,268,0
SPR,D,20240527,000000,444,457,427,429,201,0
SPR,D,20240528,000000,425,429,420,423,152,0
SPR,D,20240529,000000,421,422,406,407,237,0
SPR,D,20240531,000000,408,422,408,418,91,0
SPR,D,20240603,000000,419,423,411,413,100,0
SPR,D,20240604,000000,415,420,415,415,213,0
SPR,D,20240605,000000,410,410,404,409,512,0
SPR,D,20240606,000000,409,409,401,407,98,0
SPR,D,20240607,000000,415,422,401,405,146,0
SPR,D,20240610,000000,407,418,404,416,82,0
SPR,D,20240611,000000,416,416,400,401,238,0
SPR,D,20240612,000000,402,411,401,410,54,0
SPR,D,20240613,000000,408,409,397,400,370,0
SPR,D,20240614,000000,400,408,398,408,490,0
SPR,D,20240617,000000,401,403,400,403,105,0
SPR,D,20240618,000000,400,402,396,398,54,0
SPR,D,20240619,000000,400,400,397,397,30,0
SPR,D,20240620,000000,398,408,395,405,210,0
SPR,D,20240621,000000,405,409,400,408,167,0
SPR,D,20240624,000000,404,408,402,408,99,0
SPR,D,20240625,000000,408,412,407,412,164,0
SPR,D,20240626,000000,403,420,403,417,430,0
SPR,D,20240627,000000,413,413,404,405,676,0
SPR,D,20240628,000000,405,425,405,425,121,0
SPR,D,20240701,000000,426,426,417,417,12,0
SPR,D,20240702,000000,420,420,400,409,139,0
SPR,D,20240703,000000,408,414,400,409,163,0
SPR,D,20240704,000000,407,407,396,400,111,0
SPR,D,20240705,000000,398,409,395,409,239,0
SPR,D,20240708,000000,410,416,402,405,457,0
SPR,D,20240709,000000,406,411,405,405,86,0
SPR,D,20240710,000000,405,415,405,410,42,0
SPR,D,20240711,000000,410,410,406,410,75,0
SPR,D,20240712,000000,410,419,410,418,166,0
SPR,D,20240715,000000,412,420,410,420,380,0
SPR,D,20240716,000000,410,420,401,404,83,0
SPR,D,20240717,000000,405,418,405,405,151,0
SPR,D,20240718,000000,405,410,402,410,120,0
SPR,D,20240719,000000,405,412,403,412,45,0
SPR,D,20240722,000000,405,412,400,408,215,0
SPR,D,20240723,000000,408,408,405,405,12,0
SPR,D,20240724,000000,399,408,399,405,52,0
SPR,D,20240725,000000,405,405,390,394,276,0
SPR,D,20240726,000000,394,399,391,395,291,0
SPR,D,20240729,000000,395,395,393,395,117,0
SPR,D,20240730,000000,396,410,385,400,299,0
SPR,D,20240731,000000,400,405,400,400,180,0
SPR,D,20240801,000000,400,412,400,407,624,0
SPR,D,20240802,000000,407,410,399,399,1101,0
SPR,D,20240805,000000,398,400,385,400,1400,0
SPR,D,20240806,000000,393,411,392,400,78,0
SPR,D,20240807,000000,395,415,395,415,119,0
SPR,D,20240808,000000,415,415,401,414,114,0
SPR,D,20240809,000000,413,430,413,425,443,0
SPR,D,20240812,000000,425,428,415,416,76,0
SPR,D,20240813,000000,416,416,410,410,31,0
SPR,D,20240814,000000,400,410,395,400,562,0
SPR,D,20240816,000000,395,410,395,410,218,0
SPR,D,20240819,000000,410,412,410,412,225,0
SPR,D,20240820,000000,410,415,400,415,144,0
SPR,D,20240821,000000,418,418,406,406,49,0
SPR,D,20240822,000000,406,407,406,406,37,0
SPR,D,20240823,000000,406,420,406,415,74,0
SPR,D,20240826,000000,415,419,408,408,974,0
SPR,D,20240827,000000,414,414,401,409,117,0
SPR,D,20240828,000000,409,409,400,403,80,0
SPR,D,20240829,000000,400,403,395,396,754,0
SPR,D,20240830,000000,397,398,395,397,74,0
SPR,D,20240902,000000,397,398,389,389,259,0
SPR,D,20240903,000000,389,390,380,383,252,0
SPR,D,20240904,000000,382,390,382,390,82,0
SPR,D,20240905,000000,390,390,388,388,141,0
SPR,D,20240906,000000,389,389,370,370,333,0
SPR,D,20240909,000000,361,371,350,370,428,0
SPR,D,20240910,000000,379,386,378,386,256,0
SPR,D,20240911,000000,385,385,378,378,6,0
SPR,D,20240912,000000,380,385,360,374,271,0
SPR,D,20240913,000000,371,380,370,380,140,0
SPR,D,20240916,000000,382,385,376,382,59,0
SPR,D,20240917,000000,383,383,368,368,213,0
SPR,D,20240918,000000,368,376,368,369,97,0
SPR,D,20240919,000000,371,377,371,377,92,0
SPR,D,20240920,000000,378,380,372,372,678,0
SPR,D,20240923,000000,372,372,369,369,40,0
SPR,D,20240924,000000,371,379,369,379,182,0
SPR,D,20240925,000000,385,395,376,394,257,0
SPR,D,20240926,000000,395,395,383,390,57,0
SPR,D,20240927,000000,388,395,381,394,97,0
SPR,D,20240930,000000,396,396,381,392,166,0
SPR,D,20241001,000000,390,392,385,390,314,0
SPR,D,20241002,000000,390,394,390,390,243,0
SPR,D,20241003,000000,393,393,390,390,38,0
SPR,D,20241004,000000,390,390,390,390,128,0
SPR,D,20241007,000000,391,395,390,395,316,0
SPR,D,20241008,000000,395,395,395,395,59,0
SPR,D,20241009,000000,395,395,385,385,14,0
SPR,D,20241010,000000,385,391,385,391,154,0
SPR,D,20241011,000000,393,409,393,409,180,0
SPR,D,20241014,000000,407,412,407,410,702,0
SPR,D,20241015,000000,410,416,402,402,128,0
SPR,D,20241016,000000,402,402,387,389,199,0
SPR,D,20241017,000000,395,405,390,399,157,0
SPR,D,20241018,000000,399,413,399,405,46,0
SPR,D,20241021,000000,405,405,395,398,167,0
SPR,D,20241022,000000,406,406,405,405,14,0
SPR,D,20241023,000000,400,404,399,400,863,0
SPR,D,20241025,000000,396,396,385,385,425,0
SPR,D,20241028,000000,385,396,372,396,613,0
SPR,D,20241029,000000,399,400,391,391,69,0
SPR,D,20241030,000000,392,392,391,391,22,0
SPR,D,20241031,000000,393,399,378,386,136,0
SPR,D,20241104,000000,387,395,382,394,175,0
SPR,D,20241105,000000,365,388,365,379,822,0
SPR,D,20241106,000000,379,387,375,387,73,0
SPR,D,20241107,000000,387,394,382,394,299,0
SPR,D,20241108,000000,395,395,387,388,1401,0
SPR,D,20241112,000000,380,384,372,378,660,0
SPR,D,20241113,000000,379,382,370,380,189,0
SPR,D,20241114,000000,380,385,374,375,156,0
SPR,D,20241115,000000,375,394,375,394,279,0
SPR,D,20241118,000000,393,395,385,390,245,0
SPR,D,20241119,000000,390,392,378,385,62,0
SPR,D,20241120,000000,380,380,376,380,8,0
SPR,D,20241121,000000,380,392,380,392,43,0
SPR,D,20241122,000000,392,395,390,393,118,0
SPR,D,20241125,000000,393,393,385,393,99,0
SPR,D,20241126,000000,415,456,415,435,4079,0
SPR,D,20241127,000000,435,450,435,438,182,0
SPR,D,20241128,000000,440,483,439,442,658,0
SPR,D,20241129,000000,448,470,440,465,656,0
SPR,D,20241202,000000,470,496,469,470,486,0
SPR,D,20241203,000000,470,494,470,470,314,0
SPR,D,20241204,000000,465,468,454,460,627,0
SPR,D,20241205,000000,464,464,445,446,708,0
SPR,D,20241206,000000,446,460,446,455,348,0
SPR,D,20241209,000000,455,480,444,480,179,0
SPR,D,20241210,000000,479,479,465,465,205,0
SPR,D,20241211,000000,464,489,456,472,107,0
SPR,D,20241212,000000,479,479,450,459,279,0
SPR,D,20241213,000000,461,474,459,471,79,0
SPR,D,20241216,000000,472,472,460,460,55,0
SPR,D,20241217,000000,462,463,454,454,364,0
SPR,D,20241218,000000,454,458,441,449,430,0
SPR,D,20241219,000000,449,449,442,447,210,0
SPR,D,20241220,000000,448,457,448,450,97,0
SPR,D,20241223,000000,457,466,442,444,255,0
SPR,D,20241227,000000,446,472,446,452,318,0
SPR,D,20241230,000000,450,468,450,455,417,0
SPR,D,20250102,000000,455,478,455,478,492,0
SPR,D,20250103,000000,480,528,472,528,526,0
SPR,D,20250107,000000,518,518,481,500,752,0
SPR,D,20250108,000000,496,506,488,488,169,0
SPR,D,20250109,000000,498,498,475,475,326,0
SPR,D,20250110,000000,475,480,465,475,264,0
SPR,D,20250113,000000,475,475,463,467,96,0
SPR,D,20250114,000000,467,474,463,474,106,0
SPR,D,20250115,000000,470,489,465,484,178,0
SPR,D,20250116,000000,485,498,481,481,326,0
SPR,D,20250117,000000,481,485,471,475,1124,0
SPR,D,20250120,000000,475,475,465,475,117,0
SPR,D,20250121,000000,483,489,471,482,179,0
SPR,D,20250122,000000,483,483,470,470,269,0
SPR,D,20250123,000000,470,492,470,492,223,0
SPR,D,20250124,000000,494,494,475,476,438,0
SPR,D,20250127,000000,473,482,470,482,228,0
SPR,D,20250128,000000,475,482,470,472,131,0
SPR,D,20250129,000000,472,479,471,479,47,0
SPR,D,20250130,000000,474,475,471,472,76,0
SPR,D,20250131,000000,474,481,472,473,58,0
SPR,D,20250203,000000,473,473,458,466,310,0
SPR,D,20250204,000000,470,474,470,470,379,0
SPR,D,20250205,000000,475,480,470,480,220,0
SPR,D,20250206,000000,480,486,480,481,56,0
SPR,D,20250207,000000,481,486,475,475,70,0
SPR,D,20250210,000000,480,487,475,478,112,0
SPR,D,20250211,000000,481,499,480,498,320,0
SPR,D,20250212,000000,500,510,488,490,538,0
SPR,D,20250213,000000,494,510,494,502,163,0
SPR,D,20250214,000000,500,504,498,498,65,0
SPR,D,20250217,000000,500,504,493,493,107,0
SPR,D,20250218,000000,490,490,480,480,297,0
SPR,D,20250219,000000,483,483,471,471,219,0
SPR,D,20250220,000000,472,479,472,479,48,0
SPR,D,20250221,000000,471,482,471,475,1508,0
SPR,D,20250224,000000,471,477,471,477,126,0
SPR,D,20250225,000000,473,473,463,463,92,0
SPR,D,20250226,000000,466,470,458,470,231,0
SPR,D,20250227,000000,473,479,469,469,86,0
SPR,D,20250228,000000,470,480,466,470,382,0
SPR,D,20250303,000000,467,468,452,452,225,0
SPR,D,20250304,000000,455,457,450,450,230,0
SPR,D,20250305,000000,450,462,448,460,116,0
SPR,D,20250306,000000,465,469,460,462,145,0
SPR,D,20250307,000000,461,471,460,464,124,0
SPR,D,20250310,000000,464,465,452,456,254,0
SPR,D,20250311,000000,455,456,452,452,160,0
SPR,D,20250312,000000,451,455,451,453,171,0
SPR,D,20250313,000000,455,464,452,454,230,0
SPR,D,20250314,000000,454,460,453,459,1196,0
SPR,D,20250317,000000,460,467,456,457,119,0
SPR,D,20250318,000000,457,463,457,457,130,0
SPR,D,20250319,000000,457,462,456,456,73,0
SPR,D,20250320,000000,460,463,460,461,65,0
SPR,D,20250321,000000,463,463,448,458,234,0
SPR,D,20250324,000000,458,458,447,449,178,0
SPR,D,20250325,000000,449,455,449,450,62,0
SPR,D,20250326,000000,450,451,440,450,537,0
SPR,D,20250327,000000,450,456,441,448,191,0
SPR,D,20250328,000000,448,450,437,438,358,0
SPR,D,20250331,000000,439,444,435,435,131,0
SPR,D,20250401,000000,438,460,438,445,203,0
SPR,D,20250402,000000,440,444,440,441,520,0
SPR,D,20250403,000000,441,445,430,432,614,0
SPR,D,20250404,000000,430,442,404,410,690,0
SPR,D,20250407,000000,400,420,380,400,1898,0
SPR,D,20250408,000000,408,416,390,410,740,0
SPR,D,20250409,000000,390,410,390,408,355,0
SPR,D,20250410,000000,420,432,411,412,208,0
SPR,D,20250411,000000,412,419,411,411,34,0
SPR,D,20250414,000000,415,418,408,416,134,0
SPR,D,20250415,000000,415,419,411,411,91,0
SPR,D,20250416,000000,413,413,410,413,81,0
SPR,D,20250417,000000,413,413,408,413,187,0
SPR,D,20250422,000000,413,413,406,412,247,0
SPR,D,20250423,000000,414,428,413,428,349,0
SPR,D,20250424,000000,428,435,423,423,40,0
SPR,D,20250425,000000,481,518,481,516,3004,0
SPR,D,20250428,000000,520,564,520,552,1235,0
SPR,D,20250429,000000,550,558,526,540,402,0
SPR,D,20250430,000000,546,546,520,530,305,0
SPR,D,20250502,000000,530,546,530,540,148,0
SPR,D,20250505,000000,540,540,522,536,450,0
SPR,D,20250506,000000,530,530,481,510,2109,0
SPR,D,20250507,000000,514,530,514,520,567,0
SPR,D,20250508,000000,520,530,506,524,905,0
SPR,D,20250509,000000,524,524,508,514,324,0
SPR,D,20250512,000000,520,568,520,550,1309,0
SPR,D,20250513,000000,560,566,550,554,247,0
SPR,D,20250514,000000,560,564,544,558,468,0
SPR,D,20250515,000000,554,566,550,554,92,0
SPR,D,20250516,000000,560,564,550,550,591,0
SPR,D,20250519,000000,550,562,534,546,473,0
SPR,D,20250520,000000,548,560,538,554,814,0
SPR,D,20250521,000000,554,560,550,560,715,0
SPR,D,20250522,000000,568,570,556,570,346,0
SPR,D,20250523,000000,566,574,556,562,157,0
SPR,D,20250526,000000,570,596,554,596,770,0
SPR,D,20250527,000000,600,608,580,582,1155,0
SPR,D,20250528,000000,580,612,572,606,1488,0
SPR,D,20250529,000000,602,602,596,596,142,0
SPR,D,20250530,000000,592,598,572,596,139,0
SPR,D,20250602,000000,596,596,570,580,389,0
SPR,D,20250603,000000,580,588,570,588,61,0
SPR,D,20250604,000000,588,590,578,582,162,0
SPR,D,20250605,000000,586,598,574,588,522,0
SPR,D,20250606,000000,590,596,590,594,189,0
SPR,D,20250609,000000,592,594,572,584,577,0
SPR,D,20250610,000000,572,584,572,584,135,0
SPR,D,20250611,000000,576,584,574,574,141,0
SPR,D,20250612,000000,574,582,570,578,108,0
SPR,D,20250613,000000,568,578,566,576,369,0
SPR,D,20250616,000000,570,584,566,584,153,0
SPR,D,20250617,000000,584,584,562,578,145,0
SPR,D,20250618,000000,576,598,568,598,256,0
SPR,D,20250620,000000,586,588,570,588,177,0
SPR,D,20250623,000000,580,582,570,572,60,0
SPR,D,20250624,000000,580,588,572,582,187,0
SPR,D,20250625,000000,586,596,586,592,412,0
SPR,D,20250626,000000,592,594,584,592,147,0
SPR,D,20250627,000000,592,592,586,592,27,0
SPR,D,20250630,000000,592,592,580,586,123,0
SPR,D,20250701,000000,586,586,570,572,102,0
SPR,D,20250702,000000,580,584,572,584,92,0
SPR,D,20250703,000000,584,592,584,590,79,0
SPR,D,20250704,000000,590,594,582,582,168,0
SPR,D,20250707,000000,590,598,574,586,373,0
SPR,D,20250708,000000,582,588,576,586,101,0
SPR,D,20250709,000000,586,598,582,596,224,0
SPR,D,20250710,000000,596,596,592,592,8,0
SPR,D,20250711,000000,598,598,584,588,64,0
SPR,D,20250714,000000,588,596,582,596,112,0
SPR,D,20250715,000000,590,596,590,596,93,0
SPR,D,20250716,000000,596,630,594,598,1114,0
SPR,D,20250717,000000,600,620,600,620,266,0
SPR,D,20250718,000000,620,638,618,634,792,0
SPR,D,20250721,000000,632,644,624,630,487,0
SPR,D,20250722,000000,630,644,628,636,213,0
SPR,D,20250723,000000,636,644,620,628,297,0
SPR,D,20250724,000000,620,626,610,612,103,0
SPR,D,20250725,000000,612,632,612,620,89,0
SPR,D,20250728,000000,618,632,618,630,103,0
SPR,D,20250729,000000,620,626,614,614,142,0
SPR,D,20250730,000000,628,628,610,612,176,0
SPR,D,20250731,000000,616,620,606,618,145,0
SPR,D,20250801,000000,618,618,564,582,1930,0
SPR,D,20250804,000000,582,606,582,604,173,0
SPR,D,20250805,000000,596,608,582,596,214,0
SPR,D,20250806,000000,600,616,600,614,279,0
SPR,D,20250807,000000,612,612,596,596,175,0
SPR,D,20250808,000000,594,600,590,598,52,0
SPR,D,20250811,000000,600,610,590,610,149,0
SPR,D,20250812,000000,600,620,586,618,346,0
SPR,D,20250813,000000,620,630,620,628,681,0
SPR,D,20250814,000000,626,636,568,570,2313,0
SPR,D,20250818,000000,572,596,572,588,502,0
SPR,D,20250819,000000,598,598,582,594,73,0
SPR,D,20250820,000000,584,602,568,582,346,0
SPR,D,20250821,000000,584,592,584,584,163,0
SPR,D,20250822,000000,584,592,578,584,393,0
SPR,D,20250825,000000,580,608,580,594,457,0
SPR,D,20250826,000000,598,600,592,600,74,0
SPR,D,20250827,000000,600,600,592,598,60,0
SPR,D,20250828,000000,598,598,590,596,84,0
SPR,D,20250829,000000,592,594,572,590,347,0
SPR,D,20250901,000000,586,592,572,574,263,0
SPR,D,20250902,000000,580,584,570,570,177,0
SPR,D,20250903,000000,582,618,582,610,299,0
SPR,D,20250904,000000,616,630,610,630,389,0
SPR,D,20250905,000000,568,586,548,560,3359,0
SPR,D,20250908,000000,560,560,534,538,1600,0
SPR,D,20250909,000000,538,546,524,538,919,0
SPR,D,20250910,000000,536,550,524,542,354,0
SPR,D,20250911,000000,548,548,530,532,562,0
SPR,D,20250912,000000,534,540,526,530,260,0
SPR,D,20250915,000000,530,534,528,528,480,0
SPR,D,20250916,000000,526,530,526,526,579,0
SPR,D,20250917,000000,526,530,520,520,759,0
SPR,D,20250918,000000,520,522,499,499,945,0
SPR,D,20250919,000000,506,512,491,500,638,0
SPR,D,20250922,000000,526,526,504,510,385,0
SPR,D,20250923,000000,514,526,508,516,159,0
SPR,D,20250924,000000,526,526,512,512,24,0
SPR,D,20250925,000000,512,518,499,506,533,0
SPR,D,20250926,000000,504,512,500,506,223,0
SPR,D,20250929,000000,508,534,508,512,164,0
SPR,D,20250930,000000,512,520,500,512,255,0
SPR,D,20251001,000000,512,514,504,510,152,0
SPR,D,20251002,000000,514,526,512,518,227,0
SPR,D,20251003,000000,518,518,510,510,96,0
SPR,D,20251006,000000,510,528,502,528,667,0
SPR,D,20251007,000000,530,552,524,540,404,0
SPR,D,20251008,000000,540,540,524,536,179,0
SPR,D,20251009,000000,536,536,504,514,691,0
SPR,D,20251010,000000,514,514,502,512,130,0
SPR,D,20251013,000000,506,530,504,510,217,0
SPR,D,20251014,000000,512,514,502,510,105,0
SPR,D,20251015,000000,510,514,510,510,103,0
SPR,D,20251016,000000,510,512,510,512,134,0
SPR,D,20251017,000000,512,512,506,506,120,0
SPR,D,20251020,000000,508,534,506,530,325,0
SPR,D,20251021,000000,530,530,520,530,94,0
SPR,D,20251022,000000,530,546,520,530,257,0
SPR,D,20251023,000000,530,550,530,534,170,0
SPR,D,20251024,000000,534,556,530,552,218,0
SPR,D,20251027,000000,562,564,538,540,128,0
SPR,D,20251028,000000,540,552,540,548,93,0
SPR,D,20251029,000000,546,550,528,530,229,0
SPR,D,20251030,000000,530,548,530,532,169,0
SPR,D,20251031,000000,544,544,530,534,60,0
SPR,D,20251103,000000,534,538,491,516,686,0
SPR,D,20251104,000000,514,514,494,498,1148,0
SPR,D,20251105,000000,498,498,483,489,631,0
SPR,D,20251106,000000,489,490,476,482,729,0
SPR,D,20251107,000000,480,485,470,483,754,0
SPR,D,20251110,000000,480,495,480,495,282,0
SPR,D,20251112,000000,495,497,490,490,126,0
SPR,D,20251113,000000,490,490,481,481,56,0
SPR,D,20251114,000000,481,486,458,467,1211,0
SPR,D,20251117,000000,469,495,469,494,440,0
SPR,D,20251118,000000,490,495,473,480,291,0
SPR,D,20251119,000000,480,481,473,481,149,0
SPR,D,20251120,000000,488,488,482,482,103,0
SPR,D,20251121,000000,482,486,479,481,124,0
SPR,D,20251124,000000,482,504,482,498,284,0
SPR,D,20251125,000000,504,530,504,518,1675,0
SPR,D,20251126,000000,518,518,514,516,151,0
SPR,D,20251127,000000,516,538,516,536,509,0
SPR,D,20251128,000000,540,540,526,526,415,0
SPR,D,20251201,000000,532,556,528,552,407,0
SPR,D,20251202,000000,552,554,548,552,143,0
SPR,D,20251203,000000,554,554,546,548,161,0
SPR,D,20251204,000000,550,564,544,554,1091,0
SPR,D,20251205,000000,542,556,542,550,283,0
SPR,D,20251208,000000,582,582,560,572,542,0
SPR,D,20251209,000000,572,582,566,568,261,0
SPR,D,20251210,000000,568,582,566,568,87,0
SPR,D,20251211,000000,568,580,560,570,752,0
SPR,D,20251212,000000,570,580,564,568,95,0
SPR,D,20251215,000000,568,584,564,580,1501,0
SPR,D,20251216,000000,570,584,566,568,360,0
SPR,D,20251217,000000,570,578,568,568,287,0
SPR,D,20251218,000000,578,578,568,570,52,0
SPR,D,20251219,000000,572,574,570,572,143,0
SPR,D,20251222,000000,572,580,572,576,146,0
SPR,D,20251223,000000,578,580,570,570,413,0
SPR,D,20251229,000000,572,580,566,568,126,0
SPR,D,20251230,000000,578,578,566,574,160,0
SPR,D,20260102,000000,570,600,552,600,1006,0
SPR,D,20260105,000000,596,596,580,582,173,0
SPR,D,20260107,000000,582,600,560,600,1256,0
SPR,D,20260108,000000,596,596,576,578,201,0
SPR,D,20260109,000000,578,580,550,552,1047,0
SPR,D,20260112,000000,552,552,526,540,2500,0
SPR,D,20260113,000000,546,546,524,526,689,0
SPR,D,20260114,000000,530,530,516,520,730,0
SPR,D,20260115,000000,524,524,500,506,1400,0
SPR,D,20260116,000000,510,520,492,493,2462,0
SPR,D,20260119,000000,500,528,493,528,498,0
SPR,D,20260120,000000,528,530,512,522,190,0
SPR,D,20260121,000000,520,520,510,520,278,0
SPR,D,20260122,000000,522,536,522,536,362,0
SPR,D,20260123,000000,538,544,528,536,181,0
SPR,D,20260126,000000,536,544,530,540,376,0
SPR,D,20260127,000000,540,544,532,534,120,0
SPR,D,20260128,000000,538,538,522,522,282,0
SPR,D,20260129,000000,530,530,520,524,189,0
SPR,D,20260130,000000,524,528,520,520,144,0
SPR,D,20260202,000000,516,524,510,520,121,0
SPR,D,20260203,000000,520,520,510,518,158,0
SPR,D,20260204,000000,520,530,520,530,395,0
SPR,D,20260205,000000,530,530,502,508,425,0
SPR,D,20260206,000000,504,510,498,508,272,0
SPR,D,20260209,000000,508,512,500,508,334,0
SPR,D,20260210,000000,502,504,480,492,1247,0
SPR,D,20260211,000000,491,498,489,493,373,0
SPR,D,20260212,000000,490,498,472,497,776,0
SPR,D,20260213,000000,496,496,482,490,175,0
SPR,D,20260216,000000,487,487,478,482,520,0
SPR,D,20260217,000000,482,482,474,474,266,0
SPR,D,20260218,000000,477,483,476,483,119,0
SPR,D,20260219,000000,482,488,477,483,217,0
SPR,D,20260220,000000,483,483,481,481,39,0
SPR,D,20260223,000000,480,481,475,476,251,0
SPR,D,20260224,000000,480,480,463,466,643,0
SPR,D,20260225,000000,467,471,463,463,154,0
SPR,D,20260226,000000,468,483,468,477,280,0
SPR,D,20260227,000000,480,489,480,487,764,0
SPR,D,20260302,000000,485,485,458,475,531,0
SPR,D,20260303,000000,480,480,458,464,386,0
SPR,D,20260304,000000,464,472,463,470,71,0
SPR,D,20260305,000000,470,470,465,469,76,0
SPR,D,20260306,000000,469,473,464,468,331,0
SPR,D,20260309,000000,464,468,454,463,360,0
SPR,D,20260310,000000,463,488,463,472,379,0
SPR,D,20260311,000000,479,479,471,471,181,0
SPR,D,20260312,000000,473,486,471,479,344,0
SPR,D,20260313,000000,481,487,479,484,248,0
SPR,D,20260316,000000,487,489,476,480,165,0
SPR,D,20260317,000000,480,481,465,472,171,0
SPR,D,20260318,000000,472,484,472,475,128,0
SPR,D,20260319,000000,473,473,461,464,166,0
SPR,D,20260320,000000,462,462,454,454,243,0
SPR,D,20260323,000000,459,459,439,451,883,0
SPR,D,20260324,000000,455,458,440,448,151,0
SPR,D,20260325,000000,453,454,447,448,135,0
SPR,D,20260326,000000,450,456,448,455,65,0
SPR,D,20260327,000000,452,452,425,435,772,0
SPR,D,20260330,000000,430,450,430,450,217,0
SPR,D,20260331,000000,434,435,415,423,1271,0
SPR,D,20260401,000000,426,426,414,424,495,0
SPR,D,20260402,000000,422,423,415,419,134,0
SPR,D,20260407,000000,418,420,401,409,667,0
SPR,D,20260408,000000,420,426,409,417,320,0
SPR,D,20260409,000000,420,420,415,415,30,0
SPR,D,20260410,000000,416,426,411,421,463,0
SPR,D,20260413,000000,421,427,421,427,171,0
SPR,D,20260414,000000,425,425,423,424,332,0
SPR,D,20260415,000000,424,427,419,426,392,0
SPR,D,20260416,000000,426,438,426,438,390,0
SPR,D,20260417,000000,440,476,437,450,888,0
SPR,D,20260420,000000,439,449,438,446,395,0
SPR,D,20260421,000000,446,463,446,455,295,0
SPR,D,20260422,000000,460,460,454,455,71,0
SPR,D,20260423,000000,460,463,441,441,109,0
SPR,D,20260424,000000,440,440,427,440,212,0
SPR,D,20260427,000000,440,474,435,474,719,0
SPR,D,20260428,000000,467,467,440,446,507,0
SPR,D,20260429,000000,465,479,450,459,903,0
SPR,D,20260430,000000,457,460,450,450,583,0
SPR,D,20260504,000000,442,445,424,430,418,0
SPR,D,20260505,000000,441,441,431,436,116,0
SPR,D,20260506,000000,433,433,428,432,281,0
SPR,D,20260507,000000,433,433,426,426,174,0
SPR,D,20260508,000000,426,426,411,416,245,0
SPR,D,20260511,000000,416,420,416,418,191,0
SPR,D,20260512,000000,418,418,410,413,294,0
SPR,D,20260513,000000,413,413,390,400,982,0
SPR,D,20260514,000000,400,400,396,399,474,0
SPR,D,20260515,000000,399,410,394,399,495,0
SPR,D,20260518,000000,399,399,385,395,350,0
SPR,D,20260519,000000,390,410,390,410,620,0
SPR,D,20260520,000000,409,409,396,404,396,0
SPR,D,20260521,000000,404,404,400,403,155,0
SPR,D,20260522,000000,403,410,402,406,544,0
SPR,D,20260525,000000,406,430,405,430,660,0
SPR,D,20260526,000000,432,470,420,439,1572,0
SPR,D,20260527,000000,434,434,419,424,354,0
SPR,D,20260528,000000,424,424,402,404,484,0
SPR,D,20260529,000000,403,410,402,410,193,0
SPR,D,20260601,000000,405,407,396,405,1691,0
SPR,D,20260602,000000,400,400,396,400,928,0
SPR,D,20260603,000000,400,400,388,388,1026,0
SPR,D,20260605,000000,397,400,393,400,959,0
SPR,D,20260608,000000,400,400,392,399,148,0
SPR,D,20260609,000000,399,400,393,399,275,0
SPR,D,20260610,000000,399,399,393,393,80,0
SPR,D,20260611,000000,399,399,391,397,195,0
SPR,D,20260612,000000,397,399,395,399,378,0
SPR,D,20260615,000000,395,396,390,393,288,0
SPR,D,20260616,000000,394,394,390,394,367,0
SPR,D,20260617,000000,394,394,392,392,167,0
SPR,D,20260618,000000,392,396,390,390,780,0
SPR,D,20260619,000000,390,393,388,390,165,0
SPR,D,20260622,000000,390,390,382,387,212,0
SPR,D,20260623,000000,386,386,355,375,833,0
SPR,D,20260624,000000,375,389,375,380,201,0
SPR,D,20260625,000000,389,390,381,382,312,0
SPR,D,20260626,000000,387,387,380,380,46,0
SPR,D,20260629,000000,390,400,390,397,807,0
SPR,D,20260630,000000,398,400,397,398,300,0
SPR,D,20260701,000000,400,400,390,394,839,0
SPR,D,20260702,000000,400,400,396,396,273,0
SPR,D,20260703,000000,399,399,393,399,203,0
SPR,D,20260706,000000,399,400,397,400,159,0
SPR,D,20260707,000000,399,400,394,394,1302,0
SPR,D,20260708,000000,395,400,391,400,1486,0
SPR,D,20260709,000000,395,400,395,400,161,0
SPR,D,20260710,000000,397,400,395,398,236,0
SPR,D,20260713,000000,395,399,393,396,121,0
SPR,D,20260714,000000,393,395,388,390,213,0
SPR,D,20260715,000000,391,393,387,390,649,0
SPR,D,20260716,000000,390,395,385,395,152,0
SPR,D,20260717,000000,395,395,387,391,135,0
SPR,D,20260720,000000,387,392,387,390,46,0
SPR,D,20260721,000000,390,394,386,390,216,0
SPR,D,20260722,000000,386,389,385,389,88,0
SPR,D,20260723,000000,388,390,388,388,63,0
SPR,D,20260724,000000,386,390,385,386,137,0
SPR,D,20260727,000000,389,389,377,380,284,0
SPR,D,20260728,000000,381,389,380,389,75,0
SPR,D,20260729,000000,389,399,385,399,1108,0
SPR,D,20260730,000000,400,400,396,397,652,0
SPR,D,20260731,000000,400,400,396,398,246,0
SPR,D,20260803,000000,398,400,396,400,1837,0
SPR,D,20260804,000000,400,400,397,400,638,0
SPR,D,20260805,000000,400,400,398,398,986,0
SPR,D,20260806,000000,400,400,396,398,491,0
SPR,D,20260807,000000,397,400,396,400,322,0
SPR,D,20260810,000000,400,400,396,396,239,0
SPR,D,20260811,000000,400,434,396,427,3250,0
SPR,D,20260812,000000,432,440,420,425,824,0
SPR,D,20260813,000000,430,434,418,423,450,0
SPR,D,20260814,000000,424,424,417,418,250,0
SPR,D,20260817,000000,418,432,417,428,396,0
SPR,D,20260818,000000,428,429,413,414,113,0
