<TICKER>,<PER>,<DATE>,<TIME>,<OPEN>,<HIGH>,<LOW>,<CLOSE>,<VOL>,<OPENINT>
SVRS,D,20180726,000000,18,18,15,17.5,6899,0
SVRS,D,20180727,000000,17.5,17.5,16.68,17.47,172,0
SVRS,D,20180730,000000,17.47,17.47,16.21,17.47,813,0
SVRS,D,20180731,000000,16.98,16.98,16.2,16.2,1167,0
SVRS,D,20180801,000000,16.9,16.97,16.9,16.97,8923,0
SVRS,D,20180802,000000,17,17,17,17,18,0
SVRS,D,20180803,000000,17.47,17.47,16,17.47,5404,0
SVRS,D,20180806,000000,17.47,17.47,16.3,17.47,5051,0
SVRS,D,20180807,000000,17.47,17.47,16.99,17.47,25644,0
SVRS,D,20180808,000000,17.47,17.47,17.47,17.47,2,0
SVRS,D,20180809,000000,17.47,17.47,17.47,17.47,2,0
SVRS,D,20180810,000000,17.47,17.47,17.47,17.47,1,0
SVRS,D,20180813,000000,17.47,17.47,17.47,17.47,2,0
SVRS,D,20180814,000000,17.47,17.47,16.7,17.45,402,0
SVRS,D,20180816,000000,17.44,17.44,17.44,17.44,2,0
SVRS,D,20180817,000000,17.44,17.44,17.44,17.44,2,0
SVRS,D,20180820,000000,17.44,17.44,16.3,17,23,0
SVRS,D,20180821,000000,17.44,17.44,17.44,17.44,2,0
SVRS,D,20180822,000000,17.44,17.44,17.44,17.44,1,0
SVRS,D,20180823,000000,17.44,17.44,17.44,17.44,2,0
SVRS,D,20180824,000000,17.44,17.44,16,17.3,615,0
SVRS,D,20180827,000000,17.44,17.44,17.44,17.44,1,0
SVRS,D,20180828,000000,17.44,17.44,17.44,17.44,1,0
SVRS,D,20180829,000000,17.44,17.44,16.1,17.2,582,0
SVRS,D,20180830,000000,17.4,17.4,16.6,16.6,383,0
SVRS,D,20180831,000000,17.4,17.4,16.7,17.1,911,0
SVRS,D,20180903,000000,17.4,17.4,17.05,17.4,36,0
SVRS,D,20180904,000000,17.4,17.45,17.12,17.45,232,0
SVRS,D,20180905,000000,17.45,17.5,17.15,17.3,761,0
SVRS,D,20180907,000000,17.5,17.5,17.4,17.4,481,0
SVRS,D,20180910,000000,17.2,17.2,17.2,17.2,10,0
SVRS,D,20180911,000000,17.2,17.2,17.2,17.2,1,0
SVRS,D,20180912,000000,17.2,17.2,17.2,17.2,1,0
SVRS,D,20180913,000000,17.2,17.2,17.2,17.2,1,0
SVRS,D,20180914,000000,17.2,17.2,17.2,17.2,1,0
SVRS,D,20180917,000000,17.1,17.1,16.4,17.1,372,0
SVRS,D,20180918,000000,17.1,17.1,17.1,17.1,1,0
SVRS,D,20180919,000000,17,17,17,17,1,0
SVRS,D,20180920,000000,17,17,17,17,1,0
SVRS,D,20180921,000000,17.1,17.1,15.88,16.8,1222,0
SVRS,D,20180924,000000,16.8,16.8,16.8,16.8,1,0
SVRS,D,20180925,000000,16.8,16.8,16.3,16.3,727,0
SVRS,D,20180926,000000,16.8,16.8,15.9,16.8,22,0
SVRS,D,20180927,000000,16.8,16.8,16.8,16.8,1,0
SVRS,D,20180928,000000,16.8,16.8,16.8,16.8,2,0
SVRS,D,20181001,000000,16.8,16.8,16.4,16.8,552,0
SVRS,D,20181002,000000,16.8,17.1,16.8,17.1,3315,0
SVRS,D,20181003,000000,17.1,17.2,17.09,17.09,2551,0
SVRS,D,20181004,000000,16.99,17,16.21,17,1017,0
SVRS,D,20181005,000000,17,17,17,17,2,0
SVRS,D,20181008,000000,17,17.01,17,17.01,2,0
SVRS,D,20181009,000000,16.25,16.9,16.25,16.9,210,0
SVRS,D,20181010,000000,16.9,16.9,16.9,16.9,1,0
SVRS,D,20181011,000000,16.9,17,16.9,17,2,0
SVRS,D,20181012,000000,17,17,17,17,2,0
SVRS,D,20181015,000000,17,17,17,17,2,0
SVRS,D,20181016,000000,17,17,17,17,1,0
SVRS,D,20181017,000000,17,17,17,17,1,0
SVRS,D,20181018,000000,17,17,17,17,1,0
SVRS,D,20181019,000000,17,17,17,17,1,0
SVRS,D,20181022,000000,17,17,17,17,1,0
SVRS,D,20181023,000000,16.5,17,16.5,17,188,0
SVRS,D,20181024,000000,17,17,16,17,283,0
SVRS,D,20181025,000000,17,17,16.21,17,553,0
SVRS,D,20181026,000000,17,17,17,17,1,0
SVRS,D,20181030,000000,17,17,17,17,1,0
SVRS,D,20181031,000000,17,17,17,17,1,0
SVRS,D,20181102,000000,17,17,17,17,1,0
SVRS,D,20181105,000000,17,17,17,17,1,0
SVRS,D,20181106,000000,17,17,17,17,1,0
SVRS,D,20181107,000000,17,17,17,17,1,0
SVRS,D,20181108,000000,17,17,17,17,1,0
SVRS,D,20181109,000000,17,17,17,17,2,0
SVRS,D,20181113,000000,17,17,17,17,12,0
SVRS,D,20181114,000000,17,17,17,17,6,0
SVRS,D,20181115,000000,17,17,17,17,1,0
SVRS,D,20181116,000000,17,17,17,17,13,0
SVRS,D,20181119,000000,17,17,17,17,13,0
SVRS,D,20181120,000000,17,17,17,17,8,0
SVRS,D,20181121,000000,17,17,17,17,6,0
SVRS,D,20181122,000000,17,17,17,17,1,0
SVRS,D,20181123,000000,17,17,15.3,17,400,0
SVRS,D,20181126,000000,17,17,17,17,2,0
SVRS,D,20181127,000000,17,17,17,17,1,0
SVRS,D,20181128,000000,17,17,17,17,2,0
SVRS,D,20181129,000000,17,17,17,17,2,0
SVRS,D,20181130,000000,17,17,17,17,2,0
SVRS,D,20181203,000000,17,17,17,17,1,0
SVRS,D,20181204,000000,17,17,17,17,1,0
SVRS,D,20181205,000000,17,17,17,17,11,0
SVRS,D,20181206,000000,17,17,17,17,8,0
SVRS,D,20181207,000000,17,17,17,17,1,0
SVRS,D,20181210,000000,17,17,17,17,10,0
SVRS,D,20181211,000000,17,17,16.5,16.5,60,0
SVRS,D,20181212,000000,16.5,16.5,16.5,16.5,2,0
SVRS,D,20181213,000000,17,17,15.78,17,61,0
SVRS,D,20181214,000000,17,17,17,17,1,0
SVRS,D,20181218,000000,16.52,17,16.52,17,485,0
SVRS,D,20181220,000000,16.9,16.9,16.1,16.5,1362,0
SVRS,D,20181221,000000,17,17,17,17,55,0
SVRS,D,20181227,000000,17.1,17.1,17.1,17.1,160,0
SVRS,D,20181228,000000,17.05,17.1,17,17.1,1692,0
SVRS,D,20190103,000000,17.1,17.1,17.1,17.1,1500,0
SVRS,D,20190111,000000,17.25,17.3,17.25,17.3,20,0
SVRS,D,20190114,000000,16.47,16.47,15.89,15.89,1100,0
SVRS,D,20190115,000000,16,16,16,16,1498,0
SVRS,D,20190116,000000,16,16,15.32,15.32,321,0
SVRS,D,20190117,000000,15.65,16,15.65,16,740,0
SVRS,D,20190118,000000,16.19,16.19,16.19,16.19,30,0
SVRS,D,20190125,000000,15.8,15.8,15.5,15.5,7510,0
SVRS,D,20190129,000000,15.35,15.35,15.35,15.35,120,0
SVRS,D,20190130,000000,16,16,16,16,10,0
SVRS,D,20190131,000000,16.2,16.2,16.2,16.2,1,0
SVRS,D,20190201,000000,16.4,16.4,16.4,16.4,2,0
SVRS,D,20190204,000000,16.39,16.39,15.7,15.7,659,0
SVRS,D,20190205,000000,15.79,15.79,15.79,15.79,2,0
SVRS,D,20190206,000000,15.79,15.79,15.05,15.05,175498,0
SVRS,D,20190207,000000,15.49,15.49,15.49,15.49,1,0
SVRS,D,20190208,000000,15.49,15.49,15.49,15.49,1,0
SVRS,D,20190214,000000,15.6,15.6,15.6,15.6,11,0
SVRS,D,20190218,000000,15.62,15.62,15.62,15.62,1,0
SVRS,D,20190219,000000,15,15,15,15,51,0
SVRS,D,20190220,000000,14.9,14.9,14.9,14.9,54,0
SVRS,D,20190226,000000,14.51,14.51,14.51,14.51,50,0
SVRS,D,20190306,000000,15.2,15.2,15.2,15.2,200,0
SVRS,D,20190312,000000,15,15,15,15,90,0
SVRS,D,20190313,000000,15,15,14.55,14.55,570,0
SVRS,D,20190315,000000,14.548,14.548,14.548,14.548,5,0
SVRS,D,20190318,000000,14.54,14.54,14.54,14.54,5,0
SVRS,D,20190319,000000,14.54,14.54,14.54,14.54,5,0
SVRS,D,20190320,000000,14.54,14.54,14.54,14.54,5,0
SVRS,D,20190321,000000,14.54,14.54,14.54,14.54,180,0
SVRS,D,20190322,000000,14.548,14.548,14.548,14.548,5,0
SVRS,D,20190325,000000,14.52,14.52,14.52,14.52,2,0
SVRS,D,20190326,000000,14.52,14.52,13.86,13.86,170,0
SVRS,D,20190327,000000,14.54,14.54,14.54,14.54,5,0
SVRS,D,20190328,000000,14.54,14.54,14.54,14.54,3,0
SVRS,D,20190329,000000,14.54,15.5,14.54,15.5,2057,0
SVRS,D,20190401,000000,15.99,15.99,14.6,15.084,1540,0
SVRS,D,20190402,000000,14.388,14.388,14.388,14.388,550,0
SVRS,D,20190404,000000,15.8,15.8,15.8,15.8,550,0
SVRS,D,20190408,000000,15.8,15.8,14.6,14.6,1111,0
SVRS,D,20190417,000000,14.75,14.75,14.75,14.75,50,0
SVRS,D,20190418,000000,14.75,14.75,14.75,14.75,10,0
SVRS,D,20190424,000000,14.75,14.75,14.75,14.75,2,0
SVRS,D,20190425,000000,14.06,14.06,14.06,14.06,550,0
SVRS,D,20190429,000000,14.07,14.07,14.07,14.07,600,0
SVRS,D,20190430,000000,14.17,14.27,14.17,14.27,280,0
SVRS,D,20190514,000000,14.468,14.468,14.468,14.468,1,0
SVRS,D,20190517,000000,13.9,14.1,13.9,14.1,109,0
SVRS,D,20190520,000000,14.1,14.1,14.1,14.1,73,0
SVRS,D,20190521,000000,14.108,14.108,14.1,14.1,59,0
SVRS,D,20190522,000000,14.1,14.1,14.1,14.1,67,0
SVRS,D,20190523,000000,14.1,14.1,14.1,14.1,91,0
SVRS,D,20190524,000000,14.1,14.1,14.1,14.1,8,0
SVRS,D,20190527,000000,13.9,14,13.9,14,106,0
SVRS,D,20190528,000000,14,14,14,14,38,0
SVRS,D,20190603,000000,14.108,14.108,14,14,62,0
SVRS,D,20190604,000000,14,14,14,14,58,0
SVRS,D,20190605,000000,14,14,14,14,52,0
SVRS,D,20190606,000000,14,14,14,14,50,0
SVRS,D,20190607,000000,14,14,14,14,43,0
SVRS,D,20190610,000000,14,14,14,14,40,0
SVRS,D,20190611,000000,14,14,14,14,7,0
SVRS,D,20190612,000000,14,14,14,14,3,0
SVRS,D,20190613,000000,14,14,14,14,287,0
SVRS,D,20190614,000000,14,14,14,14,1,0
SVRS,D,20190617,000000,14,14,13.47,13.47,571,0
SVRS,D,20190618,000000,14,14,14,14,1,0
SVRS,D,20190704,000000,14,14,14,14,14,0
SVRS,D,20190705,000000,14,14,13.998,13.998,90,0
SVRS,D,20190708,000000,14,14,14,14,1,0
SVRS,D,20190709,000000,14,14,12.72,12.72,1185,0
SVRS,D,20190710,000000,12.726,12.728,12.628,12.628,100125,0
SVRS,D,20190711,000000,12.628,12.628,12.628,12.628,32,0
SVRS,D,20190716,000000,12.4,12.4,12.1,12.1,729,0
SVRS,D,20190717,000000,11.6,11.6,11.15,11.15,1027,0
SVRS,D,20190718,000000,11.15,11.15,9,9,2003,0
SVRS,D,20190719,000000,9.45,9.45,9.45,9.45,24,0
SVRS,D,20190722,000000,9.6,9.6,9.45,9.45,880,0
SVRS,D,20190723,000000,9.3,9.3,9,9,918,0
SVRS,D,20190724,000000,9.45,9.45,9.45,9.45,30,0
SVRS,D,20190725,000000,9.45,10,9.45,10,320,0
SVRS,D,20190726,000000,10.1,10.1,10.1,10.1,12,0
SVRS,D,20190730,000000,10.05,10.05,10.05,10.05,20,0
SVRS,D,20190731,000000,10,10,9.6,9.6,459,0
SVRS,D,20190801,000000,9.799,9.799,9.5,9.5,962,0
SVRS,D,20190802,000000,9.5,9.5,9.5,9.5,5,0
SVRS,D,20190805,000000,9.5,9.5,9.5,9.5,21,0
SVRS,D,20190806,000000,9.5,9.5,9.4,9.4,119,0
SVRS,D,20190808,000000,9.36,9.36,9.36,9.36,20,0
SVRS,D,20190809,000000,9.36,9.36,9.36,9.36,28,0
SVRS,D,20190812,000000,9.36,9.36,9.36,9.36,46,0
SVRS,D,20190813,000000,9.36,9.36,9.36,9.36,31,0
SVRS,D,20190814,000000,9.36,9.36,8.5,8.92,1004,0
SVRS,D,20190816,000000,8.92,8.92,8.5,8.92,154,0
SVRS,D,20190819,000000,8.92,9,8.92,9,8127,0
SVRS,D,20190820,000000,9,9,8.89,8.89,3347,0
SVRS,D,20190821,000000,8.9,8.9,8.85,8.85,633,0
SVRS,D,20190822,000000,8.85,8.85,8.47,8.47,1548,0
SVRS,D,20190823,000000,8.47,8.47,8.3,8.47,929,0
SVRS,D,20190826,000000,8.45,8.45,8.45,8.45,2,0
SVRS,D,20190827,000000,8.45,8.45,7.919,7.919,1302,0
SVRS,D,20190828,000000,8.45,8.45,8.45,8.45,5,0
SVRS,D,20190829,000000,8.45,8.45,8.45,8.45,15,0
SVRS,D,20190830,000000,8.45,8.45,8.45,8.45,19,0
SVRS,D,20190904,000000,7.95,7.95,7.95,7.95,33,0
SVRS,D,20190905,000000,7.95,7.95,7.95,7.95,892,0
SVRS,D,20190906,000000,8.23,8.6,8.23,8.6,1928,0
SVRS,D,20190909,000000,9.03,9.6,9.026,9.026,3524,0
SVRS,D,20190910,000000,9.028,9.028,9.028,9.028,20,0
SVRS,D,20190912,000000,9.027,9.027,8.6,8.699,2968,0
SVRS,D,20190916,000000,8.7,8.7,8.7,8.7,10,0
SVRS,D,20190917,000000,8.699,8.699,8.3,8.3,60,0
SVRS,D,20190918,000000,8.399,8.399,8.3,8.3,102,0
SVRS,D,20190919,000000,8.3,8.3,8,8,2123,0
SVRS,D,20190920,000000,8.3,8.3,8.3,8.3,2,0
SVRS,D,20190923,000000,8.3,8.3,7.62,7.62,3003,0
SVRS,D,20190924,000000,7.62,7.64,7.1,7.1,1469,0
SVRS,D,20190925,000000,7.186,7.186,6.85,6.85,1195,0
SVRS,D,20190926,000000,6.45,6.82,6.45,6.82,1226,0
SVRS,D,20190927,000000,7,7,7,7,2,0
SVRS,D,20190930,000000,7,7,7,7,2,0
SVRS,D,20191001,000000,7,7,6.99,6.99,1002,0
SVRS,D,20191002,000000,7,7,6.98,6.98,1002,0
SVRS,D,20191003,000000,6.98,6.98,6.66,6.66,1002,0
SVRS,D,20191007,000000,6.66,6.66,6.66,6.66,1225,0
SVRS,D,20191008,000000,6.88,6.88,6.88,6.88,7,0
SVRS,D,20191010,000000,6.9,6.93,6.9,6.93,2613,0
SVRS,D,20191011,000000,6.93,6.93,6.63,6.93,69,0
SVRS,D,20191014,000000,6.93,6.931,6.93,6.931,9907,0
SVRS,D,20191015,000000,6.88,6.88,6.88,6.88,1250,0
SVRS,D,20191016,000000,6.91,6.93,6.91,6.92,3626,0
SVRS,D,20191017,000000,6.92,6.92,6.8,6.88,95,0
SVRS,D,20191018,000000,6.88,6.88,6.88,6.88,51,0
SVRS,D,20191021,000000,6.88,6.88,6.63,6.63,1055,0
SVRS,D,20191022,000000,6.62,6.63,6.62,6.63,16950,0
SVRS,D,20191023,000000,6.62,6.62,6.62,6.62,14,0
SVRS,D,20191024,000000,6.62,6.88,6.51,6.83,32205,0
SVRS,D,20191025,000000,6.83,6.83,6.83,6.83,30,0
SVRS,D,20191028,000000,6.83,6.83,6.83,6.83,1470,0
SVRS,D,20191029,000000,6.83,6.831,6.83,6.831,3993,0
SVRS,D,20191030,000000,6.918,6.918,6.831,6.831,7442,0
SVRS,D,20191031,000000,6.831,6.831,6.831,6.831,2220,0
SVRS,D,20191104,000000,6.831,6.831,6.831,6.831,43,0
SVRS,D,20191105,000000,6.831,6.92,6.831,6.92,5169,0
SVRS,D,20191106,000000,6.92,6.92,6.92,6.92,2872,0
SVRS,D,20191107,000000,6.92,6.92,6.92,6.92,31,0
SVRS,D,20191108,000000,6.92,6.92,6.92,6.92,52,0
SVRS,D,20191112,000000,6.92,6.92,6.92,6.92,1835,0
SVRS,D,20191113,000000,6.92,6.949,6.92,6.949,6484,0
SVRS,D,20191114,000000,6.949,6.949,6.949,6.949,3556,0
SVRS,D,20191115,000000,6.949,6.949,6.949,6.949,994,0
SVRS,D,20191118,000000,6.949,6.949,6.949,6.949,850,0
SVRS,D,20191119,000000,6.949,6.949,6.949,6.949,38,0
SVRS,D,20191120,000000,6.949,6.949,6.949,6.949,35,0
SVRS,D,20191121,000000,6.949,6.949,6.949,6.949,34,0
SVRS,D,20191122,000000,6.949,7.44,6.949,7.44,5996,0
SVRS,D,20191125,000000,7.5,8.08,7.5,8.08,1578,0
SVRS,D,20191126,000000,8.08,8.08,8.08,8.08,950,0
SVRS,D,20191127,000000,8.08,8.08,8.08,8.08,5,0
SVRS,D,20191128,000000,8.08,8.08,8.08,8.08,3,0
SVRS,D,20191129,000000,8.28,8.58,8.28,8.58,2700,0
SVRS,D,20191202,000000,9.03,9.52,9,9.52,615,0
SVRS,D,20191203,000000,10,10,9.5,9.66,1005,0
SVRS,D,20191204,000000,9.659,10.14,9.659,10.14,905,0
SVRS,D,20191205,000000,10.14,10.5,10.14,10.5,115,0
SVRS,D,20191206,000000,10.6,11.11,10.6,11.11,247,0
SVRS,D,20191209,000000,11.11,11.11,11.11,11.11,5,0
SVRS,D,20191210,000000,11,11,11,11,2,0
SVRS,D,20191211,000000,10.384,10.384,10.3,10.3,1289,0
SVRS,D,20191212,000000,11,11,10,10,854,0
SVRS,D,20191213,000000,10,10,10,10,5956,0
SVRS,D,20191216,000000,10,10,10,10,2,0
SVRS,D,20191217,000000,10,10,10,10,3,0
SVRS,D,20191218,000000,9.5,9.5,9.06,9.06,802,0
SVRS,D,20191230,000000,9.06,9.06,9.06,9.06,100,0
SVRS,D,20200103,000000,9.059,9.061,8.64,9.061,2827,0
SVRS,D,20200107,000000,9,9,8.74,8.74,938,0
SVRS,D,20200108,000000,8.699,8.699,8,8,3913,0
SVRS,D,20200109,000000,8.001,8.4,8.001,8.4,1753,0
SVRS,D,20200113,000000,8.7,8.7,7.4,7.4,2967,0
SVRS,D,20200114,000000,7.398,7.4,6.67,6.67,6549,0
SVRS,D,20200115,000000,6.67,6.98,6.67,6.98,110,0
SVRS,D,20200116,000000,7.4,7.4,6.2,6.28,16260,0
SVRS,D,20200117,000000,6.16,6.3,6.099,6.1,6457,0
SVRS,D,20200120,000000,6.09,6.09,6.09,6.09,20,0
SVRS,D,20200121,000000,6,6,5.9,5.9,1518,0
SVRS,D,20200122,000000,5.5,5.65,5,5.5,1040,0
SVRS,D,20200123,000000,5.7,5.7,5.299,5.299,1783,0
SVRS,D,20200124,000000,5.297,5.297,5.297,5.297,391,0
SVRS,D,20200127,000000,5.051,5.051,5.05,5.05,1625,0
SVRS,D,20200128,000000,5.199,5.199,4.93,4.93,653,0
SVRS,D,20200129,000000,4.88,5.11,4.88,4.88,3251,0
SVRS,D,20200130,000000,5.1,5.1,5.1,5.1,22,0
SVRS,D,20200131,000000,5.1,5.109,4.8,4.9,24502,0
SVRS,D,20200203,000000,5.019,5.019,4.8,4.8,2717,0
SVRS,D,20200204,000000,5.018,5.018,4.5,4.5,4588,0
SVRS,D,20200205,000000,4.5,4.55,4.4,4.4,5163,0
SVRS,D,20200206,000000,4.45,4.45,4.1,4.19,34700,0
SVRS,D,20200207,000000,4.19,4.2995,4.19,4.2995,423,0
SVRS,D,20200210,000000,4.3005,4.3005,4.3005,4.3005,10,0
SVRS,D,20200211,000000,4.38,4.39,4.38,4.39,1916,0
SVRS,D,20200212,000000,4.3005,4.39,4.3005,4.39,123,0
SVRS,D,20200213,000000,4.4,4.4,4.4,4.4,27,0
SVRS,D,20200217,000000,4.42,4.43,4.42,4.43,254,0
SVRS,D,20200218,000000,4.43,4.65,4.43,4.65,470,0
SVRS,D,20200219,000000,4.72,5.6,4.72,5.6,4733,0
SVRS,D,20200220,000000,6,6.089,5.8,5.8,1508,0
SVRS,D,20200221,000000,5.77,5.77,5.2,5.2,3125,0
SVRS,D,20200224,000000,5.2,5.2,5.1,5.1,2693,0
SVRS,D,20200226,000000,4.91,4.91,4.91,4.91,50,0
SVRS,D,20200227,000000,4.91,4.91,4,4,25182,0
SVRS,D,20200228,000000,3.9,3.9,3.3,3.62,18700,0
SVRS,D,20200302,000000,3.6595,3.6595,3.3,3.3,27415,0
SVRS,D,20200303,000000,3.3005,3.6,3.1,3.1,59950,0
SVRS,D,20200304,000000,3.0735,3.104,3,3,4556,0
SVRS,D,20200305,000000,3.0005,3.22,3.0005,3.15,4590,0
SVRS,D,20200309,000000,2.9,2.97,2.86,2.97,1131,0
SVRS,D,20200310,000000,2.9695,2.9695,2.84,2.91,14350,0
SVRS,D,20200311,000000,2.93,2.93,2.78,2.78,8450,0
SVRS,D,20200313,000000,2.88,2.9,2.85,2.85,6500,0
SVRS,D,20200317,000000,2.8595,2.8595,2.75,2.75,2850,0
SVRS,D,20200320,000000,2.75,2.75,2.5,2.6305,3088,0
SVRS,D,20200324,000000,2.55,2.65,2.55,2.65,3300,0
SVRS,D,20200325,000000,2.7995,2.7995,2.55,2.56,6400,0
SVRS,D,20200327,000000,2.5795,2.5795,2.48,2.48,3600,0
SVRS,D,20200330,000000,2.5,2.5,2.5,2.5,35,0
SVRS,D,20200401,000000,2.4995,2.4995,2.4995,2.4995,9,0
SVRS,D,20200402,000000,2.3,2.3,2.3,2.3,750,0
SVRS,D,20200403,000000,2.3,2.3,2.3,2.3,16,0
SVRS,D,20200407,000000,2.3005,2.53,2.3005,2.53,100,0
SVRS,D,20200408,000000,2.5295,2.5295,2.5295,2.5295,21,0
SVRS,D,20200409,000000,2.5,2.5,2.25,2.25,22,0
SVRS,D,20200414,000000,2.4,2.4,2.2,2.4,25089,0
SVRS,D,20200415,000000,2.4,2.4,2.4,2.4,29187,0
SVRS,D,20200416,000000,2.4,2.4,2.4,2.4,1198,0
SVRS,D,20200417,000000,2.4,2.4,2.4,2.4,432,0
SVRS,D,20200420,000000,2.4,2.4,2.4,2.4,431,0
SVRS,D,20200421,000000,2.4,2.55,2.4,2.55,310316,0
SVRS,D,20200422,000000,2.6005,3.14,2.6005,3,1916,0
SVRS,D,20200423,000000,3,3.5,3,3.5,341,0
SVRS,D,20200424,000000,3.5,4.2,3.5,4.2,6355,0
SVRS,D,20200427,000000,4.44,4.44,3.65,3.65,1801,0
SVRS,D,20200428,000000,3.7005,3.787,3.62,3.62,3594,0
SVRS,D,20200429,000000,3.72,3.72,3.59,3.59,2210,0
SVRS,D,20200430,000000,3.57,3.59,3.57,3.59,2780,0
SVRS,D,20200504,000000,3.59,3.59,3.3,3.3,7852,0
SVRS,D,20200506,000000,3.3095,3.3095,3.03,3.1,1200,0
SVRS,D,20200507,000000,3.1005,3.11,2.98,2.98,2616,0
SVRS,D,20200508,000000,2.99,3,2.91,2.91,3160,0
SVRS,D,20200512,000000,2.9,2.9,2.7,2.7,3230,0
SVRS,D,20200513,000000,2.7,2.7,2.7,2.7,10,0
SVRS,D,20200514,000000,2.7,2.79,2.7,2.79,2970,0
SVRS,D,20200515,000000,2.7,2.7,2.51,2.51,4405,0
SVRS,D,20200518,000000,2.55,2.57,2.35,2.35,12120,0
SVRS,D,20200520,000000,2.5,2.5,2.5,2.5,200,0
SVRS,D,20200521,000000,2.6,2.69,2.6,2.69,1500,0
SVRS,D,20200527,000000,2.58,2.58,2.4,2.4,235,0
SVRS,D,20200528,000000,2.41,2.7,2.35,2.7,6725,0
SVRS,D,20200529,000000,2.8,2.9,2.8,2.9,2000,0
SVRS,D,20200601,000000,2.9995,3.1,2.9,2.9,9100,0
SVRS,D,20200602,000000,2.95,2.95,2.49,2.6,12523,0
SVRS,D,20200604,000000,2.6995,2.6995,2.4,2.49,33502,0
SVRS,D,20200608,000000,2.35,2.35,2.35,2.35,310000,0
SVRS,D,20200609,000000,2.45,2.6995,2.45,2.6995,10,0
SVRS,D,20200610,000000,2.6995,2.85,2.6,2.85,76995,0
SVRS,D,20200612,000000,2.85,2.95,2.85,2.95,3038,0
SVRS,D,20200615,000000,3,3,3,3,2,0
SVRS,D,20200616,000000,3,3.05,3,3.05,396,0
SVRS,D,20200617,000000,3.05,3.2,3.05,3.2,1110,0
SVRS,D,20200619,000000,3.26,3.26,3.15,3.15,8448,0
SVRS,D,20200622,000000,3.05,3.55,3.05,3.55,4249,0
SVRS,D,20200623,000000,3.55,3.88,3.55,3.88,3108,0
SVRS,D,20200624,000000,3.92,3.92,3.7,3.7,2782,0
SVRS,D,20200625,000000,3.71,3.8,3.71,3.8,22000,0
SVRS,D,20200629,000000,3.9005,4.3,3.9005,4.3,2055,0
SVRS,D,20200630,000000,4.3,4.5595,4.3,4.5595,20952,0
SVRS,D,20200701,000000,4.5505,4.56,4.5,4.56,345,0
SVRS,D,20200702,000000,4.56,4.7,4.56,4.7,119,0
SVRS,D,20200706,000000,4.75,4.83,4.75,4.83,401,0
SVRS,D,20200708,000000,4.84,4.84,4.82,4.82,304,0
SVRS,D,20200710,000000,4.8,4.8,4.65,4.65,1815,0
SVRS,D,20200714,000000,4.6495,5,4.6,4.6,2150,0
SVRS,D,20200715,000000,4.7,4.83,4.7,4.78,3951,0
SVRS,D,20200716,000000,4.7,4.7,4.7,4.7,10,0
SVRS,D,20200717,000000,4.7,4.7,4.7,4.7,10,0
SVRS,D,20200720,000000,4.7,4.7,4.55,4.7,118,0
SVRS,D,20200721,000000,4.7,4.7,4.55,4.65,120,0
SVRS,D,20200722,000000,4.7,4.7,4.7,4.7,16,0
SVRS,D,20200723,000000,4.6995,5.93,4.6995,5.93,20284,0
SVRS,D,20200724,000000,6.45,7,5.93,6.65,11249,0
SVRS,D,20200727,000000,7.3,8,7.1,8,15580,0
SVRS,D,20200728,000000,9,9.9,8.99,9.9,15879,0
SVRS,D,20200729,000000,10.25,10.25,9.3,9.45,4899,0
SVRS,D,20200730,000000,9.4,9.4,9.22,9.22,3548,0
SVRS,D,20200731,000000,9.22,9.23,9.22,9.22,3145,0
SVRS,D,20200803,000000,9.22,9.22,9,9,10216,0
SVRS,D,20200805,000000,8.999,8.999,7.98,7.98,3077,0
SVRS,D,20200806,000000,8.28,8.28,8.28,8.28,930,0
SVRS,D,20200807,000000,8.3,8.3,8.15,8.15,2293,0
SVRS,D,20200810,000000,8.22,8.22,8,8,4157,0
SVRS,D,20200813,000000,8.2,8.26,8,8.26,3920,0
SVRS,D,20200817,000000,8.499,8.499,8.28,8.28,5455,0
SVRS,D,20200820,000000,8.28,8.28,8.2,8.2,3630,0
SVRS,D,20200824,000000,8.2,8.2,7.8,7.8,1446,0
SVRS,D,20200825,000000,7.8,7.8,7.8,7.8,19,0
SVRS,D,20200826,000000,7.8,7.8,7.8,7.8,24,0
SVRS,D,20200827,000000,7.85,7.85,7.8,7.8,58,0
SVRS,D,20200828,000000,7.85,7.9,7.85,7.9,60,0
SVRS,D,20200831,000000,7.95,7.95,7.95,7.95,24,0
SVRS,D,20200901,000000,8.3,8.35,8.3,8.35,1083,0
SVRS,D,20200903,000000,8.4,8.4,8.4,8.4,27,0
SVRS,D,20200907,000000,8.45,8.5,8.45,8.5,949,0
SVRS,D,20200908,000000,8.65,9,8.5,9,77320,0
SVRS,D,20200909,000000,9.1,9.5,9.1,9.5,49,0
SVRS,D,20200910,000000,9.35,9.35,9.35,9.35,39,0
SVRS,D,20200911,000000,9.35,9.35,9.35,9.35,111,0
SVRS,D,20200921,000000,9.439,9.439,9.001,9.001,952,0
SVRS,D,20200922,000000,9.011,9.011,9.011,9.011,5,0
SVRS,D,20200924,000000,9.439,9.439,9.13,9.13,110,0
SVRS,D,20200925,000000,9.439,9.439,9,9,842,0
SVRS,D,20200928,000000,9.439,9.439,9,9,44,0
SVRS,D,20200930,000000,9.002,9.002,9,9,892,0
SVRS,D,20201001,000000,9,9,8.15,8.15,1094,0
SVRS,D,20201002,000000,8.5,8.5,8.5,8.5,23,0
SVRS,D,20201005,000000,8.45,8.55,8.45,8.55,359,0
SVRS,D,20201006,000000,8.6,8.65,8.6,8.65,36,0
SVRS,D,20201007,000000,8.7,8.7,8.4,8.4,962,0
SVRS,D,20201008,000000,8.4,8.4,8.4,8.4,28,0
SVRS,D,20201012,000000,8.5,8.5,8.5,8.5,27,0
SVRS,D,20201014,000000,8.5,8.5,8.5,8.5,13,0
SVRS,D,20201015,000000,8.5,9.1,8.4,9.1,3819,0
SVRS,D,20201016,000000,9.11,9.11,9.11,9.11,10,0
SVRS,D,20201019,000000,9.11,9.11,9.11,9.11,12,0
SVRS,D,20201020,000000,9.11,9.11,9.11,9.11,17,0
SVRS,D,20201021,000000,9.08,9.08,8.2,8.2,212,0
SVRS,D,20201023,000000,8.2,8.2,8,8,822,0
SVRS,D,20201026,000000,8.3,8.4,8.3,8.4,1092,0
SVRS,D,20201027,000000,9.07,9.07,8.77,8.77,10,0
SVRS,D,20201028,000000,8.75,8.75,8.75,8.75,10,0
SVRS,D,20201029,000000,8.75,8.75,8.3,8.3,1908,0
SVRS,D,20201030,000000,8.75,8.75,8.75,8.75,17,0
SVRS,D,20201102,000000,8.75,8.75,8.1,8.1,2265,0
SVRS,D,20201103,000000,8.39,8.39,8.39,8.39,17,0
SVRS,D,20201104,000000,8.39,8.39,8.39,8.39,48,0
SVRS,D,20201105,000000,8.3,8.3,8.3,8.3,204,0
SVRS,D,20201106,000000,8.3,8.3,8.3,8.3,23,0
SVRS,D,20201109,000000,8.3,8.3,7.768,7.768,3596,0
SVRS,D,20201110,000000,7.8,7.8,7.5,7.52,91100,0
SVRS,D,20201113,000000,7.6,8,7.6,8,835,0
SVRS,D,20201116,000000,7.9,7.9,7.7,7.7,414,0
SVRS,D,20201117,000000,7.9,7.9,7.9,7.9,22,0
SVRS,D,20201118,000000,7.9,7.9,7.9,7.9,12,0
SVRS,D,20201123,000000,7.9,7.9,7.7,7.7,1000,0
SVRS,D,20201125,000000,7.7,7.7,7.58,7.58,1122,0
SVRS,D,20201130,000000,7.5,7.5,7.5,7.5,46,0
SVRS,D,20201201,000000,7.55,7.55,7.55,7.55,999,0
SVRS,D,20201202,000000,7.879,7.879,7.55,7.55,1100,0
SVRS,D,20201204,000000,7.65,7.65,7,7.35,2730,0
SVRS,D,20201207,000000,7.65,7.65,7.2,7.2,1823,0
SVRS,D,20201209,000000,7,7.1,7,7,3492,0
SVRS,D,20201210,000000,7.19,7.65,7.19,7.65,1199,0
SVRS,D,20201211,000000,7.6,7.6,7.6,7.6,13722,0
SVRS,D,20201214,000000,7.5,7.5,7.5,7.5,100,0
SVRS,D,20201215,000000,7.6,7.6,7.6,7.6,2,0
SVRS,D,20201216,000000,7.699,7.699,7.699,7.699,2,0
SVRS,D,20201217,000000,7.699,7.699,7.699,7.699,2,0
SVRS,D,20201218,000000,7.699,7.699,7.699,7.699,2,0
SVRS,D,20201221,000000,7.699,7.699,7.3,7.3,202,0
SVRS,D,20201222,000000,7.699,7.699,7.699,7.699,2,0
SVRS,D,20201223,000000,7.699,7.699,7.699,7.699,2,0
SVRS,D,20201228,000000,7.699,7.699,7.1,7.1,1602,0
SVRS,D,20201229,000000,7.45,7.45,7.45,7.45,1,0
SVRS,D,20201230,000000,7.558,7.558,7,7,1702,0
SVRS,D,20210104,000000,7.11,7.22,6.8,7.2,4501,0
SVRS,D,20210105,000000,7,7,6.9,6.9,1200,0
SVRS,D,20210107,000000,6.901,6.901,6.7,6.7,1145,0
SVRS,D,20210108,000000,6.6,6.72,6.6,6.72,1294,0
SVRS,D,20210111,000000,6.7,6.7,6.4,6.5,2743,0
SVRS,D,20210112,000000,6.45,6.5,6.45,6.5,1068,0
SVRS,D,20210114,000000,6.55,6.55,6.55,6.55,318,0
SVRS,D,20210115,000000,6.55,6.55,6.4,6.4,1396,0
SVRS,D,20210119,000000,6.4,6.6,6.4,6.4,4250,0
SVRS,D,20210120,000000,6.3,6.3,6.3,6.3,1200,0
SVRS,D,20210121,000000,6.3,6.35,6.3,6.35,1562,0
SVRS,D,20210122,000000,6.4,6.4,6.3,6.3,1887,0
SVRS,D,20210125,000000,6.224,6.3,6.1,6.1,3899,0
SVRS,D,20210126,000000,6,6.2,6,6.2,2489,0
SVRS,D,20210127,000000,6.1,6.25,6.1,6.25,6574,0
SVRS,D,20210201,000000,6,6,5.9,5.9,1534,0
SVRS,D,20210202,000000,6,6,5.8,5.8,3379,0
SVRS,D,20210205,000000,5.65,5.65,5.65,5.65,48,0
SVRS,D,20210208,000000,5.66,5.9,5.66,5.9,221,0
SVRS,D,20210209,000000,5.9,5.9,5.9,5.9,1628,0
SVRS,D,20210212,000000,5.9,6,5.9,6,170,0
SVRS,D,20210215,000000,6,6.6,6,6.6,1872,0
SVRS,D,20210216,000000,6.8,7,6.7,7,553,0
SVRS,D,20210217,000000,7.2,7.25,7.2,7.25,39,0
SVRS,D,20210218,000000,7.25,7.45,7.25,7.45,279,0
SVRS,D,20210219,000000,7.25,7.25,7,7,2128,0
SVRS,D,20210223,000000,7.101,7.101,6.88,6.88,1246,0
SVRS,D,20210224,000000,7,7.24,7,7.24,715,0
SVRS,D,20210225,000000,7.25,7.25,7,7,2747,0
SVRS,D,20210226,000000,7.25,7.36,7.25,7.36,3269,0
SVRS,D,20210301,000000,7.3,7.55,7.3,7.3,2285,0
SVRS,D,20210302,000000,7.35,7.35,7.1,7.1,1392,0
SVRS,D,20210304,000000,7,7,6.85,6.85,1220,0
SVRS,D,20210305,000000,6.999,7,6.999,7,569,0
SVRS,D,20210309,000000,6.85,6.85,6.6,6.6,2703,0
SVRS,D,20210310,000000,6.4,6.4,6,6,2500,0
SVRS,D,20210311,000000,6.15,6.4,6,6,9577,0
SVRS,D,20210315,000000,6.089,6.09,6.089,6.09,1500,0
SVRS,D,20210316,000000,6.201,6.201,5.82,5.82,10070,0
SVRS,D,20210317,000000,5.8,5.8,5.77,5.77,2329,0
SVRS,D,20210318,000000,5.8,5.8,5.55,5.7,184428,0
SVRS,D,20210319,000000,5.7,5.7,5.67,5.7,42255,0
SVRS,D,20210322,000000,5.7,5.7,5.7,5.7,18175,0
SVRS,D,20210323,000000,5.7,5.7,5.7,5.7,252,0
SVRS,D,20210324,000000,5.7,5.7,5.7,5.7,2,0
SVRS,D,20210325,000000,5.7,5.7,5.7,5.7,2,0
SVRS,D,20210326,000000,5.7,5.7,5.6,5.7,10002,0
SVRS,D,20210329,000000,5.7,5.7,5.7,5.7,16737,0
SVRS,D,20210330,000000,5.7,5.7,5.7,5.7,2,0
SVRS,D,20210331,000000,5.7,5.7,5.7,5.7,9952,0
SVRS,D,20210401,000000,5.7,5.7,5.7,5.7,15,0
SVRS,D,20210407,000000,5.7,5.7,5.7,5.7,25,0
SVRS,D,20210408,000000,5.73,5.8,5.73,5.8,1040,0
SVRS,D,20210409,000000,5.77,5.77,5.77,5.77,33,0
SVRS,D,20210412,000000,5.8,5.8,5.8,5.8,31,0
SVRS,D,20210413,000000,5.8,6.06,5.8,6.06,1326,0
SVRS,D,20210414,000000,6.07,6.3,6.07,6.3,1586,0
SVRS,D,20210415,000000,6.3,6.93,6.3,6.93,950,0
SVRS,D,20210416,000000,6.5,6.5,6.5,6.5,35,0
SVRS,D,20210419,000000,6.4,6.4,5.91,6,3514,0
SVRS,D,20210420,000000,6,6,5.8,5.8,1639,0
SVRS,D,20210421,000000,5.99,5.99,5.99,5.99,24,0
SVRS,D,20210422,000000,5.99,5.99,5.99,5.99,17,0
SVRS,D,20210423,000000,5.99,5.99,5.4,5.4,3027,0
SVRS,D,20210426,000000,5.4,5.4,5.4,5.4,21,0
SVRS,D,20210427,000000,5.4,5.4,5.39,5.39,27,0
SVRS,D,20210428,000000,5.39,5.526,5.39,5.526,13057,0
SVRS,D,20210429,000000,5.526,6,5.526,5.8,87462,0
SVRS,D,20210430,000000,5.8,5.8,5.8,5.8,31,0
SVRS,D,20210504,000000,5.71,5.95,5.71,5.95,1000,0
SVRS,D,20210505,000000,6,6,6,6,18,0
SVRS,D,20210506,000000,6,6,6,6,20,0
SVRS,D,20210507,000000,6,6,6,6,17,0
SVRS,D,20210510,000000,6,6,6,6,18,0
SVRS,D,20210511,000000,6,6,5.65,5.65,260,0
SVRS,D,20210512,000000,6,6,6,6,16,0
SVRS,D,20210513,000000,6,6,6,6,10,0
SVRS,D,20210514,000000,6,6,6,6,10,0
SVRS,D,20210517,000000,6,6,6,6,14,0
SVRS,D,20210518,000000,6,6,6,6,16,0
SVRS,D,20210519,000000,6,6,6,6,19,0
SVRS,D,20210520,000000,6,6,5.85,5.85,1604,0
SVRS,D,20210521,000000,5.85,5.85,5.85,5.85,32,0
SVRS,D,20210524,000000,5.85,5.851,5.85,5.851,184,0
SVRS,D,20210525,000000,5.95,6.2,5.95,6.2,1500,0
SVRS,D,20210526,000000,6.3,6.5,6.3,6.4,860,0
SVRS,D,20210528,000000,6.3,6.3,6.3,6.3,35,0
SVRS,D,20210531,000000,6.302,6.455,6.3,6.3,2191,0
SVRS,D,20210602,000000,6.3,6.4,6.3,6.4,503,0
SVRS,D,20210604,000000,6.6,6.8,6.6,6.8,2400,0
SVRS,D,20210607,000000,6.95,6.95,6.95,6.95,1100,0
SVRS,D,20210608,000000,7.4,7.4,7.4,7.4,2,0
SVRS,D,20210609,000000,7.28,7.28,7.28,7.28,150,0
SVRS,D,20210610,000000,7.4,7.875,7.4,7.875,2842,0
SVRS,D,20210611,000000,7.875,8.09,7.875,8.08,2358,0
SVRS,D,20210614,000000,8.5,8.6,8.4,8.5,2973,0
SVRS,D,20210615,000000,8.6,8.6,8.4,8.4,952,0
SVRS,D,20210616,000000,8.6,8.6,8.05,8.1,1352,0
SVRS,D,20210617,000000,7.75,7.75,7.75,7.75,980,0
SVRS,D,20210618,000000,7.75,7.75,7.75,7.75,2,0
SVRS,D,20210621,000000,7.75,7.75,7.75,7.75,2,0
SVRS,D,20210622,000000,7.75,7.75,7.75,7.75,2,0
SVRS,D,20210623,000000,7.75,7.75,7.75,7.75,2,0
SVRS,D,20210624,000000,7.75,7.8,7.75,7.8,502,0
SVRS,D,20210625,000000,7.8,8.19,7.8,8.19,1919,0
SVRS,D,20210628,000000,8.6,8.6,8.2,8.2,7555,0
SVRS,D,20210705,000000,8.6,8.6,8.6,8.6,12,0
SVRS,D,20210706,000000,8.6,8.6,8.6,8.6,14,0
SVRS,D,20210707,000000,8.6,8.6,8.6,8.6,13,0
SVRS,D,20210708,000000,8.6,8.6,8.6,8.6,12,0
SVRS,D,20210709,000000,8.6,8.6,8.6,8.6,14,0
SVRS,D,20210712,000000,8.6,8.6,8.6,8.6,11,0
SVRS,D,20210713,000000,8.3,8.3,8.3,8.3,10,0
SVRS,D,20210714,000000,8.3,8.3,8.3,8.3,12,0
SVRS,D,20210715,000000,8.3,8.3,8.3,8.3,12,0
SVRS,D,20210716,000000,8.3,8.3,8.3,8.3,8,0
SVRS,D,20210719,000000,8.3,8.3,8.3,8.3,7,0
SVRS,D,20210720,000000,8.3,8.3,7.86,8,1061,0
SVRS,D,20210721,000000,7.9,7.9,7.559,7.559,1010,0
SVRS,D,20210723,000000,7.559,7.559,7.35,7.546,1360,0
SVRS,D,20210726,000000,7.55,7.55,7.367,7.367,1060,0
SVRS,D,20210728,000000,7.4,7.955,7.4,7.612,2023,0
SVRS,D,20210730,000000,7.799,7.98,7.4,7.4,3444,0
SVRS,D,20210802,000000,7.75,8.095,7.75,8.095,300,0
SVRS,D,20210803,000000,8.09,8.094,7.8,7.8,1170,0
SVRS,D,20210804,000000,7.801,8,7.5,7.5,2290,0
SVRS,D,20210809,000000,7.73,7.73,7.669,7.669,365,0
SVRS,D,20210811,000000,7.73,7.73,7.73,7.73,16,0
SVRS,D,20210812,000000,7.73,7.73,7.73,7.73,17,0
SVRS,D,20210813,000000,7.73,7.73,7.73,7.73,13,0
SVRS,D,20210816,000000,7.9,7.9,7.9,7.9,16,0
SVRS,D,20210817,000000,7.9,7.9,7.9,7.9,14,0
SVRS,D,20210819,000000,7.9,7.9,7.9,7.9,18,0
SVRS,D,20210820,000000,7.9,7.9,7.9,7.9,15,0
SVRS,D,20210824,000000,8.4,8.4,8.4,8.4,17,0
SVRS,D,20210825,000000,8.4,8.4,8.4,8.4,20,0
SVRS,D,20210826,000000,8.3,8.3,8.3,8.3,14,0
SVRS,D,20210827,000000,8.3,8.3,8.3,8.3,2,0
SVRS,D,20210830,000000,8.4,8.4,8.4,8.4,16,0
SVRS,D,20210831,000000,8.2,8.2,8.2,8.2,18,0
SVRS,D,20210901,000000,8.2,8.2,8.2,8.2,15,0
SVRS,D,20210902,000000,8.2,8.2,8.2,8.2,17,0
SVRS,D,20210903,000000,8.2,8.2,8.2,8.2,2,0
SVRS,D,20210906,000000,8.2,8.2,8.2,8.2,2,0
SVRS,D,20210907,000000,8.2,8.2,8.2,8.2,2,0
SVRS,D,20210908,000000,8.2,8.2,8.2,8.2,2,0
SVRS,D,20210909,000000,8.2,8.2,8.2,8.2,2,0
SVRS,D,20210910,000000,8.2,8.2,8.2,8.2,2,0
SVRS,D,20210913,000000,8.2,8.2,8.2,8.2,2,0
SVRS,D,20210914,000000,8.2,8.2,8.2,8.2,2,0
SVRS,D,20210915,000000,8.2,8.2,8.2,8.2,2,0
SVRS,D,20210916,000000,8.195,8.195,7.51,7.51,2019,0
SVRS,D,20210917,000000,7.7,7.7,7.7,7.7,980,0
SVRS,D,20210920,000000,7.699,7.699,7.699,7.699,980,0
SVRS,D,20210921,000000,7.44,7.44,7.44,7.44,2050,0
SVRS,D,20210929,000000,7.349,7.349,7.11,7.11,1052,0
SVRS,D,20210930,000000,7.349,7.349,7,7,502,0
SVRS,D,20211001,000000,6.9,6.9,6.8,6.9,3212,0
SVRS,D,20211005,000000,6.769,6.77,6.46,6.46,2555,0
SVRS,D,20211006,000000,6.46,6.46,5.82,6.08,8233,0
SVRS,D,20211007,000000,6,6,5.82,5.949,8664,0
SVRS,D,20211008,000000,5.949,5.949,5.9,5.9,809,0
SVRS,D,20211011,000000,6,6,5.75,5.75,1232,0
SVRS,D,20211012,000000,5.949,5.949,5.6,5.6,5910,0
SVRS,D,20211013,000000,5.7,5.7,5.61,5.61,210,0
SVRS,D,20211014,000000,5.7,5.7,5.667,5.667,210,0
SVRS,D,20211015,000000,5.7,5.7,5.68,5.68,210,0
SVRS,D,20211018,000000,5.7,5.7,5.6,5.6,2510,0
SVRS,D,20211019,000000,5.7,5.7,5.5,5.5,9460,0
SVRS,D,20211020,000000,5.7,5.7,5.6,5.6,212,0
SVRS,D,20211021,000000,5.7,5.7,5.7,5.7,10,0
SVRS,D,20211022,000000,5.7,5.7,5.7,5.7,10,0
SVRS,D,20211025,000000,5.7,5.7,5.7,5.7,10,0
SVRS,D,20211026,000000,5.7,5.7,5.7,5.7,10,0
SVRS,D,20211027,000000,5.7,5.7,5.7,5.7,10,0
SVRS,D,20211028,000000,5.7,5.7,5.7,5.7,10,0
SVRS,D,20211029,000000,5.7,5.7,5.39,5.7,10664,0
SVRS,D,20211102,000000,6,6,5.5,5.5,910,0
SVRS,D,20211108,000000,5.699,5.7,5.45,5.45,2015,0
SVRS,D,20211109,000000,5.699,5.699,5.355,5.355,1910,0
SVRS,D,20211110,000000,5.548,5.548,5.3,5.3,1610,0
SVRS,D,20211112,000000,5.311,5.45,5.311,5.45,1000,0
SVRS,D,20211116,000000,5.499,5.499,5.307,5.307,1876,0
SVRS,D,20211117,000000,5.5,5.5,5.5,5.5,750,0
SVRS,D,20211118,000000,5.5,5.5,5.4,5.4,1010,0
SVRS,D,20211123,000000,5.401,5.401,5.401,5.401,1500,0
SVRS,D,20211124,000000,5.41,5.41,5.41,5.41,10,0
SVRS,D,20211125,000000,5.41,5.5,5.41,5.5,37,0
SVRS,D,20211126,000000,5.55,5.55,5.41,5.41,90097,0
SVRS,D,20211129,000000,5.6,6.101,5.6,6.1,12528,0
SVRS,D,20211130,000000,6.2,6.2,6.2,6.2,16,0
SVRS,D,20211201,000000,6.7,6.7,6.7,6.7,1508,0
SVRS,D,20211202,000000,6.7,6.9,6.7,6.9,3085,0
SVRS,D,20211203,000000,6.999,6.999,6.7,6.7,3,0
SVRS,D,20211206,000000,6.7,6.7,6.7,6.7,6370,0
SVRS,D,20211210,000000,6.61,6.61,6.59,6.59,17450,0
SVRS,D,20211213,000000,6.59,6.59,6.59,6.59,2,0
SVRS,D,20211216,000000,6.824,7.03,6.824,6.9,3900,0
SVRS,D,20211217,000000,7.34,7.34,6.8,6.9,3502,0
SVRS,D,20211220,000000,7.38,7.38,6.67,6.67,12,0
SVRS,D,20211229,000000,6.67,6.67,6.67,6.67,273,0
SVRS,D,20220103,000000,6.68,6.68,6.68,6.68,1200,0
SVRS,D,20220107,000000,6.8,7.8,6.8,7.8,1480,0
SVRS,D,20220111,000000,7.799,7.799,7.799,7.799,10,0
SVRS,D,20220112,000000,7.79,7.9,7.76,7.9,31530,0
SVRS,D,20220113,000000,7.9,7.9,7.2,7.301,15711,0
SVRS,D,20220114,000000,7.45,7.45,7.45,7.45,10,0
SVRS,D,20220117,000000,7.9,7.9,7.3,7.3,8615,0
SVRS,D,20220118,000000,7.3,7.3,7.3,7.3,22,0
SVRS,D,20220119,000000,7.3,7.3,7.3,7.3,18,0
SVRS,D,20220120,000000,7.3,7.3,7.3,7.3,14,0
SVRS,D,20220121,000000,7.16,7.16,7.16,7.16,12,0
SVRS,D,20220124,000000,7.3,7.9,7.2,7.2,7285,0
SVRS,D,20220125,000000,7.1,7.1,7.1,7.1,19,0
SVRS,D,20220126,000000,7.05,7.05,7.05,7.05,12,0
SVRS,D,20220127,000000,7.05,7.05,7.04,7.049,10012,0
SVRS,D,20220128,000000,7,7,7,7,22,0
SVRS,D,20220131,000000,7,7,7,7,12,0
SVRS,D,20220201,000000,6.9,6.9,6.9,6.9,30,0
SVRS,D,20220203,000000,6.999,7.15,6.999,7.15,1012,0
SVRS,D,20220204,000000,7.1,7.1,7.1,7.1,16,0
SVRS,D,20220207,000000,7.1,7.9,7.1,7.9,3035,0
SVRS,D,20220208,000000,7.739,7.9,7.1,7.9,6657,0
SVRS,D,20220209,000000,7.9,7.9,7,7.9,6600,0
SVRS,D,20220210,000000,7.9,7.9,7,7.29,1629,0
SVRS,D,20220211,000000,7.2,7.2,7.2,7.2,157,0
SVRS,D,20220214,000000,7.05,7.05,7.05,7.05,13,0
SVRS,D,20220215,000000,7.05,7.05,7.05,7.05,12,0
SVRS,D,20220216,000000,7.05,7.05,7.05,7.05,19,0
SVRS,D,20220217,000000,7.05,7.05,7.05,7.05,1504,0
SVRS,D,20220218,000000,7.05,7.05,7,7,1110,0
SVRS,D,20220224,000000,6.9,6.9,6.9,6.9,21,0
SVRS,D,20220225,000000,6.8,6.8,6.8,6.8,10,0
SVRS,D,20220228,000000,6.8,6.8,6.8,6.8,8,0
SVRS,D,20220301,000000,6.8,6.8,6.8,6.8,7,0
SVRS,D,20220302,000000,6.8,6.8,6.8,6.8,9,0
SVRS,D,20220303,000000,6.8,6.8,6.8,6.8,8,0
SVRS,D,20220304,000000,6.8,6.8,6.8,6.8,2,0
SVRS,D,20220307,000000,6.8,6.8,6.8,6.8,2,0
SVRS,D,20220308,000000,6.8,6.8,6.8,6.8,2,0
SVRS,D,20220309,000000,6.8,6.8,6.8,6.8,2,0
SVRS,D,20220310,000000,6.8,6.8,6.8,6.8,2,0
SVRS,D,20220311,000000,6.8,6.8,6.8,6.8,2,0
SVRS,D,20220314,000000,6.8,6.8,6.8,6.8,2,0
SVRS,D,20220315,000000,6.69,6.69,6.69,6.69,2,0
SVRS,D,20220316,000000,6.8,6.8,6.4,6.4,1202,0
SVRS,D,20220317,000000,6.59,6.59,6.59,6.59,2,0
SVRS,D,20220318,000000,6.59,6.59,6.59,6.59,2,0
SVRS,D,20220321,000000,6.58,6.58,6.41,6.41,4,0
SVRS,D,20220322,000000,6.58,6.58,6,6.1,1404,0
SVRS,D,20220323,000000,6,6,6,6,2,0
SVRS,D,20220324,000000,6.1,6.1,5.6,5.6,3002,0
SVRS,D,20220325,000000,5.599,5.599,5.41,5.41,142,0
SVRS,D,20220328,000000,5.549,5.549,5.549,5.549,2,0
SVRS,D,20220329,000000,5.3,5.3,5.3,5.3,1498,0
SVRS,D,20220331,000000,5.3,5.3,5.06,5.06,1602,0
SVRS,D,20220401,000000,5.3,5.3,5.3,5.3,12,0
SVRS,D,20220404,000000,5.3,5.3,5.1,5.1,1002,0
SVRS,D,20220405,000000,5.3,5.3,5.3,5.3,11,0
SVRS,D,20220406,000000,5.3,5.3,5,5,1718,0
SVRS,D,20220407,000000,5,5,5,5,12,0
SVRS,D,20220408,000000,4.9,4.9,4.9,4.9,11,0
SVRS,D,20220411,000000,4.9,4.9,4.8,4.8,225,0
SVRS,D,20220412,000000,4.8,4.8,4.76,4.77,2817,0
SVRS,D,20220413,000000,4.76,4.76,4.56,4.56,516,0
SVRS,D,20220414,000000,4.64,4.64,4.64,4.64,180,0
SVRS,D,20220419,000000,4.64,4.64,4.64,4.64,1000,0
SVRS,D,20220421,000000,4.6,4.74,4.6,4.74,5000,0
SVRS,D,20220422,000000,4.7,4.7,4.7,4.7,18,0
SVRS,D,20220426,000000,4.74,4.74,4.6,4.6,24000,0
SVRS,D,20220427,000000,4.74,4.74,4.56,4.56,25300,0
SVRS,D,20220428,000000,4.74,4.74,4.54,4.54,1692,0
SVRS,D,20220506,000000,4.58,4.6,4.58,4.6,250,0
SVRS,D,20220509,000000,4.6,4.6,4.28,4.28,3786,0
SVRS,D,20220510,000000,4.06,4.12,4.06,4.12,400,0
SVRS,D,20220512,000000,4.16,4.16,4.16,4.16,239,0
SVRS,D,20220519,000000,4.24,4.24,4.24,4.24,1919,0
SVRS,D,20220526,000000,4.24,4.24,3.98,3.98,10267,0
SVRS,D,20220527,000000,4.08,4.08,4,4,13321,0
SVRS,D,20220530,000000,4.08,4.08,4,4,3310,0
SVRS,D,20220531,000000,4.08,4.08,3.96,3.96,1455,0
SVRS,D,20220601,000000,3.96,3.96,3.92,3.92,2002,0
SVRS,D,20220602,000000,4,4,3.9,3.9,626,0
SVRS,D,20220603,000000,4,4,3.84,3.84,2007,0
SVRS,D,20220606,000000,4,4,3.8,3.8,30,0
SVRS,D,20220607,000000,3.78,3.78,3.46,3.46,12660,0
SVRS,D,20220608,000000,3.46,3.56,3.4,3.44,573289,0
SVRS,D,20220610,000000,3.42,3.44,3.42,3.44,1500,0
SVRS,D,20220613,000000,3.42,3.42,3.4,3.42,23635,0
SVRS,D,20220614,000000,3.42,3.42,3.34,3.34,21040,0
SVRS,D,20220615,000000,3.42,3.42,3.34,3.34,17353,0
SVRS,D,20220617,000000,3.36,3.36,3.36,3.36,20,0
SVRS,D,20220620,000000,3.36,3.6,3.36,3.6,2869,0
SVRS,D,20220621,000000,3.6,3.66,3.6,3.66,2325,0
SVRS,D,20220622,000000,3.66,4,3.66,3.9,1048,0
SVRS,D,20220627,000000,3.9,3.9,3.9,3.9,2000,0
SVRS,D,20220628,000000,4.12,4.12,4.12,4.12,1825,0
SVRS,D,20220629,000000,4.2,4.2,4.2,4.2,1205,0
SVRS,D,20220630,000000,4.32,4.32,4.32,4.32,2305,0
SVRS,D,20220701,000000,4.38,4.64,4.38,4.64,3463,0
SVRS,D,20220706,000000,4.62,4.62,4.62,4.62,1645,0
SVRS,D,20220708,000000,4.62,4.62,4.62,4.62,215,0
SVRS,D,20220711,000000,4.62,4.62,4.62,4.62,1777,0
SVRS,D,20220712,000000,4.72,4.72,4.72,4.72,1627,0
SVRS,D,20220713,000000,4.72,4.72,4.72,4.72,22,0
SVRS,D,20220714,000000,4.9,5.1,4.9,5.1,3071,0
SVRS,D,20220715,000000,5.35,6,5.35,6,1949,0
SVRS,D,20220718,000000,6,6,5.5,5.5,1892,0
SVRS,D,20220720,000000,5.5,5.65,5.5,5.65,456,0
SVRS,D,20220721,000000,5.6,5.6,5.6,5.6,14,0
SVRS,D,20220722,000000,5.6,5.65,5.6,5.65,450,0
SVRS,D,20220725,000000,5.5,5.5,5.4,5.4,3025,0
SVRS,D,20220726,000000,5.4,5.4,5.25,5.25,2107,0
SVRS,D,20220727,000000,5.25,5.25,5.25,5.25,10,0
SVRS,D,20220728,000000,5.25,5.25,5.25,5.25,10,0
SVRS,D,20220729,000000,5.25,5.25,5.25,5.25,10,0
SVRS,D,20220801,000000,5.1,5.1,4.78,4.78,3800,0
SVRS,D,20220802,000000,4.9,4.9,4.66,4.72,750,0
SVRS,D,20220803,000000,4.7,4.7,4.7,4.7,1000,0
SVRS,D,20220804,000000,4.8,4.82,4.8,4.82,60,0
SVRS,D,20220808,000000,4.8,4.82,4.8,4.82,100,0
SVRS,D,20220810,000000,4.8,4.82,4.8,4.82,203,0
SVRS,D,20220812,000000,4.8,4.82,4.8,4.82,1679,0
SVRS,D,20220818,000000,5,5,5,5,1526,0
SVRS,D,20220822,000000,5.05,5.05,5.05,5.05,1000,0
SVRS,D,20220824,000000,5,5,5,5,26,0
SVRS,D,20220829,000000,5,5,5,5,25,0
SVRS,D,20220830,000000,5.05,5.05,5.05,5.05,20,0
SVRS,D,20220831,000000,5.1,5.1,4.92,4.92,215,0
SVRS,D,20220902,000000,5,5,5,5,129,0
SVRS,D,20220905,000000,4.98,4.98,4.84,4.84,961,0
SVRS,D,20220908,000000,5,5,5,5,202,0
SVRS,D,20220909,000000,5,5,5,5,1000,0
SVRS,D,20220912,000000,5,5,5,5,12,0
SVRS,D,20220913,000000,5,5,5,5,1002,0
SVRS,D,20220914,000000,5,5,5,5,15,0
SVRS,D,20220915,000000,5,5,5,5,1,0
SVRS,D,20220916,000000,5,5,5,5,1,0
SVRS,D,20220919,000000,4.82,5,4.82,5,3672,0
SVRS,D,20220920,000000,5,5,5,5,1,0
SVRS,D,20220921,000000,5,5.15,4.98,4.98,3773,0
SVRS,D,20220922,000000,5,5,4.76,4.76,1631,0
SVRS,D,20220923,000000,5,5,5,5,1,0
SVRS,D,20220926,000000,5,5,5,5,1,0
SVRS,D,20220927,000000,5,5,5,5,1,0
SVRS,D,20220928,000000,5,5,5,5,1,0
SVRS,D,20220929,000000,5,5,4.98,4.98,101,0
SVRS,D,20220930,000000,5,5,5,5,1,0
SVRS,D,20221003,000000,5,5,5,5,9,0
SVRS,D,20221004,000000,5,5,5,5,8,0
SVRS,D,20221005,000000,5,5,5,5,13,0
SVRS,D,20221006,000000,5,5,4.98,4.98,376,0
SVRS,D,20221007,000000,4.98,5.5,4.98,5.5,5050,0
SVRS,D,20221011,000000,5.5,5.5,5.5,5.5,1480,0
SVRS,D,20221018,000000,5.5,5.5,5.5,5.5,377,0
SVRS,D,20221019,000000,5.5,5.65,5.5,5.65,5062,0
SVRS,D,20221020,000000,5.5,5.55,5.5,5.55,5018,0
SVRS,D,20221021,000000,5.5,5.5,5.5,5.5,15,0
SVRS,D,20221024,000000,5.55,5.55,5.5,5.5,1740,0
SVRS,D,20221025,000000,5.5,5.5,5.5,5.5,13,0
SVRS,D,20221026,000000,5.5,5.5,5.5,5.5,468,0
SVRS,D,20221027,000000,5.5,5.5,5.45,5.45,1577,0
SVRS,D,20221028,000000,5.5,5.5,5.5,5.5,14,0
SVRS,D,20221031,000000,5.45,5.45,5.25,5.4,2199,0
SVRS,D,20221102,000000,5.4,5.4,5.4,5.4,47,0
SVRS,D,20221103,000000,5.5,5.5,5.5,5.5,2500,0
SVRS,D,20221104,000000,5.5,5.5,5.5,5.5,6,0
SVRS,D,20221107,000000,5.5,5.5,5.5,5.5,16,0
SVRS,D,20221108,000000,5.5,5.5,5.5,5.5,385,0
SVRS,D,20221109,000000,5.5,5.5,5.5,5.5,2016,0
SVRS,D,20221110,000000,5.5,5.5,5.5,5.5,15,0
SVRS,D,20221114,000000,5.5,5.5,5.5,5.5,11,0
SVRS,D,20221115,000000,5.5,5.5,5.5,5.5,135,0
SVRS,D,20221116,000000,5.5,5.5,5.5,5.5,17,0
SVRS,D,20221117,000000,5.5,5.5,5.5,5.5,1216,0
SVRS,D,20221118,000000,5.5,5.5,5.5,5.5,13,0
SVRS,D,20221121,000000,5.5,5.5,5.5,5.5,6,0
SVRS,D,20221125,000000,5.45,5.45,5.45,5.45,1811,0
SVRS,D,20221128,000000,5.45,5.45,5.45,5.45,1462,0
SVRS,D,20221129,000000,5.45,5.45,5.45,5.45,3104,0
SVRS,D,20221130,000000,5.45,5.45,5.45,5.45,772,0
SVRS,D,20221201,000000,5.45,5.45,5.35,5.4,12031,0
SVRS,D,20221202,000000,5.4,5.4,5.25,5.25,11523,0
SVRS,D,20221205,000000,5.25,5.25,5.25,5.25,24,0
SVRS,D,20221206,000000,5.25,5.25,5.25,5.25,4,0
SVRS,D,20221207,000000,5.25,5.25,5.05,5.05,1319,0
SVRS,D,20221208,000000,5.25,5.25,5.2,5.2,504,0
SVRS,D,20221209,000000,5.25,5.25,5.25,5.25,4071,0
SVRS,D,20221212,000000,5.45,5.45,5.45,5.45,4,0
SVRS,D,20221213,000000,5.45,5.45,5.45,5.45,4,0
SVRS,D,20221214,000000,5.45,5.45,5.45,5.45,4,0
SVRS,D,20221215,000000,5.45,5.45,5.45,5.45,4,0
SVRS,D,20221216,000000,5.45,5.45,5.45,5.45,2,0
SVRS,D,20221219,000000,5.45,5.45,5.45,5.45,4,0
SVRS,D,20221220,000000,5.45,5.45,5.45,5.45,4,0
SVRS,D,20221221,000000,5.45,5.45,5.45,5.45,4,0
SVRS,D,20221222,000000,5.45,5.45,5.45,5.45,4,0
SVRS,D,20221223,000000,5.45,5.45,5.45,5.45,2,0
SVRS,D,20221227,000000,5.45,5.45,5.45,5.45,4,0
SVRS,D,20221228,000000,5.45,5.45,5.45,5.45,4,0
SVRS,D,20221229,000000,5.45,5.45,5.45,5.45,4,0
SVRS,D,20221230,000000,5.2,5.2,5.2,5.2,1000,0
SVRS,D,20230102,000000,5.05,5.05,5.05,5.05,7015,0
SVRS,D,20230103,000000,5.25,5.25,5.25,5.25,14,0
SVRS,D,20230104,000000,5.1,5.1,5.1,5.1,12,0
SVRS,D,20230105,000000,5.1,5.1,5.1,5.1,15,0
SVRS,D,20230109,000000,5.1,5.1,5,5,12,0
SVRS,D,20230110,000000,5,5,5,5,15,0
SVRS,D,20230111,000000,5,5,5,5,14,0
SVRS,D,20230112,000000,5,5,5,5,15,0
SVRS,D,20230113,000000,5,5,5,5,16,0
SVRS,D,20230116,000000,5,5,5,5,285,0
SVRS,D,20230117,000000,5,5,5,5,14,0
SVRS,D,20230118,000000,5,5,5,5,18,0
SVRS,D,20230119,000000,5,5,5,5,13,0
SVRS,D,20230120,000000,5,5,5,5,18,0
SVRS,D,20230123,000000,5,5,5,5,37,0
SVRS,D,20230124,000000,5,5,5,5,15,0
SVRS,D,20230125,000000,5,5,5,5,14,0
SVRS,D,20230126,000000,5,5,5,5,16,0
SVRS,D,20230127,000000,5,5,5,5,11,0
SVRS,D,20230130,000000,5,5,5,5,14,0
SVRS,D,20230131,000000,5,5,5,5,15,0
SVRS,D,20230201,000000,4.98,4.98,4.9,4.98,23,0
SVRS,D,20230202,000000,4.98,4.98,4.98,4.98,13,0
SVRS,D,20230203,000000,4.98,4.98,4.9,4.9,299,0
SVRS,D,20230206,000000,4.98,5,4.86,5,2168,0
SVRS,D,20230207,000000,5,5,5,5,16,0
SVRS,D,20230208,000000,5,5,5,5,14,0
SVRS,D,20230209,000000,5,5,4.86,5,1570,0
SVRS,D,20230210,000000,5,5,4.86,5,31544,0
SVRS,D,20230213,000000,5.25,5.25,5,5,16,0
SVRS,D,20230214,000000,5,5,5,5,13012,0
SVRS,D,20230215,000000,5,5,5,5,13,0
SVRS,D,20230216,000000,5,5,5,5,13,0
SVRS,D,20230217,000000,5,5,5,5,13,0
SVRS,D,20230220,000000,5,5,5,5,25,0
SVRS,D,20230221,000000,5,5,5,5,10,0
SVRS,D,20230222,000000,5,5,5,5,5,0
SVRS,D,20230223,000000,5,5,5,5,10,0
SVRS,D,20230224,000000,5,5,5,5,10,0
SVRS,D,20230227,000000,5,5,5,5,6,0
SVRS,D,20230228,000000,4.98,4.98,4.98,4.98,4,0
SVRS,D,20230301,000000,4.98,4.98,4.98,4.98,4,0
SVRS,D,20230302,000000,4.98,4.98,4.98,4.98,4,0
SVRS,D,20230303,000000,4.98,4.98,4.74,4.74,2080,0
SVRS,D,20230306,000000,4.98,4.98,4.6,4.6,502,0
SVRS,D,20230307,000000,4.98,4.98,4.74,4.74,3,0
SVRS,D,20230308,000000,4.76,4.76,4.76,4.76,1776,0
SVRS,D,20230309,000000,4.76,4.76,4.76,4.76,504,0
SVRS,D,20230310,000000,4.76,4.76,4.58,4.6,14859,0
SVRS,D,20230313,000000,4.6,4.6,4.6,4.6,4,0
SVRS,D,20230314,000000,4.6,4.6,4.6,4.6,754,0
SVRS,D,20230315,000000,4.6,4.6,4.6,4.6,4,0
SVRS,D,20230316,000000,4.48,4.48,4.48,4.48,25,0
SVRS,D,20230317,000000,4.54,4.54,4.54,4.54,4,0
SVRS,D,20230320,000000,4.7,4.7,4.7,4.7,3494,0
SVRS,D,20230321,000000,4.98,5,4.86,5,6623,0
SVRS,D,20230322,000000,5,5,5,5,4,0
SVRS,D,20230328,000000,4.96,4.96,4.96,4.96,5,0
SVRS,D,20230329,000000,4.96,4.96,4.64,4.64,5,0
SVRS,D,20230330,000000,4.64,4.64,4.64,4.64,4,0
SVRS,D,20230331,000000,4.64,4.66,4.64,4.64,2402,0
SVRS,D,20230403,000000,4.64,4.66,4.64,4.66,11,0
SVRS,D,20230404,000000,4.94,4.94,4.64,4.64,1100,0
SVRS,D,20230405,000000,4.64,4.64,4.64,4.64,19,0
SVRS,D,20230406,000000,4.64,4.88,4.64,4.88,16,0
SVRS,D,20230411,000000,4.88,4.9,4.88,4.9,1769,0
SVRS,D,20230412,000000,4.88,4.88,4.88,4.88,113,0
SVRS,D,20230413,000000,4.86,4.9,4.86,4.9,16,0
SVRS,D,20230414,000000,4.88,4.88,4.88,4.88,16,0
SVRS,D,20230417,000000,4.88,4.88,4.64,4.64,1985,0
SVRS,D,20230418,000000,4.88,4.88,4.88,4.88,14,0
SVRS,D,20230419,000000,4.9,4.9,4.9,4.9,15,0
SVRS,D,20230420,000000,4.8,4.8,4.5,4.5,1689,0
SVRS,D,20230421,000000,4.5,4.5,4.5,4.5,1667,0
SVRS,D,20230424,000000,4.44,4.44,4.44,4.44,225,0
SVRS,D,20230427,000000,4.44,4.44,4.44,4.44,8,0
SVRS,D,20230518,000000,4.4,4.4,4.36,4.36,205,0
SVRS,D,20230519,000000,4.36,4.36,4.36,4.36,1502,0
SVRS,D,20230529,000000,4.46,4.56,4.46,4.56,3378,0
SVRS,D,20230530,000000,4.58,4.6,4.52,4.52,3638,0
SVRS,D,20230602,000000,4.52,4.52,4.52,4.52,1000,0
SVRS,D,20230605,000000,4.52,4.52,4.52,4.52,16,0
SVRS,D,20230606,000000,4.6,4.6,4.6,4.6,16,0
SVRS,D,20230607,000000,4.6,4.6,4.6,4.6,16,0
SVRS,D,20230609,000000,4.6,4.6,4.46,4.46,225,0
SVRS,D,20230612,000000,4.6,4.6,4.6,4.6,16,0
SVRS,D,20230613,000000,4.6,4.6,4.6,4.6,927,0
SVRS,D,20230614,000000,4.6,4.6,4.6,4.6,16,0
SVRS,D,20230615,000000,4.6,4.6,4.6,4.6,984,0
SVRS,D,20230616,000000,4.64,4.64,4.64,4.64,500,0
SVRS,D,20230619,000000,4.6,4.6,4.6,4.6,15,0
SVRS,D,20230620,000000,4.6,4.64,4.6,4.64,997,0
SVRS,D,20230621,000000,4.64,4.64,4.64,4.64,16,0
SVRS,D,20230622,000000,4.64,4.7,4.64,4.7,719,0
SVRS,D,20230623,000000,4.6,4.68,4.6,4.68,11900,0
SVRS,D,20230626,000000,4.68,4.68,4.68,4.68,16,0
SVRS,D,20230627,000000,4.6,4.6,4.6,4.6,1007,0
SVRS,D,20230628,000000,4.6,4.6,4.18,4.18,10471,0
SVRS,D,20230629,000000,4.3,4.3,4.3,4.3,1745,0
SVRS,D,20230630,000000,4.36,4.36,4.36,4.36,1737,0
SVRS,D,20230706,000000,4.54,4.54,4.54,4.54,463,0
SVRS,D,20230710,000000,4.5,4.5,4.5,4.5,468,0
SVRS,D,20230711,000000,4.5,4.5,4.5,4.5,19,0
SVRS,D,20230712,000000,4.5,4.5,4.46,4.46,319,0
SVRS,D,20230713,000000,4.4,4.4,4.34,4.34,100,0
SVRS,D,20230714,000000,4.46,4.46,4.46,4.46,12,0
SVRS,D,20230717,000000,4.46,4.46,4.46,4.46,10,0
SVRS,D,20230718,000000,4.46,4.46,4.46,4.46,19,0
SVRS,D,20230719,000000,4.46,4.46,4.46,4.46,16,0
SVRS,D,20230720,000000,4.46,4.46,4.46,4.46,16,0
SVRS,D,20230721,000000,4.46,4.46,4.46,4.46,16,0
SVRS,D,20230724,000000,4.46,4.46,4.46,4.46,16,0
SVRS,D,20230725,000000,4.46,4.46,4.46,4.46,16,0
SVRS,D,20230726,000000,4.4,4.4,4.4,4.4,200,0
SVRS,D,20230727,000000,4.46,4.46,4.46,4.46,22,0
SVRS,D,20230728,000000,4.46,4.46,4.46,4.46,15,0
SVRS,D,20230731,000000,4.46,4.46,4.46,4.46,16,0
SVRS,D,20230803,000000,4.48,4.48,4.48,4.48,5005,0
SVRS,D,20230804,000000,4.48,4.48,4.48,4.48,16,0
SVRS,D,20230807,000000,4.48,4.48,4.48,4.48,16,0
SVRS,D,20230808,000000,4.5,4.5,4.5,4.5,13,0
SVRS,D,20230809,000000,4.5,4.5,4.5,4.5,16,0
SVRS,D,20230810,000000,4.5,4.5,4.5,4.5,16,0
SVRS,D,20230811,000000,4.5,4.5,4.5,4.5,16,0
SVRS,D,20230814,000000,4.5,4.5,4.5,4.5,307,0
SVRS,D,20230816,000000,4.5,4.5,4.5,4.5,16,0
SVRS,D,20230817,000000,4.5,4.5,4.5,4.5,16,0
SVRS,D,20230818,000000,4.5,4.5,4.5,4.5,16,0
SVRS,D,20230821,000000,4.5,4.5,4.5,4.5,25,0
SVRS,D,20230822,000000,4.5,4.5,4.5,4.5,2010,0
SVRS,D,20230824,000000,4.5,4.5,4.5,4.5,1185,0
SVRS,D,20230831,000000,4.5,4.5,4.5,4.5,25,0
SVRS,D,20230901,000000,4.42,4.42,4.34,4.34,559,0
SVRS,D,20230907,000000,4.3,4.3,4.3,4.3,65,0
SVRS,D,20230908,000000,4.3,4.3,4.3,4.3,4,0
SVRS,D,20230911,000000,4.3,4.42,4.3,4.42,12056,0
SVRS,D,20230912,000000,4.42,4.42,4.42,4.42,4,0
SVRS,D,20230913,000000,4.42,4.42,4.42,4.42,4,0
SVRS,D,20230914,000000,4.42,4.42,4.42,4.42,4,0
SVRS,D,20230915,000000,4.42,4.42,4.42,4.42,4,0
SVRS,D,20230918,000000,4.42,4.44,4.42,4.44,3374,0
SVRS,D,20230919,000000,4.6,4.6,4.6,4.6,4,0
SVRS,D,20230920,000000,4.6,4.6,4.6,4.6,4,0
SVRS,D,20230921,000000,4.58,4.58,4.58,4.58,4,0
SVRS,D,20230922,000000,4.58,4.58,4.58,4.58,4,0
SVRS,D,20230925,000000,4.58,4.58,4.58,4.58,4,0
SVRS,D,20230926,000000,4.58,4.58,4.32,4.32,504,0
SVRS,D,20230927,000000,4.58,4.58,4.58,4.58,4,0
SVRS,D,20230928,000000,4.58,4.58,4.58,4.58,4,0
SVRS,D,20230929,000000,4.58,4.58,4.58,4.58,4,0
SVRS,D,20231002,000000,4.58,4.58,4.52,4.52,519,0
SVRS,D,20231003,000000,4.58,4.58,4.52,4.52,1516,0
SVRS,D,20231004,000000,4.58,4.58,4.58,4.58,16,0
SVRS,D,20231005,000000,4.58,4.58,4.58,4.58,16,0
SVRS,D,20231006,000000,4.58,4.58,4.58,4.58,16,0
SVRS,D,20231009,000000,4.58,4.58,4.58,4.58,19,0
SVRS,D,20231010,000000,4.58,4.58,4.58,4.58,16,0
SVRS,D,20231011,000000,4.58,4.58,4.58,4.58,4,0
SVRS,D,20231012,000000,4.58,4.58,4.58,4.58,16,0
SVRS,D,20231013,000000,4.58,4.58,4.58,4.58,16,0
SVRS,D,20231016,000000,4.58,4.58,4.4,4.4,2019,0
SVRS,D,20231017,000000,4.58,4.58,4.58,4.58,13,0
SVRS,D,20231018,000000,4.58,4.58,4.58,4.58,16,0
SVRS,D,20231019,000000,4.58,4.58,4.58,4.58,16,0
SVRS,D,20231020,000000,4.58,4.58,4.4,4.4,1834,0
SVRS,D,20231023,000000,4.58,4.58,4.52,4.58,1821,0
SVRS,D,20231024,000000,4.58,4.58,4.58,4.58,16,0
SVRS,D,20231025,000000,4.58,4.58,4.58,4.58,16,0
SVRS,D,20231026,000000,4.58,4.58,4.58,4.58,16,0
SVRS,D,20231027,000000,4.58,4.58,4.58,4.58,16,0
SVRS,D,20231030,000000,4.58,4.58,4.58,4.58,16,0
SVRS,D,20231031,000000,4.44,4.44,4.44,4.44,262,0
SVRS,D,20231102,000000,4.4,4.42,4.4,4.42,316,0
SVRS,D,20231103,000000,4.58,4.58,4.58,4.58,16,0
SVRS,D,20231106,000000,4.58,4.58,4.52,4.52,325,0
SVRS,D,20231107,000000,4.52,4.58,4.52,4.52,1212,0
SVRS,D,20231108,000000,4.58,4.58,4.58,4.58,16,0
SVRS,D,20231109,000000,4.58,4.58,4.58,4.58,16,0
SVRS,D,20231110,000000,4.58,4.58,4.58,4.58,8,0
SVRS,D,20231113,000000,4.58,4.58,4.58,4.58,4,0
SVRS,D,20231114,000000,4.58,4.58,4.58,4.58,4,0
SVRS,D,20231115,000000,4.58,4.58,4.58,4.58,4,0
SVRS,D,20231116,000000,4.58,4.58,4.58,4.58,4,0
SVRS,D,20231117,000000,4.58,4.58,4.58,4.58,4,0
SVRS,D,20231120,000000,4.58,4.58,4.58,4.58,4,0
SVRS,D,20231121,000000,4.7,5,4.7,5,5063,0
SVRS,D,20231122,000000,5.15,5.15,5,5,1004,0
SVRS,D,20231123,000000,5,5,5,5,3498,0
SVRS,D,20231124,000000,4.78,4.78,4.54,4.54,2000,0
SVRS,D,20231127,000000,4.9,4.98,4.54,4.54,2590,0
SVRS,D,20231128,000000,4.54,4.98,4.5,4.5,8934,0
SVRS,D,20231129,000000,4.5,4.5,4.5,4.5,4,0
SVRS,D,20231130,000000,4.5,4.5,4.5,4.5,1492,0
SVRS,D,20231201,000000,4.5,4.5,4.5,4.5,4,0
SVRS,D,20231204,000000,4.5,4.5,4.5,4.5,4,0
SVRS,D,20231205,000000,4.5,4.5,4.5,4.5,4,0
SVRS,D,20231206,000000,4.5,4.5,4.5,4.5,4,0
SVRS,D,20231207,000000,4.5,4.5,4.5,4.5,4,0
SVRS,D,20231208,000000,4.5,4.8,4.5,4.8,3504,0
SVRS,D,20231211,000000,4.8,4.84,4.7,4.7,2599,0
SVRS,D,20231212,000000,4.7,4.7,4.7,4.7,4,0
SVRS,D,20231213,000000,4.7,5.4,4.7,4.7,4023,0
SVRS,D,20231214,000000,4.7,4.7,4.7,4.7,4,0
SVRS,D,20231215,000000,4.7,4.7,4.7,4.7,4,0
SVRS,D,20231218,000000,4.7,4.82,4.7,4.7,3604,0
SVRS,D,20231219,000000,4.7,4.9,4.7,4.9,2304,0
SVRS,D,20231220,000000,4.7,4.7,4.7,4.7,899,0
SVRS,D,20231221,000000,4.7,4.7,4.7,4.7,4,0
SVRS,D,20231222,000000,4.72,4.72,4.72,4.72,4,0
SVRS,D,20231227,000000,5,5,5,5,197455,0
SVRS,D,20231228,000000,5,5,4.92,4.92,8,0
SVRS,D,20231229,000000,5,5,4.92,4.92,8,0
SVRS,D,20240103,000000,5.15,5.15,5.15,5.15,150,0
SVRS,D,20240104,000000,5.3,5.3,4.84,4.84,384,0
SVRS,D,20240105,000000,4.86,4.88,4.86,4.88,112,0
SVRS,D,20240108,000000,4.8,4.8,4.8,4.8,452,0
SVRS,D,20240109,000000,4.8,4.8,4.8,4.8,4,0
SVRS,D,20240110,000000,4.8,4.8,4.8,4.8,3,0
SVRS,D,20240111,000000,4.8,4.8,4.8,4.8,3,0
SVRS,D,20240112,000000,4.8,4.8,4.8,4.8,3,0
SVRS,D,20240115,000000,4.8,4.8,4.8,4.8,3,0
SVRS,D,20240116,000000,4.8,4.8,4.8,4.8,3,0
SVRS,D,20240117,000000,4.8,4.8,4.8,4.8,3,0
SVRS,D,20240118,000000,4.8,4.8,4.8,4.8,3,0
SVRS,D,20240119,000000,4.8,4.8,4.8,4.8,3,0
SVRS,D,20240122,000000,4.8,4.8,4.8,4.8,8,0
SVRS,D,20240123,000000,4.8,4.8,4.8,4.8,3,0
SVRS,D,20240124,000000,4.8,4.8,4.8,4.8,8,0
SVRS,D,20240125,000000,4.8,4.8,4.8,4.8,8,0
SVRS,D,20240126,000000,4.8,4.8,4.8,4.8,3,0
SVRS,D,20240129,000000,4.8,4.8,4.8,4.8,3,0
SVRS,D,20240130,000000,4.8,4.8,4.8,4.8,3,0
SVRS,D,20240131,000000,4.8,4.8,4.8,4.8,3,0
SVRS,D,20240201,000000,4.7,4.7,4.7,4.7,3,0
SVRS,D,20240205,000000,4.86,4.86,4.78,4.78,233,0
SVRS,D,20240208,000000,4.8,4.8,4.78,4.78,1000,0
SVRS,D,20240213,000000,4.88,4.88,4.88,4.88,100,0
SVRS,D,20240215,000000,5.1,5.1,5.1,5.1,3,0
SVRS,D,20240216,000000,4.78,4.78,4.78,4.78,1500,0
SVRS,D,20240219,000000,4.7,4.7,4.7,4.7,3,0
SVRS,D,20240221,000000,4.68,5.1,4.68,5.1,1603,0
SVRS,D,20240222,000000,4.86,4.86,4.86,4.86,3,0
SVRS,D,20240223,000000,4.88,4.88,4.88,4.88,1493,0
SVRS,D,20240226,000000,4.88,4.88,4.88,4.88,7,0
SVRS,D,20240229,000000,4.9,4.9,4.9,4.9,3,0
SVRS,D,20240301,000000,4.9,5.1,4.9,5.1,80,0
SVRS,D,20240305,000000,4.9,4.9,4.9,4.9,199,0
SVRS,D,20240306,000000,4.9,4.9,4.9,4.9,3,0
SVRS,D,20240307,000000,4.9,4.96,4.9,4.96,138,0
SVRS,D,20240308,000000,4.96,5.1,4.96,5.1,1215,0
SVRS,D,20240311,000000,5.05,5.05,5.05,5.05,388,0
SVRS,D,20240312,000000,5.05,5.05,5.05,5.05,3,0
SVRS,D,20240313,000000,5.05,5.05,4.86,4.86,1986,0
SVRS,D,20240314,000000,4.7,4.7,4.58,4.58,603,0
SVRS,D,20240315,000000,4.58,4.58,4.56,4.56,1003,0
SVRS,D,20240318,000000,4.7,4.7,4.7,4.7,3,0
SVRS,D,20240319,000000,4.7,4.7,4.7,4.7,3,0
SVRS,D,20240320,000000,4.7,4.7,4.7,4.7,3,0
SVRS,D,20240321,000000,4.7,4.7,4.4,4.4,1503,0
SVRS,D,20240322,000000,4.7,4.7,4.7,4.7,3,0
SVRS,D,20240325,000000,4.42,4.7,4.42,4.48,6671,0
SVRS,D,20240326,000000,4.7,4.7,4.7,4.7,3,0
SVRS,D,20240327,000000,4.7,4.7,4.7,4.7,3,0
SVRS,D,20240328,000000,4.7,4.7,4.7,4.7,3,0
SVRS,D,20240402,000000,4.7,4.7,4.5,4.66,1997,0
SVRS,D,20240403,000000,4.8,4.8,4.8,4.8,3,0
SVRS,D,20240404,000000,4.5,4.5,4.5,4.5,3,0
SVRS,D,20240405,000000,4.5,4.5,4.5,4.5,3,0
SVRS,D,20240408,000000,4.5,4.5,4.5,4.5,3,0
SVRS,D,20240409,000000,4.5,4.6,4.44,4.44,3233,0
SVRS,D,20240410,000000,4.6,4.6,4.6,4.6,3,0
SVRS,D,20240411,000000,4.6,4.6,4.6,4.6,3,0
SVRS,D,20240412,000000,4.6,4.6,4.6,4.6,362,0
SVRS,D,20240415,000000,4.6,4.7,4.6,4.7,1219,0
SVRS,D,20240416,000000,4.7,4.7,4.7,4.7,3,0
SVRS,D,20240417,000000,4.7,4.7,4.7,4.7,4,0
SVRS,D,20240418,000000,4.7,4.7,4.66,4.66,734,0
SVRS,D,20240419,000000,4.76,4.76,4.76,4.76,3,0
SVRS,D,20240422,000000,4.76,4.76,4.66,4.66,862,0
SVRS,D,20240423,000000,4.76,4.76,4.76,4.76,3,0
SVRS,D,20240424,000000,4.76,4.76,4.76,4.76,3,0
SVRS,D,20240425,000000,4.5,4.5,4.5,4.5,3,0
SVRS,D,20240426,000000,4.5,4.5,4.5,4.5,3,0
SVRS,D,20240429,000000,4.5,4.5,4.44,4.44,1790,0
SVRS,D,20240430,000000,4.5,4.5,4.5,4.5,3,0
SVRS,D,20240502,000000,4.3,4.3,4.3,4.3,200,0
SVRS,D,20240506,000000,4.32,4.32,4.32,4.32,3,0
SVRS,D,20240507,000000,4.32,4.32,4.32,4.32,3,0
SVRS,D,20240508,000000,4.5,4.5,4.5,4.5,3,0
SVRS,D,20240509,000000,4.5,4.5,4.5,4.5,3,0
SVRS,D,20240510,000000,4.5,4.5,4.46,4.5,7003,0
SVRS,D,20240513,000000,4.48,4.48,4.48,4.48,21,0
SVRS,D,20240514,000000,4.5,4.5,4.5,4.5,1,0
SVRS,D,20240515,000000,4.5,4.5,4.5,4.5,3,0
SVRS,D,20240516,000000,4.5,4.5,4.5,4.5,3,0
SVRS,D,20240517,000000,4.5,4.5,4,4.04,8852,0
SVRS,D,20240520,000000,4,4,4,4,1,0
SVRS,D,20240521,000000,4,4.5,4,4.5,3662,0
SVRS,D,20240522,000000,4.68,4.68,4.68,4.68,3,0
SVRS,D,20240523,000000,4.68,4.68,4.68,4.68,3,0
SVRS,D,20240524,000000,4.68,4.68,4.68,4.68,3,0
SVRS,D,20240527,000000,4.68,4.68,4.68,4.68,3,0
SVRS,D,20240528,000000,4.68,4.68,4.68,4.68,3,0
SVRS,D,20240529,000000,4.68,4.68,4.22,4.22,3071,0
SVRS,D,20240531,000000,4.2,4.2,4.2,4.2,3,0
SVRS,D,20240604,000000,4.1,4.1,4.1,4.1,3,0
SVRS,D,20240605,000000,4.1,4.1,4.1,4.1,3,0
SVRS,D,20240606,000000,4.1,4.1,4.1,4.1,3,0
SVRS,D,20240607,000000,4.1,4.1,4.1,4.1,3,0
SVRS,D,20240610,000000,4.1,4.1,4.1,4.1,888,0
SVRS,D,20240611,000000,4,4,3.98,3.98,2688,0
SVRS,D,20240612,000000,3.8,4,3.8,4,705,0
SVRS,D,20240613,000000,3.84,3.84,3.84,3.84,3,0
SVRS,D,20240614,000000,3.84,3.84,3.84,3.84,3,0
SVRS,D,20240617,000000,3.84,3.84,3.84,3.84,6,0
SVRS,D,20240618,000000,3.84,3.84,3.84,3.84,3,0
SVRS,D,20240619,000000,3.84,3.84,3.84,3.84,3,0
SVRS,D,20240620,000000,3.84,3.84,3.84,3.84,3,0
SVRS,D,20240621,000000,3.84,3.84,3.84,3.84,1000,0
SVRS,D,20240624,000000,3.84,3.84,3.84,3.84,1,0
SVRS,D,20240625,000000,3.84,3.84,3.84,3.84,4,0
SVRS,D,20240626,000000,3.84,3.84,3.82,3.82,1503,0
SVRS,D,20240627,000000,3.82,3.82,3.8,3.8,1503,0
SVRS,D,20240628,000000,3.8,3.8,3.8,3.8,1974,0
SVRS,D,20240701,000000,3.7,3.78,3.7,3.78,1100,0
SVRS,D,20240702,000000,3.7,3.7,3.7,3.7,3,0
SVRS,D,20240703,000000,3.7,3.7,3.7,3.7,3,0
SVRS,D,20240704,000000,3.7,3.7,3.7,3.7,3,0
SVRS,D,20240705,000000,3.7,3.7,3.7,3.7,3,0
SVRS,D,20240708,000000,3.7,3.7,3.7,3.7,3,0
SVRS,D,20240709,000000,3.7,3.7,3.7,3.7,3,0
SVRS,D,20240710,000000,3.7,3.7,3.7,3.7,3,0
SVRS,D,20240711,000000,3.7,3.7,3.7,3.7,3,0
SVRS,D,20240712,000000,3.7,3.7,3.7,3.7,3,0
SVRS,D,20240715,000000,3.7,3.7,3.7,3.7,1,0
SVRS,D,20240716,000000,3.7,3.7,3.7,3.7,3,0
SVRS,D,20240717,000000,3.72,3.72,3.72,3.72,3,0
SVRS,D,20240718,000000,3.7,3.7,3.7,3.7,3,0
SVRS,D,20240719,000000,3.7,3.7,3.7,3.7,3,0
SVRS,D,20240722,000000,3.7,3.7,3.7,3.7,5,0
SVRS,D,20240723,000000,3.66,3.66,3.66,3.66,3,0
SVRS,D,20240724,000000,3.66,3.66,3.66,3.66,5,0
SVRS,D,20240725,000000,3.66,3.66,3.66,3.66,5,0
SVRS,D,20240726,000000,3.66,3.66,3.66,3.66,5,0
SVRS,D,20240729,000000,3.66,3.66,3.66,3.66,4,0
SVRS,D,20240730,000000,3.66,3.66,3.66,3.66,3,0
SVRS,D,20240731,000000,3.66,3.66,3.66,3.66,3,0
SVRS,D,20240801,000000,3.7,3.7,3.7,3.7,5,0
SVRS,D,20240802,000000,3.68,3.68,3.68,3.68,3,0
SVRS,D,20240805,000000,3.68,3.68,3.68,3.68,3,0
SVRS,D,20240806,000000,3.68,3.68,3.68,3.68,3,0
SVRS,D,20240807,000000,3.68,3.68,3.68,3.68,3,0
SVRS,D,20240808,000000,3.68,3.68,3.68,3.68,4,0
SVRS,D,20240812,000000,3.68,3.68,3.68,3.68,2,0
SVRS,D,20240813,000000,3.68,3.68,3.68,3.68,3,0
SVRS,D,20240814,000000,3.68,3.68,3.66,3.66,4002,0
SVRS,D,20240816,000000,3.54,3.54,3.54,3.54,3,0
SVRS,D,20240819,000000,3.56,3.56,3.56,3.56,3,0
SVRS,D,20240820,000000,3.56,3.56,3.56,3.56,3,0
SVRS,D,20240821,000000,3.56,3.56,3.56,3.56,3,0
SVRS,D,20240822,000000,3.56,3.56,3.56,3.56,303,0
SVRS,D,20240823,000000,3.56,3.56,3.56,3.56,3,0
SVRS,D,20240826,000000,3.56,3.56,3.56,3.56,3,0
SVRS,D,20240827,000000,3.56,3.56,3.56,3.56,3,0
SVRS,D,20240828,000000,3.56,3.56,3.56,3.56,3,0
SVRS,D,20240829,000000,3.56,3.56,3.56,3.56,3,0
SVRS,D,20240830,000000,3.56,3.56,3.56,3.56,3,0
SVRS,D,20240902,000000,3.56,3.56,3.56,3.56,3,0
SVRS,D,20240903,000000,3.56,3.6,3.56,3.6,63,0
SVRS,D,20240904,000000,3.56,3.56,3.56,3.56,671,0
SVRS,D,20240905,000000,3.56,3.56,3.56,3.56,100,0
SVRS,D,20240906,000000,3.56,3.56,3.56,3.56,50,0
SVRS,D,20240909,000000,3.54,3.54,3.5,3.5,4400,0
SVRS,D,20240910,000000,3.44,3.44,3.44,3.44,3,0
SVRS,D,20240911,000000,3.5,3.5,3.5,3.5,3,0
SVRS,D,20240912,000000,3.5,3.5,3.5,3.5,3,0
SVRS,D,20240913,000000,3.5,3.5,3.5,3.5,3,0
SVRS,D,20240916,000000,3.5,3.5,3.5,3.5,3,0
SVRS,D,20240917,000000,3.5,3.5,3.5,3.5,472,0
SVRS,D,20240918,000000,3.48,3.48,3.48,3.48,3,0
SVRS,D,20240919,000000,3.5,3.5,3.5,3.5,3,0
SVRS,D,20240920,000000,3.5,3.5,3.5,3.5,3,0
SVRS,D,20240923,000000,3.5,3.5,3.48,3.48,1999,0
SVRS,D,20240924,000000,3.5,3.5,3.5,3.5,5,0
SVRS,D,20240925,000000,3.5,3.5,3.5,3.5,5,0
SVRS,D,20240926,000000,3.5,3.5,3.5,3.5,5,0
SVRS,D,20240927,000000,3.5,3.5,3.5,3.5,5,0
SVRS,D,20240930,000000,3.5,3.5,3.46,3.46,1216,0
SVRS,D,20241009,000000,3.4,3.4,3.4,3.4,3,0
SVRS,D,20241010,000000,3.4,3.4,3.4,3.4,3,0
SVRS,D,20241011,000000,3.4,3.4,3.4,3.4,3,0
SVRS,D,20241014,000000,3.4,3.4,3.4,3.4,3,0
SVRS,D,20241015,000000,3.5,3.5,3.46,3.46,2171,0
SVRS,D,20241016,000000,3.46,3.46,3.46,3.46,3,0
SVRS,D,20241017,000000,3.4,3.4,3.4,3.4,1728,0
SVRS,D,20241018,000000,3.4,3.4,3.4,3.4,3,0
SVRS,D,20241021,000000,3.4,3.58,3.4,3.58,4254,0
SVRS,D,20241022,000000,3.4,3.4,3.4,3.4,3,0
SVRS,D,20241023,000000,3.4,3.4,3.4,3.4,3,0
SVRS,D,20241024,000000,3.4,3.4,3.4,3.4,3,0
SVRS,D,20241025,000000,3.4,3.4,3.4,3.4,3,0
SVRS,D,20241028,000000,3.4,3.5,3.4,3.5,303,0
SVRS,D,20241029,000000,3.4,3.4,3.4,3.4,3,0
SVRS,D,20241030,000000,3.4,3.4,3.4,3.4,3,0
SVRS,D,20241104,000000,3.5,3.66,3.5,3.66,227,0
SVRS,D,20241105,000000,3.56,3.56,3.56,3.56,3,0
SVRS,D,20241106,000000,3.56,3.56,3.56,3.56,3,0
SVRS,D,20241107,000000,3.56,3.56,3.56,3.56,3,0
SVRS,D,20241108,000000,3.56,3.56,3.56,3.56,3,0
SVRS,D,20241112,000000,3.56,3.56,3.56,3.56,3,0
SVRS,D,20241113,000000,3.56,3.56,3.56,3.56,3,0
SVRS,D,20241114,000000,3.56,3.56,3.56,3.56,3,0
SVRS,D,20241115,000000,3.56,3.56,3.56,3.56,3,0
SVRS,D,20241118,000000,3.56,3.56,3.56,3.56,3,0
SVRS,D,20241119,000000,3.56,3.66,3.56,3.66,2053,0
SVRS,D,20241120,000000,3.7,3.7,3.7,3.7,3,0
SVRS,D,20241121,000000,3.66,3.66,3.66,3.66,1,0
SVRS,D,20241122,000000,3.66,3.66,3.66,3.66,3,0
SVRS,D,20241125,000000,3.66,3.66,3.66,3.66,1003,0
SVRS,D,20241126,000000,3.66,3.66,3.66,3.66,2,0
SVRS,D,20241127,000000,3.78,3.78,3.78,3.78,3,0
SVRS,D,20241128,000000,3.78,3.78,3.78,3.78,1,0
SVRS,D,20241129,000000,3.78,3.78,3.78,3.78,794,0
SVRS,D,20241202,000000,3.78,3.78,3.78,3.78,3,0
SVRS,D,20241203,000000,3.78,3.78,3.78,3.78,140,0
SVRS,D,20241204,000000,3.78,3.9,3.78,3.9,4076,0
SVRS,D,20241205,000000,3.8,3.8,3.76,3.76,3022,0
SVRS,D,20241206,000000,3.72,3.72,3.72,3.72,3,0
SVRS,D,20241209,000000,3.72,3.72,3.72,3.72,881,0
SVRS,D,20241210,000000,3.7,3.7,3.7,3.7,3,0
SVRS,D,20241211,000000,3.72,3.72,3.72,3.72,3,0
SVRS,D,20241212,000000,3.72,3.72,3.72,3.72,3,0
SVRS,D,20241213,000000,3.72,3.72,3.72,3.72,1343,0
SVRS,D,20241216,000000,3.6,3.6,3.6,3.6,200,0
SVRS,D,20241217,000000,3.72,3.72,3.72,3.72,3,0
SVRS,D,20241218,000000,3.72,3.72,3.72,3.72,3,0
SVRS,D,20241219,000000,3.6,3.6,3.6,3.6,6800,0
SVRS,D,20241220,000000,3.6,3.6,3.6,3.6,3,0
SVRS,D,20241223,000000,3.5,3.54,3.48,3.54,12740,0
SVRS,D,20241227,000000,3.54,3.54,3.54,3.54,3,0
SVRS,D,20250102,000000,3.72,3.72,3.54,3.54,2122,0
SVRS,D,20250103,000000,3.54,3.72,3.54,3.72,2850,0
SVRS,D,20250107,000000,3.72,3.82,3.72,3.74,3151,0
SVRS,D,20250108,000000,3.72,3.82,3.72,3.82,936,0
SVRS,D,20250109,000000,3.7,3.7,3.7,3.7,3,0
SVRS,D,20250110,000000,3.7,3.7,3.7,3.7,803,0
SVRS,D,20250113,000000,3.64,3.64,3.64,3.64,1580,0
SVRS,D,20250114,000000,3.62,3.62,3.62,3.62,3,0
SVRS,D,20250115,000000,3.62,3.62,3.62,3.62,6,0
SVRS,D,20250116,000000,3.62,3.62,3.62,3.62,3,0
SVRS,D,20250117,000000,3.64,3.64,3.64,3.64,5,0
SVRS,D,20250120,000000,3.7,3.7,3.7,3.7,3,0
SVRS,D,20250121,000000,3.7,3.7,3.7,3.7,3,0
SVRS,D,20250122,000000,3.7,3.7,3.7,3.7,518,0
SVRS,D,20250123,000000,3.7,3.7,3.6,3.6,9397,0
SVRS,D,20250124,000000,3.48,3.48,3.48,3.48,3,0
SVRS,D,20250127,000000,3.6,3.6,3.6,3.6,3,0
SVRS,D,20250128,000000,3.6,3.6,3.48,3.48,3850,0
SVRS,D,20250129,000000,3.6,3.6,3.46,3.46,2171,0
SVRS,D,20250130,000000,3.6,3.6,3.6,3.6,3,0
SVRS,D,20250131,000000,3.46,3.46,3.3,3.32,9096,0
SVRS,D,20250203,000000,3.32,3.42,3.32,3.42,921,0
SVRS,D,20250204,000000,3.42,3.42,3.28,3.3,5392,0
SVRS,D,20250205,000000,3.4,3.4,3.28,3.28,2295,0
SVRS,D,20250206,000000,3.42,3.42,3.28,3.28,6258,0
SVRS,D,20250207,000000,3.28,3.28,3.16,3.16,2377,0
SVRS,D,20250210,000000,3.28,3.28,3.18,3.18,5004,0
SVRS,D,20250211,000000,3.3,3.3,3.3,3.3,3,0
SVRS,D,20250212,000000,3.18,3.18,3,3,16056,0
SVRS,D,20250213,000000,3,3.06,3,3,3876,0
SVRS,D,20250214,000000,3,3,3,3,5410,0
SVRS,D,20250217,000000,3,3,3,3,2,0
SVRS,D,20250218,000000,3,3,2.8,2.8,5041,0
SVRS,D,20250219,000000,2.84,2.84,2.72,2.8,12274,0
SVRS,D,20250220,000000,2.9,2.9,2.68,2.88,9713,0
SVRS,D,20250221,000000,2.88,2.92,2.7,2.7,9082,0
SVRS,D,20250224,000000,2.82,2.82,2.72,2.72,3795,0
SVRS,D,20250225,000000,2.8,2.8,2.6,2.6,3585,0
SVRS,D,20250226,000000,2.6,2.6,2.6,2.6,3,0
SVRS,D,20250227,000000,2.6,2.6,2.54,2.54,9792,0
SVRS,D,20250228,000000,2.54,2.54,2.36,2.36,11491,0
SVRS,D,20250303,000000,2.38,2.44,2.34,2.34,12885,0
SVRS,D,20250304,000000,2.22,2.34,2.22,2.34,4299,0
SVRS,D,20250306,000000,2.4,2.5,2.38,2.5,4852,0
SVRS,D,20250307,000000,2.44,2.6,2.44,2.58,14678,0
SVRS,D,20250310,000000,2.44,2.58,2.44,2.58,2917,0
SVRS,D,20250311,000000,2.7,2.7,2.7,2.7,2778,0
SVRS,D,20250312,000000,2.82,2.82,2.82,2.82,1567,0
SVRS,D,20250313,000000,2.7,2.7,2.7,2.7,2,0
SVRS,D,20250314,000000,2.7,2.7,2.7,2.7,3,0
SVRS,D,20250317,000000,2.84,3.06,2.84,3.06,5408,0
SVRS,D,20250318,000000,3.2,3.22,3.2,3.2,2852,0
SVRS,D,20250319,000000,3.2,3.2,3.2,3.2,1000,0
SVRS,D,20250320,000000,3.2,3.24,3.2,3.24,1615,0
SVRS,D,20250321,000000,3.5,3.5,3.34,3.34,1078,0
SVRS,D,20250324,000000,3.34,3.34,3.34,3.34,300,0
SVRS,D,20250325,000000,3.34,3.34,3.34,3.34,3,0
SVRS,D,20250326,000000,3.32,3.32,3.32,3.32,3,0
SVRS,D,20250327,000000,3.32,3.32,3.2,3.2,2643,0
SVRS,D,20250328,000000,3.22,3.22,3.08,3.08,2947,0
SVRS,D,20250331,000000,3.2,3.2,3.04,3.04,2253,0
SVRS,D,20250401,000000,3.04,3.04,3,3,6,0
SVRS,D,20250402,000000,3,3,2.9,2.9,3072,0
SVRS,D,20250403,000000,3,3,2.92,2.92,108,0
SVRS,D,20250404,000000,2.96,2.96,2.96,2.96,3,0
SVRS,D,20250407,000000,2.94,2.94,2.94,2.94,3,0
SVRS,D,20250408,000000,2.94,2.94,2.94,2.94,8,0
SVRS,D,20250409,000000,2.92,2.92,2.92,2.92,8,0
SVRS,D,20250410,000000,2.9,2.9,2.82,2.9,14203,0
SVRS,D,20250411,000000,2.9,2.9,2.9,2.9,3,0
SVRS,D,20250414,000000,2.9,2.9,2.8,2.8,684,0
SVRS,D,20250415,000000,2.74,2.94,2.74,2.94,2036,0
SVRS,D,20250416,000000,2.94,2.94,2.94,2.94,1344,0
SVRS,D,20250417,000000,2.96,2.96,2.96,2.96,3,0
SVRS,D,20250422,000000,3.04,3.04,3.04,3.04,15,0
SVRS,D,20250423,000000,3.06,3.06,3.04,3.04,4130,0
SVRS,D,20250424,000000,3.04,3.04,3,3,2764,0
SVRS,D,20250425,000000,2.96,3.14,2.96,3.14,1925,0
SVRS,D,20250428,000000,3.14,3.14,3.12,3.12,1998,0
SVRS,D,20250430,000000,3.28,3.28,3.28,3.28,1000,0
SVRS,D,20250502,000000,3.5,3.5,3.36,3.36,294,0
SVRS,D,20250505,000000,3.5,3.7,3.42,3.7,7268,0
SVRS,D,20250506,000000,3.7,3.7,3.68,3.68,1423,0
SVRS,D,20250507,000000,3.36,3.36,3.34,3.36,17095,0
SVRS,D,20250508,000000,3.5,3.5,3.5,3.5,2143,0
SVRS,D,20250509,000000,3.58,3.58,3.58,3.58,3,0
SVRS,D,20250512,000000,3.58,3.58,3.58,3.58,3,0
SVRS,D,20250513,000000,3.58,3.58,3.58,3.58,3,0
SVRS,D,20250514,000000,3.58,3.7,3.58,3.7,6446,0
SVRS,D,20250515,000000,3.78,3.78,3.72,3.72,604,0
SVRS,D,20250516,000000,3.72,4.64,3.72,4.64,10273,0
SVRS,D,20250519,000000,4.7,4.88,4.7,4.84,5305,0
SVRS,D,20250520,000000,4.84,4.9,4.68,4.7,5131,0
SVRS,D,20250521,000000,4.5,4.52,4.46,4.52,4965,0
SVRS,D,20250522,000000,4.6,4.6,4.6,4.6,1541,0
SVRS,D,20250523,000000,4.62,4.68,4.58,4.58,1163,0
SVRS,D,20250526,000000,4.68,4.68,4.58,4.58,893,0
SVRS,D,20250527,000000,4.68,4.68,4.64,4.68,864,0
SVRS,D,20250528,000000,4.72,4.72,4.72,4.72,3,0
SVRS,D,20250529,000000,4.7,4.76,4.7,4.76,1467,0
SVRS,D,20250530,000000,4.9,4.9,4.8,4.8,1425,0
SVRS,D,20250602,000000,4.9,5.1,4.86,5.1,2697,0
SVRS,D,20250603,000000,5.1,5.5,5.1,5.4,5236,0
SVRS,D,20250604,000000,5.4,5.45,5.35,5.35,4005,0
SVRS,D,20250605,000000,5.35,5.4,5.35,5.4,2292,0
SVRS,D,20250606,000000,5.55,5.7,5.55,5.7,3100,0
SVRS,D,20250609,000000,5.7,5.7,5.7,5.7,109,0
SVRS,D,20250610,000000,5.7,5.8,5.7,5.8,580,0
SVRS,D,20250611,000000,5.3,6.2,5.1,5.35,15155,0
SVRS,D,20250612,000000,5.3,5.35,5.3,5.35,1485,0
SVRS,D,20250613,000000,5.75,5.75,5.55,5.7,1251,0
SVRS,D,20250616,000000,5.75,5.8,5.75,5.8,1103,0
SVRS,D,20250617,000000,5.9,6,5.9,5.9,2070,0
SVRS,D,20250618,000000,6.1,6.1,5.7,5.85,2684,0
SVRS,D,20250620,000000,5.9,6.1,5.9,6.1,3088,0
SVRS,D,20250623,000000,6.1,6.1,6.1,6.1,2,0
SVRS,D,20250624,000000,6.1,6.1,5.75,5.75,102,0
SVRS,D,20250625,000000,5.9,5.9,5.6,5.8,703,0
SVRS,D,20250626,000000,5.6,5.6,5.6,5.6,382,0
SVRS,D,20250627,000000,5.6,5.85,5.6,5.85,202,0
SVRS,D,20250630,000000,5.9,5.9,5.35,5.9,6622,0
SVRS,D,20250701,000000,5.8,5.85,5.5,5.85,4054,0
SVRS,D,20250702,000000,5.55,5.65,5.4,5.65,4078,0
SVRS,D,20250703,000000,5.55,5.85,5.55,5.85,5380,0
SVRS,D,20250704,000000,5.9,5.9,5.9,5.9,2,0
SVRS,D,20250707,000000,5.95,5.95,5.7,5.7,2027,0
SVRS,D,20250708,000000,5.7,5.7,5.65,5.7,11294,0
SVRS,D,20250709,000000,5.9,5.9,5.65,5.7,7155,0
SVRS,D,20250710,000000,5.7,5.7,5.55,5.55,1505,0
SVRS,D,20250711,000000,5.65,5.65,5.35,5.5,3906,0
SVRS,D,20250714,000000,5.9,6,5.7,6,12002,0
SVRS,D,20250715,000000,5.95,5.95,5.75,5.75,1400,0
SVRS,D,20250716,000000,6,6.15,5.8,6.15,1643,0
SVRS,D,20250718,000000,6.15,6.15,5.75,5.75,1307,0
SVRS,D,20250721,000000,6.15,6.15,6.15,6.15,2,0
SVRS,D,20250722,000000,6.15,6.15,6.15,6.15,1,0
SVRS,D,20250723,000000,6.15,6.15,6.15,6.15,2,0
SVRS,D,20250724,000000,6.15,6.2,5.8,6.2,3224,0
SVRS,D,20250725,000000,6.15,6.15,5.85,6.1,3120,0
SVRS,D,20250728,000000,6,6,5.85,5.85,1330,0
SVRS,D,20250729,000000,5.85,5.85,5.4,5.5,6359,0
SVRS,D,20250730,000000,5.45,5.5,5.4,5.5,21520,0
SVRS,D,20250731,000000,5.45,5.7,5.45,5.7,11919,0
SVRS,D,20250801,000000,5.85,6.15,5.65,6.15,6132,0
SVRS,D,20250804,000000,6.2,6.25,6.05,6.2,4355,0
SVRS,D,20250805,000000,6.2,7.45,6.1,7.45,8819,0
SVRS,D,20250806,000000,7.2,7.2,6.7,7,31561,0
SVRS,D,20250807,000000,7,7,7,7,1100,0
SVRS,D,20250808,000000,7,7,6.75,6.75,2506,0
SVRS,D,20250811,000000,7,7,6.95,7,2412,0
SVRS,D,20250812,000000,7,7,6.3,6.75,6812,0
SVRS,D,20250813,000000,6.95,6.95,6.5,6.95,2358,0
SVRS,D,20250814,000000,6.95,6.95,6.45,6.7,7941,0
SVRS,D,20250818,000000,6.55,6.55,6.4,6.4,15303,0
SVRS,D,20250819,000000,6.4,6.4,6.25,6.4,2955,0
SVRS,D,20250820,000000,6.4,6.45,6.3,6.45,9195,0
SVRS,D,20250821,000000,6.8,6.8,6.3,6.8,2724,0
SVRS,D,20250822,000000,6.85,6.85,6.35,6.4,2327,0
SVRS,D,20250825,000000,6.8,6.8,6.3,6.75,2152,0
SVRS,D,20250826,000000,6.45,6.5,6.4,6.4,2585,0
SVRS,D,20250827,000000,6.3,6.3,6.25,6.3,3664,0
SVRS,D,20250828,000000,6.25,6.25,6,6,9680,0
SVRS,D,20250829,000000,5.9,5.9,5.8,5.8,4085,0
SVRS,D,20250901,000000,5.7,5.75,5.55,5.75,4078,0
SVRS,D,20250902,000000,5.65,5.8,5.5,5.55,7216,0
SVRS,D,20250903,000000,5.5,5.55,5.5,5.55,8228,0
SVRS,D,20250904,000000,5.55,5.95,5.55,5.8,6555,0
SVRS,D,20250905,000000,5.7,5.9,5.65,5.65,1917,0
SVRS,D,20250908,000000,6,6.3,5.75,5.75,13504,0
SVRS,D,20250909,000000,5.8,5.9,5.8,5.9,536,0
SVRS,D,20250910,000000,5.85,6.3,5.85,5.9,9642,0
SVRS,D,20250911,000000,6,6,5.7,5.75,5810,0
SVRS,D,20250912,000000,5.7,5.7,5.3,5.55,5873,0
SVRS,D,20250915,000000,5.5,6,5.5,6,9690,0
SVRS,D,20250916,000000,5.9,5.9,5.8,5.8,1174,0
SVRS,D,20250917,000000,6,6,6,6,1,0
SVRS,D,20250918,000000,5.95,5.95,5.95,5.95,3,0
SVRS,D,20250919,000000,5.95,5.95,5.95,5.95,5,0
SVRS,D,20250922,000000,6,6,6,6,1,0
SVRS,D,20250923,000000,6,6,5.5,5.5,5410,0
SVRS,D,20250924,000000,5.5,5.9,5.5,5.9,11121,0
SVRS,D,20250925,000000,5.9,5.9,5.55,5.55,10350,0
SVRS,D,20250926,000000,5.95,6.3,5.95,6.25,43739,0
SVRS,D,20250929,000000,6.35,7.45,6.35,7.45,13775,0
SVRS,D,20250930,000000,7.45,7.85,6.8,7.1,31186,0
SVRS,D,20251001,000000,7.3,7.3,6.7,7,5829,0
SVRS,D,20251002,000000,6.9,7.2,6.9,7.15,2327,0
SVRS,D,20251003,000000,7.15,7.4,7.05,7.4,9193,0
SVRS,D,20251006,000000,7.4,7.45,7.4,7.45,1959,0
SVRS,D,20251007,000000,7.85,7.85,7.25,7.25,3498,0
SVRS,D,20251008,000000,7.85,7.85,7.4,7.85,5636,0
SVRS,D,20251009,000000,7.95,7.95,7.4,7.5,1588,0
SVRS,D,20251010,000000,7.9,7.9,7.4,7.7,4548,0
SVRS,D,20251013,000000,7.9,7.9,7.5,7.6,6395,0
SVRS,D,20251014,000000,7.6,7.9,7.45,7.7,4543,0
SVRS,D,20251015,000000,7.9,7.9,7.6,7.6,1765,0
SVRS,D,20251016,000000,7.6,7.7,7.6,7.65,4074,0
SVRS,D,20251017,000000,7.75,7.75,7.6,7.7,3708,0
SVRS,D,20251020,000000,7.9,7.9,7.6,7.6,11158,0
SVRS,D,20251021,000000,7.9,7.9,7.6,7.9,4609,0
SVRS,D,20251022,000000,7.8,8.35,7.8,8.35,8442,0
SVRS,D,20251023,000000,8.15,9.8,8.15,9.8,34139,0
SVRS,D,20251024,000000,9.9,11.5,9,9.45,17752,0
SVRS,D,20251027,000000,9.45,9.75,9,9,5710,0
SVRS,D,20251028,000000,9.45,9.45,9.2,9.45,1827,0
SVRS,D,20251029,000000,9.7,9.7,9.1,9.4,2200,0
SVRS,D,20251030,000000,9.7,9.75,9.65,9.65,4265,0
SVRS,D,20251031,000000,9.9,10.1,9.9,10,9426,0
SVRS,D,20251103,000000,10,10.2,9.9,10.2,2386,0
SVRS,D,20251104,000000,10.2,10.2,9.85,9.85,11790,0
SVRS,D,20251105,000000,10,10.4,9.95,10.4,7005,0
SVRS,D,20251106,000000,10.5,11.8,10.5,11.6,8658,0
SVRS,D,20251107,000000,11.7,11.7,10.6,11.2,11234,0
SVRS,D,20251110,000000,11.5,11.7,11.1,11.6,1635,0
SVRS,D,20251112,000000,11.6,11.9,11.6,11.7,1943,0
SVRS,D,20251113,000000,11.9,11.9,10.8,11.2,6613,0
SVRS,D,20251114,000000,11.4,11.4,9.55,10.2,8984,0
SVRS,D,20251117,000000,10,10.5,9.8,9.8,2160,0
SVRS,D,20251118,000000,9.75,10.1,9.25,10,3356,0
SVRS,D,20251119,000000,10,10.1,9.45,10,3019,0
SVRS,D,20251120,000000,10.1,11.1,10,11.1,1876,0
SVRS,D,20251121,000000,11.1,11.1,10,10.8,5337,0
SVRS,D,20251124,000000,11.1,11.3,10.8,11.3,6555,0
SVRS,D,20251125,000000,11.5,12,11,12,7019,0
SVRS,D,20251126,000000,12,12,11.5,12,8230,0
SVRS,D,20251127,000000,11.8,11.8,10.7,10.8,7175,0
SVRS,D,20251128,000000,9.75,10.3,9.75,10,6414,0
SVRS,D,20251201,000000,9.8,10.5,9.8,10.1,830,0
SVRS,D,20251202,000000,10,10.1,10,10.1,105,0
SVRS,D,20251203,000000,10.1,10.5,9.85,10.5,201,0
SVRS,D,20251204,000000,10.6,10.6,10.3,10.4,1423,0
SVRS,D,20251205,000000,10.6,10.6,9.95,10.4,331,0
SVRS,D,20251208,000000,10.6,10.6,10.6,10.6,1,0
SVRS,D,20251209,000000,10.6,10.6,9.7,9.95,1652,0
SVRS,D,20251210,000000,10.1,10.2,9.5,9.85,1165,0
SVRS,D,20251211,000000,10,10,9.25,9.25,2168,0
SVRS,D,20251212,000000,9.2,9.3,9,9.3,5629,0
SVRS,D,20251215,000000,9.3,9.4,8.85,9.4,3682,0
SVRS,D,20251216,000000,9.9,9.9,9.15,9.5,902,0
SVRS,D,20251217,000000,9.5,9.65,9.1,9.65,2245,0
SVRS,D,20251218,000000,9.8,9.8,9.75,9.75,101,0
SVRS,D,20251219,000000,9.75,9.75,9,9,7256,0
SVRS,D,20251222,000000,9.1,9.7,9,9.45,1810,0
SVRS,D,20251223,000000,9.7,9.7,9.15,9.7,7401,0
SVRS,D,20251229,000000,9.7,9.7,8.95,9.2,1698,0
SVRS,D,20251230,000000,9.6,9.6,9.6,9.6,1,0
SVRS,D,20260102,000000,9.25,9.25,8.9,9.2,1542,0
SVRS,D,20260105,000000,9,9,9,9,601,0
SVRS,D,20260107,000000,9,9,8.8,8.9,4681,0
SVRS,D,20260108,000000,8.8,8.9,8.6,8.9,4605,0
SVRS,D,20260109,000000,8.9,9.5,8.65,8.65,1557,0
SVRS,D,20260112,000000,8.7,8.7,7.8,7.8,8740,0
SVRS,D,20260113,000000,7.75,8,7.75,8,3071,0
SVRS,D,20260114,000000,8,8,8,8,544,0
SVRS,D,20260115,000000,7.5,8.2,7.5,8.2,1327,0
SVRS,D,20260116,000000,8.3,8.65,8.3,8.6,2230,0
SVRS,D,20260119,000000,8.85,8.9,8.15,8.15,3048,0
SVRS,D,20260120,000000,8.2,8.6,8.2,8.55,3015,0
SVRS,D,20260121,000000,8.85,8.85,8.25,8.6,2214,0
SVRS,D,20260122,000000,8.85,8.85,8.65,8.65,1886,0
SVRS,D,20260123,000000,8.65,8.85,8,8.4,6316,0
SVRS,D,20260126,000000,8.4,8.4,6.6,6.6,273405,0
SVRS,D,20260127,000000,6.6,7.5,6.6,7,45039,0
SVRS,D,20260128,000000,6.95,7.05,6.95,7,16558,0
SVRS,D,20260129,000000,7.35,7.45,7,7,1329,0
SVRS,D,20260130,000000,7.25,7.25,6.95,6.95,3280,0
SVRS,D,20260202,000000,7,7,6.6,6.9,1403,0
SVRS,D,20260203,000000,7.25,7.25,6.6,6.6,22057,0
SVRS,D,20260204,000000,6.6,6.85,6.6,6.7,5254,0
SVRS,D,20260205,000000,7.2,7.2,6.5,6.9,3045,0
SVRS,D,20260206,000000,6.9,6.9,6.9,6.9,1608,0
SVRS,D,20260209,000000,7.2,7.25,6.9,6.9,7512,0
SVRS,D,20260210,000000,7,7.15,7,7.15,7752,0
SVRS,D,20260211,000000,7.3,7.3,6.95,6.95,33547,0
SVRS,D,20260212,000000,7.15,7.45,7.1,7.15,6864,0
SVRS,D,20260213,000000,7.5,7.5,7.2,7.2,10839,0
SVRS,D,20260216,000000,7.55,7.55,7.2,7.25,2879,0
SVRS,D,20260217,000000,7.25,7.6,7.25,7.6,2000,0
SVRS,D,20260218,000000,7.6,7.6,7.3,7.3,2995,0
SVRS,D,20260219,000000,7.3,7.3,7.3,7.3,275,0
SVRS,D,20260220,000000,7.55,7.55,6.8,7.15,4461,0
SVRS,D,20260223,000000,7.5,7.5,6.75,7.2,819,0
SVRS,D,20260224,000000,7,7.2,6.3,7.15,4679,0
SVRS,D,20260225,000000,7.35,7.35,6.9,6.9,72,0
SVRS,D,20260226,000000,6.7,6.9,6.7,6.7,1212,0
SVRS,D,20260227,000000,6.7,6.9,6.7,6.9,13,0
SVRS,D,20260302,000000,7.5,7.55,6.6,6.6,3411,0
SVRS,D,20260303,000000,6.95,6.95,6.65,6.95,1437,0
SVRS,D,20260304,000000,7,7,7,7,5,0
SVRS,D,20260305,000000,7,7,6.95,6.95,8,0
SVRS,D,20260306,000000,6.65,6.65,6.5,6.5,8729,0
SVRS,D,20260309,000000,6.6,6.6,6.3,6.3,10340,0
SVRS,D,20260310,000000,6.4,7,6.4,6.6,4633,0
SVRS,D,20260311,000000,6.6,6.75,6.5,6.5,7169,0
SVRS,D,20260312,000000,6.5,6.85,6.5,6.6,4086,0
SVRS,D,20260313,000000,6.3,7,6.3,6.7,2671,0
SVRS,D,20260316,000000,6.7,6.75,6.3,6.3,5877,0
SVRS,D,20260317,000000,6.1,6.35,6,6.35,10923,0
SVRS,D,20260318,000000,6,6.75,6,6.75,2302,0
SVRS,D,20260319,000000,6.7,6.7,6.7,6.7,2,0
SVRS,D,20260320,000000,7.1,7.1,6.65,6.65,2501,0
SVRS,D,20260323,000000,6.6,6.65,6.1,6.1,4707,0
SVRS,D,20260324,000000,6.15,6.4,6.15,6.4,600,0
SVRS,D,20260325,000000,6.7,6.7,6,6.3,3693,0
SVRS,D,20260326,000000,6.6,6.6,6.05,6.05,5202,0
SVRS,D,20260327,000000,6.35,6.35,6.35,6.35,1192,0
SVRS,D,20260330,000000,6.6,6.6,6.15,6.3,20852,0
SVRS,D,20260331,000000,6.7,6.7,6.3,6.3,101,0
SVRS,D,20260401,000000,6.3,6.45,6.2,6.45,6929,0
SVRS,D,20260402,000000,6.7,6.7,6.5,6.5,1002,0
SVRS,D,20260407,000000,6.7,6.7,6.6,6.6,343,0
SVRS,D,20260408,000000,6.6,6.65,6.6,6.65,1074,0
SVRS,D,20260409,000000,6.6,6.6,6.6,6.6,400,0
SVRS,D,20260410,000000,6.7,6.7,6.5,6.5,1531,0
SVRS,D,20260413,000000,6.7,6.7,6.7,6.7,2,0
SVRS,D,20260414,000000,6.6,6.6,6.6,6.6,300,0
SVRS,D,20260415,000000,6.6,6.6,6.05,6.35,29133,0
SVRS,D,20260416,000000,6,6.15,5.8,6.05,29955,0
SVRS,D,20260417,000000,6.05,6.2,5.9,6,8105,0
SVRS,D,20260420,000000,6,6,5.8,5.8,4220,0
SVRS,D,20260421,000000,5.6,5.7,5.05,5.3,15073,0
SVRS,D,20260422,000000,5.45,5.85,5.35,5.35,5037,0
SVRS,D,20260423,000000,5.8,5.8,5.3,5.3,3835,0
SVRS,D,20260424,000000,5.7,5.7,5.5,5.5,68,0
SVRS,D,20260427,000000,5.4,5.4,5.4,5.4,830,0
SVRS,D,20260428,000000,5.4,5.5,4.9,4.9,30636,0
SVRS,D,20260429,000000,5.35,5.35,4.96,5,1900,0
SVRS,D,20260430,000000,5,5.1,4.96,4.96,4117,0
SVRS,D,20260504,000000,4.96,5.25,4.96,5.15,3129,0
SVRS,D,20260505,000000,5.1,5.4,5.1,5.4,373,0
SVRS,D,20260506,000000,5.4,5.55,5.4,5.55,21,0
SVRS,D,20260507,000000,5.8,5.8,5.5,5.7,9646,0
SVRS,D,20260508,000000,5.75,5.75,5.55,5.55,8558,0
SVRS,D,20260511,000000,5.8,5.8,5.5,5.5,811,0
SVRS,D,20260512,000000,5.5,5.5,5.45,5.45,4745,0
SVRS,D,20260513,000000,5.8,5.8,5.4,5.4,5193,0
SVRS,D,20260514,000000,5.8,5.8,5.1,5.1,7287,0
SVRS,D,20260515,000000,5.1,5.2,5.1,5.2,2444,0
SVRS,D,20260518,000000,5.4,5.85,5.4,5.85,1390,0
SVRS,D,20260519,000000,5.85,5.85,5.6,5.6,302,0
SVRS,D,20260520,000000,5.85,5.85,5.35,5.35,5351,0
SVRS,D,20260521,000000,4.96,4.96,4.04,4.2,63956,0
SVRS,D,20260522,000000,4.2,4.3,4.2,4.2,36698,0
SVRS,D,20260525,000000,4.2,4.28,4.14,4.28,1063,0
SVRS,D,20260526,000000,4.28,4.3,4.28,4.3,1968,0
SVRS,D,20260527,000000,4.3,4.3,4.3,4.3,3088,0
SVRS,D,20260528,000000,4.44,4.48,4.44,4.46,4588,0
SVRS,D,20260529,000000,4.58,4.58,4.5,4.5,12,0
SVRS,D,20260601,000000,4.62,4.62,4.4,4.4,4816,0
SVRS,D,20260602,000000,4.62,4.62,4.5,4.5,2801,0
SVRS,D,20260603,000000,4.7,4.7,4.4,4.4,13401,0
SVRS,D,20260605,000000,4.4,4.5,4.4,4.42,104,0
SVRS,D,20260608,000000,4.7,4.7,4.7,4.7,2,0
SVRS,D,20260609,000000,4.7,4.7,4.5,4.5,107,0
SVRS,D,20260610,000000,4.7,4.7,4.7,4.7,1,0
SVRS,D,20260611,000000,4.68,4.68,4.68,4.68,1,0
SVRS,D,20260612,000000,4.68,4.68,4.68,4.68,1,0
SVRS,D,20260615,000000,4.5,4.5,4.5,4.5,212,0
SVRS,D,20260616,000000,4.5,4.5,4.5,4.5,1,0
SVRS,D,20260617,000000,4.5,4.5,4.4,4.4,3651,0
SVRS,D,20260618,000000,4.64,4.64,4.2,4.38,2597,0
SVRS,D,20260619,000000,4.68,4.68,4.68,4.68,1,0
SVRS,D,20260622,000000,4.68,4.68,4.24,4.4,3976,0
SVRS,D,20260623,000000,4.66,4.66,4.24,4.24,4604,0
SVRS,D,20260624,000000,4.24,4.24,4.24,4.24,1,0
SVRS,D,20260625,000000,4.64,4.64,4.42,4.42,1180,0
SVRS,D,20260626,000000,4.64,4.64,4.64,4.64,2,0
SVRS,D,20260629,000000,4.64,4.64,4.4,4.4,1706,0
SVRS,D,20260630,000000,4.64,4.64,4.64,4.64,2,0
SVRS,D,20260701,000000,4.64,4.64,4.16,4.36,11953,0
SVRS,D,20260703,000000,4.64,4.64,3.92,4.3,11749,0
SVRS,D,20260706,000000,4.62,4.62,4.62,4.62,2,0
SVRS,D,20260707,000000,4.62,4.62,4.62,4.62,5,0
SVRS,D,20260708,000000,4.62,4.62,4.22,4.3,602,0
SVRS,D,20260709,000000,4.62,4.62,4.62,4.62,1,0
SVRS,D,20260710,000000,4.62,4.62,4.24,4.24,2274,0
SVRS,D,20260713,000000,4.24,4.24,4.24,4.24,1,0
SVRS,D,20260714,000000,4.24,4.26,4.1,4.1,1980,0
SVRS,D,20260715,000000,4.06,4.06,4.06,4.06,2230,0
SVRS,D,20260717,000000,4.26,4.26,4.08,4.08,1502,0
SVRS,D,20260720,000000,4.04,4.04,4.04,4.04,2,0
SVRS,D,20260721,000000,4.04,4.04,4.04,4.04,932,0
SVRS,D,20260722,000000,4.06,4.06,4.06,4.06,10000,0
SVRS,D,20260723,000000,4.12,4.12,4.12,4.12,2,0
SVRS,D,20260724,000000,4.12,4.12,4.04,4.04,3895,0
SVRS,D,20260727,000000,4.12,4.12,3.98,3.98,6480,0
SVRS,D,20260728,000000,3.98,3.98,3.96,3.96,576,0
SVRS,D,20260729,000000,3.96,3.96,3.94,3.96,2384,0
SVRS,D,20260730,000000,4.12,4.12,3.98,4.06,8543,0
SVRS,D,20260731,000000,4.12,4.12,4.12,4.12,5,0
SVRS,D,20260803,000000,4.12,4.16,4.12,4.16,1847,0
SVRS,D,20260804,000000,4.3,4.3,4.12,4.12,1823,0
SVRS,D,20260805,000000,4.08,4.1,4,4.1,3081,0
SVRS,D,20260806,000000,4.08,4.08,4.08,4.08,2283,0
SVRS,D,20260807,000000,4,4.1,4,4.1,347,0
SVRS,D,20260810,000000,4.08,4.2,4.08,4.2,549,0
SVRS,D,20260811,000000,4.26,4.26,4.26,4.26,23,0
SVRS,D,20260812,000000,4.12,4.12,4.12,4.12,2,0
SVRS,D,20260813,000000,4.12,4.16,4.12,4.12,2342,0
SVRS,D,20260814,000000,4.08,4.08,4.08,4.08,2,0
SVRS,D,20260817,000000,4.1,4.1,4.1,4.1,1,0
SVRS,D,20260818,000000,4.1,4.18,4.1,4.1,5001,0
