<TICKER>,<PER>,<DATE>,<TIME>,<OPEN>,<HIGH>,<LOW>,<CLOSE>,<VOL>,<OPENINT>
VRC,D,20210506,000000,50.4067,53.9359,48.0819,48.9223,22633.14121236638,0
VRC,D,20210507,000000,49.0156,50.4161,47.6151,49.109,32761.340696732306,0
VRC,D,20210510,000000,50.3134,50.3227,48.9223,49.109,130808.6525409431,0
VRC,D,20210511,000000,50.3227,50.3227,48.0819,48.0913,972.5470740063731,0
VRC,D,20210512,000000,48.0913,48.5487,48.0819,48.5487,1377.4179924803916,0
VRC,D,20210513,000000,49.4823,49.4823,48.5487,48.5487,304.18873239846914,0
VRC,D,20210514,000000,48.0819,48.5487,47.4284,47.6338,487.34462408909667,0
VRC,D,20210517,000000,47.6338,47.6899,47.5218,47.6805,694.0644316697463,0
VRC,D,20210518,000000,47.4845,48.6516,47.3538,47.4471,1334.574509043988,0
VRC,D,20210519,000000,47.8019,48.5487,47.8019,48.5487,127.4593632233022,0
VRC,D,20210520,000000,47.6246,49.2023,47.6151,49.2023,552.6809363296129,0
VRC,D,20210521,000000,49.2023,50.4161,49.0156,50.4161,357.74308669397425,0
VRC,D,20210524,000000,50.4161,50.9763,48.5487,50.4161,578.3870263914554,0
VRC,D,20210525,000000,47.7925,49.2957,47.7925,48.25,1269.2381968034713,0
VRC,D,20210526,000000,49.2023,49.2023,47.7272,48.5394,1313.1527673257856,0
VRC,D,20210527,000000,48.5394,48.5487,48.0819,48.0819,1662.3271573324791,0
VRC,D,20210528,000000,48.5114,48.5394,47.7645,47.7645,422.0083118485804,0
VRC,D,20210531,000000,47.7645,48.3995,46.6814,48.3995,352.38765126442377,0
VRC,D,20210601,000000,48.5394,48.5394,47.5218,48.5302,475.5626661440856,0
VRC,D,20210602,000000,48.5302,48.5302,48.5302,48.5302,12.853045030921232,0
VRC,D,20210604,000000,48.2687,48.5487,47.8019,48.5487,573.031590961905,0
VRC,D,20210607,000000,48.5487,48.5487,47.6246,48.1754,800.1020531748466,0
VRC,D,20210608,000000,48.5487,48.5487,48.4554,48.4554,370.59613172489543,0
VRC,D,20210609,000000,50.0427,50.0427,48.5487,48.5487,81.40261852916778,0
VRC,D,20210610,000000,48.5487,49.2957,48.4554,48.5487,2890.864044871367,0
VRC,D,20210611,000000,50.136,50.136,50.0427,50.0427,93.18457647417891,0
VRC,D,20210614,000000,50.1827,50.1827,49.0156,49.4823,1185.6934041024833,0
VRC,D,20210615,000000,50.1827,50.1827,49.4918,49.4918,400.58657013037833,0
VRC,D,20210616,000000,49.4823,49.6691,49.0156,49.0624,372.73830589671564,0
VRC,D,20210617,000000,50.1827,50.1827,49.0156,49.9493,407.013092645839,0
VRC,D,20210618,000000,49.9493,49.9493,49.4823,49.4823,267.7717714775257,0
VRC,D,20210621,000000,48.5487,48.7356,48.3621,48.3621,794.746617745296,0
VRC,D,20210622,000000,48.5487,48.5675,48.5487,48.5487,128.5304503092123,0
VRC,D,20210623,000000,48.6422,49.9586,47.9139,49.9586,1120.3570918619673,0
VRC,D,20210624,000000,49.9306,49.9306,48.5487,49.0156,12324.99909756755,0
VRC,D,20210625,000000,49.0156,49.4823,48.4554,49.3518,2136.8187363906545,0
VRC,D,20210628,000000,48.7448,48.7542,48.5487,48.5487,925.4192422263286,0
VRC,D,20210629,000000,48.3995,48.7356,47.6619,47.6619,4652.802301193485,0
VRC,D,20210630,000000,48.5487,48.5487,47.6619,48.2687,1292.8021126934937,0
VRC,D,20210701,000000,47.7552,49.2023,47.7552,49.0156,2011.5015473391727,0
VRC,D,20210702,000000,48.5487,49.3891,48.5487,49.3891,2891.935131957277,0
VRC,D,20210705,000000,49.3891,49.9026,48.7356,49.4823,2792.3240329676373,0
VRC,D,20210706,000000,49.4823,50.3227,49.4823,49.9493,4616.385340272542,0
VRC,D,20210707,000000,50.3227,51.3403,49.9493,51.0509,17027.071404712897,0
VRC,D,20210708,000000,51.0696,51.079,50.4161,50.6027,4728.849484293102,0
VRC,D,20210709,000000,50.8829,50.9669,49.9493,50.4721,5135.862576938942,0
VRC,D,20210712,000000,50.4721,51.163,50.4628,51.0696,2215.0080936620925,0
VRC,D,20210713,000000,51.0602,51.8633,50.6122,50.6215,37490.190181025406,0
VRC,D,20210714,000000,51.0696,51.2096,47.7459,50.4161,4965.559730279236,0
VRC,D,20210715,000000,50.8829,51.1164,50.248,50.9016,477.7048403159057,0
VRC,D,20210716,000000,50.7429,50.7429,50.2854,50.6495,736.9079151061504,0
VRC,D,20210719,000000,50.6027,50.6027,49.4358,49.4823,4166.5287641903,0
VRC,D,20210720,000000,49.3891,50.1827,49.3891,49.4823,1247.8164550852696,0
VRC,D,20210721,000000,49.5758,50.108,49.2023,50.108,1916.1747966931734,0
VRC,D,20210722,000000,50.3694,50.3788,49.2023,49.9398,875.0781491885538,0
VRC,D,20210723,000000,49.9398,50.3507,49.2023,49.4265,12965.509174941793,0
VRC,D,20210726,000000,49.884,49.884,49.2023,49.2023,435.9324439654118,0
VRC,D,20210727,000000,49.2117,49.2957,49.0343,49.249,1636.6210672706368,0
VRC,D,20210728,000000,49.4637,49.4637,49.0436,49.0436,722.9837829893193,0
VRC,D,20210729,000000,49.2863,49.6598,49.0343,49.2023,8214.166861844576,0
VRC,D,20210730,000000,49.4637,49.4823,49.0156,49.249,9786.522703960605,0
VRC,D,20210802,000000,49.4731,49.5758,49.4731,49.5758,375.951567154446,0
VRC,D,20210803,000000,50.3227,50.4628,49.9493,50.136,6083.774647969382,0
VRC,D,20210804,000000,50.4161,50.4161,50.136,50.4161,2625.2344475656614,0
VRC,D,20210805,000000,49.5758,50.4161,49.5758,49.9493,2252.4961416689457,0
VRC,D,20210806,000000,50.0239,50.0239,49.4731,50.0239,3372.8532335309133,0
VRC,D,20210809,000000,49.9493,51.7138,49.9493,51.331,16943.526612011912,0
VRC,D,20210810,000000,51.3497,51.3497,50.1827,51.163,4952.706685248314,0
VRC,D,20210811,000000,51.331,51.331,50.6027,50.8829,702.6331283570273,0
VRC,D,20210812,000000,50.8829,50.9016,49.9493,49.9493,1866.9047907413087,0
VRC,D,20210813,000000,50.4067,50.8082,49.996,50.4161,480.918101573636,0
VRC,D,20210816,000000,50.7896,51.2189,50.4254,50.444,1408.4795179717848,0
VRC,D,20210817,000000,50.8829,50.8829,49.968,50.276,1120.3570918619673,0
VRC,D,20210818,000000,50.3227,50.3227,49.9493,49.996,847.2298849548911,0
VRC,D,20210819,000000,50.0427,50.2293,49.9493,50.2293,2604.883792933369,0
VRC,D,20210820,000000,50.2293,50.2293,49.996,50.052,534.4724558691412,0
VRC,D,20210823,000000,50.276,51.5364,49.9493,51.163,2602.7416187615495,0
VRC,D,20210824,000000,51.2563,51.5271,50.6682,51.4244,359.88526086579446,0
VRC,D,20210825,000000,51.3403,51.3497,50.7055,51.0696,3914.8232990014244,0
VRC,D,20210826,000000,50.8829,51.163,50.7429,51.1164,4338.973785021825,0
VRC,D,20210827,000000,51.2563,51.2563,50.8735,50.8829,4142.964848300277,0
VRC,D,20210830,000000,51.0229,51.0229,50.6027,50.8362,2119.681343016093,0
VRC,D,20210831,000000,50.4254,50.8362,50.4161,50.8362,1311.0105931539656,0
VRC,D,20210901,000000,50.5002,50.7896,49.4823,50.4161,3259.3180024244425,0
VRC,D,20210902,000000,50.7896,50.7896,49.8652,50.4067,1000.3953382400358,0
VRC,D,20210903,000000,50.4161,50.8176,49.9493,50.5842,2718.4190240398407,0
VRC,D,20210906,000000,50.8362,50.8362,50.0053,50.3227,2648.798363455684,0
VRC,D,20210907,000000,50.052,50.3227,49.8746,50.2293,6966.350406759308,0
VRC,D,20210908,000000,50.2293,50.3227,49.884,50.2293,631.9413806869605,0
VRC,D,20210909,000000,50.4161,50.4161,49.9493,49.9493,2542.760741950583,0
VRC,D,20210910,000000,49.884,50.2293,49.884,50.136,3016.181233922849,0
VRC,D,20210913,000000,50.4161,50.4161,49.9119,49.9493,1237.1055842261685,0
VRC,D,20210914,000000,50.2293,50.2293,49.6786,49.6786,1780.1467367825906,0
VRC,D,20210915,000000,49.6786,50.4161,49.6786,50.0427,1047.5231700200804,0
VRC,D,20210916,000000,50.2293,50.4161,49.7626,50.3227,1094.651001800125,0
VRC,D,20210917,000000,50.4067,50.8829,49.6691,50.4161,5780.657002656823,0
VRC,D,20210920,000000,50.7802,50.7802,49.4731,49.4731,9262.761118950566,0
VRC,D,20210921,000000,49.4731,49.9398,49.0156,49.0436,978.9735965218338,0
VRC,D,20210922,000000,49.0436,49.4918,49.0343,49.4823,2198.9417873734405,0
VRC,D,20210923,000000,49.4823,49.4823,49.0343,49.109,1149.27644318154,0
VRC,D,20210924,000000,49.0529,49.3891,49.0343,49.3891,3559.2223864792713,0
VRC,D,20210927,000000,49.3984,51.2563,49.0156,51.0229,5797.794396031385,0
VRC,D,20210928,000000,51.0417,51.0417,49.2397,49.5011,146.73893076968406,0
VRC,D,20210929,000000,49.3518,50.8269,49.0343,50.8269,6428.6646896324355,0
VRC,D,20210930,000000,49.4918,50.9296,49.4918,50.9296,8388.754056847923,0
VRC,D,20211001,000000,50.164,50.7896,50.164,50.7896,6590.398839604861,0
VRC,D,20211004,000000,50.7896,50.7896,49.9493,50.4161,1287.4466772639435,0
VRC,D,20211005,000000,50.4161,50.4161,49.5758,49.6972,6165.177266498551,0
VRC,D,20211006,000000,49.9493,50.8829,49.5758,49.5758,2468.8557330227864,0
VRC,D,20211007,000000,49.5944,49.7439,49.4823,49.6691,775.4670501989144,0
VRC,D,20211008,000000,49.4918,49.7439,49.3891,49.7439,1258.5273259443704,0
VRC,D,20211011,000000,49.7626,50.4067,49.7531,49.7531,223.85720095521145,0
VRC,D,20211012,000000,49.7626,49.9493,49.5011,49.5105,1218.8971037656966,0
VRC,D,20211013,000000,50.3973,50.3973,49.5665,49.5665,505.5531045495684,0
VRC,D,20211014,000000,49.9398,50.2199,49.5105,50.0427,461.6385340272542,0
VRC,D,20211015,000000,49.9493,49.9493,49.5197,49.5197,812.955098205768,0
VRC,D,20211018,000000,49.5105,50.0427,49.5105,49.9493,14620.3387226729,0
VRC,D,20211019,000000,49.9398,50.4161,49.5944,50.4161,2456.0026879918655,0
VRC,D,20211020,000000,50.3227,50.3227,49.6691,49.6691,713.3439992161283,0
VRC,D,20211021,000000,49.9493,50.4161,49.7159,49.9493,1219.968190851607,0
VRC,D,20211022,000000,50.4161,50.6962,49.5291,50.4161,33892.40865945337,0
VRC,D,20211025,000000,49.5011,50.6495,49.5011,49.9493,3301.090398774936,0
VRC,D,20211026,000000,49.9493,50.4161,49.8559,50.4067,683.3535608106454,0
VRC,D,20211027,000000,50.4161,50.4161,49.6131,49.6131,232.42589764249226,0
VRC,D,20211028,000000,50.2293,50.2293,49.6131,49.6131,146.73893076968406,0
VRC,D,20211029,000000,49.6131,49.6691,49.5944,49.5944,193.8667625497286,0
VRC,D,20211102,000000,49.6691,49.6691,49.4918,49.5105,2323.187889339012,0
VRC,D,20211103,000000,49.6878,49.6878,49.1556,49.4823,11145.732215980526,0
VRC,D,20211104,000000,49.1183,50.2199,49.0343,49.968,7756.812676160963,0
VRC,D,20211105,000000,50.0427,50.2293,49.0436,50.136,1311.0105931539656,0
VRC,D,20211108,000000,50.1267,50.1267,49.1744,49.7531,8495.862765438931,0
VRC,D,20211109,000000,49.4823,49.4823,49.2023,49.4544,1791.9286947276016,0
VRC,D,20211110,000000,49.2117,49.3051,49.2117,49.3051,691.9222574979262,0
VRC,D,20211112,000000,49.3051,49.9493,49.0343,49.9493,2228.932225778923,0
VRC,D,20211115,000000,49.4823,49.6224,49.0997,49.4823,763.6850922539031,0
VRC,D,20211116,000000,49.4823,50.0427,49.4823,50.0333,796.8887919171162,0
VRC,D,20211117,000000,49.0156,49.4918,45.8414,49.0156,12988.002003745903,0
VRC,D,20211118,000000,48.8289,48.8289,46.6814,48.3621,2821.2433842872097,0
VRC,D,20211119,000000,48.7356,48.7356,46.915,47.5218,2065.055901634678,0
VRC,D,20211122,000000,47.5218,47.5218,46.4014,46.775,4752.413400183125,0
VRC,D,20211123,000000,46.775,47.2418,45.7573,46.4948,2714.1346756962,0
VRC,D,20211124,000000,46.6814,46.6814,45.7573,46.2147,988.6133802950247,0
VRC,D,20211125,000000,46.2147,46.4014,45.9347,46.4014,381.3070025839965,0
VRC,D,20211126,000000,46.4014,46.4014,44.9077,44.9263,1824.0613073049046,0
VRC,D,20211129,000000,44.8143,45.4352,44.8143,45.281,3630.985221235247,0
VRC,D,20211130,000000,45.4678,45.4678,44.8236,44.8283,890.0733683912953,0
VRC,D,20211201,000000,45.4678,45.4678,44.9077,45.281,359.88526086579446,0
VRC,D,20211202,000000,45.4678,45.5052,45.001,45.5052,146.73893076968406,0
VRC,D,20211203,000000,45.281,45.281,44.8143,45.281,3063.309065702894,0
VRC,D,20211206,000000,44.9543,46.0233,44.8143,45.6545,3373.9243206168226,0
VRC,D,20211207,000000,44.819,45.8414,44.819,45.281,943.6277226868003,0
VRC,D,20211208,000000,46.028,46.028,44.819,44.8236,2537.4053065210333,0
VRC,D,20211209,000000,45.2765,45.281,44.5342,45.0943,5395.065651729187,0
VRC,D,20211210,000000,45.2345,45.2345,44.5342,45.2298,3903.041341056414,0
VRC,D,20211213,000000,45.2345,45.6453,44.7209,45.0943,2112.183733414722,0
VRC,D,20211214,000000,45.281,45.281,44.3474,45.0943,1631.2656318410864,0
VRC,D,20211215,000000,45.281,45.4865,44.3474,44.5342,5397.207825901007,0
VRC,D,20211216,000000,44.9964,44.9964,44.4082,44.4455,1616.2704126383449,0
VRC,D,20211217,000000,44.4409,45.6498,44.4409,45.4678,5031.967129605662,0
VRC,D,20211220,000000,45.6545,47.1483,45.281,47.1483,2493.4907359987187,0
VRC,D,20211221,000000,47.139,47.6151,46.2147,46.8683,2262.135925442137,0
VRC,D,20211222,000000,46.6814,46.775,45.5611,46.4014,859.0118428999021,0
VRC,D,20211223,000000,46.6349,47.055,45.5611,47.055,6178.030311529472,0
VRC,D,20211227,000000,47.055,47.055,46.2147,46.2147,489.4867982609169,0
VRC,D,20211228,000000,46.2147,46.2147,45.281,45.5519,5063.028655097054,0
VRC,D,20211229,000000,45.5519,46.6814,45.281,46.3081,6774.625818381398,0
VRC,D,20211230,000000,46.3081,46.3081,45.281,45.7385,7725.75115066957,0
VRC,D,20220103,000000,45.7385,47.055,45.6545,47.055,983.2579448654742,0
VRC,D,20220104,000000,47.0083,47.1483,46.2147,47.1483,2430.296597930023,0
VRC,D,20220105,000000,46.915,47.1483,45.8507,46.8216,1754.440646720748,0
VRC,D,20220107,000000,46.8216,46.8216,45.8599,46.6535,1040.0255604187096,0
VRC,D,20220110,000000,47.1483,47.1483,46.1307,46.1307,1157.8451398688208,0
VRC,D,20220111,000000,46.4014,46.4014,45.5611,45.6033,4983.768210739708,0
VRC,D,20220112,000000,46.2147,46.8309,45.6545,45.8226,1724.4502083152652,0
VRC,D,20220113,000000,46.7656,46.7656,45.5145,45.5611,2896.2194803009174,0
VRC,D,20220114,000000,45.5611,45.5611,45.3745,45.5611,2993.6884051187367,0
VRC,D,20220117,000000,45.5611,45.5611,45.281,45.4678,2694.8551081498185,0
VRC,D,20220118,000000,45.4678,46.5789,45.281,46.5789,3301.090398774936,0
VRC,D,20220119,000000,46.5882,46.5882,45.2857,46.4855,1045.38099584826,0
VRC,D,20220120,000000,46.4948,46.4948,45.5611,46.4901,1199.6175362193148,0
VRC,D,20220121,000000,46.4901,46.4901,44.6274,45.2718,9367.727653369757,0
VRC,D,20220124,000000,45.6453,45.6453,41.2712,42.5596,5803.149831460936,0
VRC,D,20220125,000000,40.6644,42.4709,37.3452,42.4522,4082.983971489311,0
VRC,D,20220126,000000,42.3869,42.3869,42.0087,42.3869,596.5955068519272,0
VRC,D,20220127,000000,42.0134,42.0134,40.2395,41.8639,2600.599444589729,0
VRC,D,20220128,000000,41.9201,41.9201,40.7063,41.4999,22769.169272276962,0
VRC,D,20220131,000000,41.4999,41.4999,40.4355,40.6083,1193.1910137038544,0
VRC,D,20220201,000000,40.6129,41.5465,40.6129,40.7996,837.5901011817002,0
VRC,D,20220202,000000,41.0797,41.5465,40.9303,41.5419,1079.6557825973834,0
VRC,D,20220203,000000,42.8537,42.8537,40.781,41.4532,571.9605038759946,0
VRC,D,20220204,000000,41.0797,41.5465,40.7296,41.0752,515.1928883227594,0
VRC,D,20220207,000000,41.0797,41.0797,40.6083,40.6083,915.7794584531376,0
VRC,D,20220208,000000,41.0752,41.0797,41.0704,41.0797,525.9037591818604,0
VRC,D,20220209,000000,42.8537,42.8537,40.9865,41.0797,577.3159393055452,0
VRC,D,20220210,000000,40.6596,42.0134,40.6596,41.0797,34.27478674912328,0
VRC,D,20220211,000000,41.0797,42.0134,40.655,41.0797,218.50176552566091,0
VRC,D,20220214,000000,40.1461,40.7063,39.2592,39.6747,2694.8551081498185,0
VRC,D,20220215,000000,39.67,39.6792,38.7456,39.3992,2477.4244297100677,0
VRC,D,20220216,000000,40.6129,40.6129,39.2125,40.1461,6686.796677336771,0
VRC,D,20220217,000000,38.3722,40.6129,37.9521,38.2788,4785.617099846338,0
VRC,D,20220218,000000,38.2835,41.9201,38.2788,41.8267,5813.860702320037,0
VRC,D,20220221,000000,42.8489,42.8489,38.6523,40.1415,2724.845546555301,0
VRC,D,20220222,000000,39.1192,39.6792,39.1097,39.67,1327.076899442617,0
VRC,D,20220223,000000,42.004,42.004,40.0574,41.3599,19899.726969123796,0
VRC,D,20220224,000000,39.2125,40.1461,34.7404,39.2125,6262.646191316369,0
VRC,D,20220225,000000,39.2125,39.8661,38.2835,38.839,4024.0741817642556,0
VRC,D,20220228,000000,38.839,38.839,38.2788,38.7456,2401.37724661045,0
VRC,D,20220301,000000,38.3722,38.7923,37.3452,37.3452,1500.5930073600537,0
VRC,D,20220302,000000,38.2788,38.2788,37.3966,38.1668,205.6487204947397,0
VRC,D,20220303,000000,38.1715,38.7456,37.3919,38.6056,381.3070025839965,0
VRC,D,20220304,000000,38.7456,38.7456,36.785,37.6253,48711.96958010556,0
VRC,D,20220307,000000,35.2913,36.7664,35.1792,36.7664,2273.917883387148,0
VRC,D,20220308,000000,37.3452,37.3452,35.9448,37.3452,1017.5327316145974,0
VRC,D,20220309,000000,37.2986,37.6253,37.2986,37.6253,1810.1371751880733,0
VRC,D,20220310,000000,37.6253,40.1461,37.6253,40.1461,410.22635390356925,0
VRC,D,20220311,000000,41.0704,41.0704,39.4039,40.6129,620.1594227419495,0
VRC,D,20220314,000000,41.0797,41.3552,39.7587,39.8661,167.08958540197602,0
VRC,D,20220315,000000,41.0797,41.0797,39.4926,41.0797,735.8368280202403,0
VRC,D,20220316,000000,41.0797,41.0797,40.6316,40.977,284.9091648520873,0
VRC,D,20220317,000000,40.977,40.977,40.1554,40.1554,580.5292005632755,0
VRC,D,20220318,000000,41.0797,41.0797,40.1508,41.0752,4463.219886987397,0
VRC,D,20220321,000000,41.0752,41.0752,40.1508,40.9491,1136.423398150619,0
VRC,D,20220322,000000,40.2021,41.047,40.1601,41.047,84.6158797868981,0
VRC,D,20220323,000000,41.047,41.047,40.1415,40.3329,1590.564322576502,0
VRC,D,20220324,000000,40.5475,40.9865,40.1461,40.795,1737.3032533461862,0
VRC,D,20220325,000000,40.7063,40.7063,38.7456,39.4926,6209.091837020865,0
VRC,D,20220328,000000,39.4926,41.0797,39.4926,40.6783,2274.988970473058,0
VRC,D,20220329,000000,40.7063,40.7063,39.8661,40.4728,1207.1151458206857,0
VRC,D,20220330,000000,40.7063,40.7063,40.2582,40.7063,2269.6335350435074,0
VRC,D,20220331,000000,40.7063,40.7063,39.4926,39.4926,3797.003719551314,0
VRC,D,20220401,000000,39.6792,39.6792,39.2125,39.2125,1872.2602261708594,0
VRC,D,20220404,000000,39.2125,39.6792,39.0538,39.6792,1534.8677941091769,0
VRC,D,20220405,000000,40.1461,40.1461,39.1285,39.5813,1399.910821284504,0
VRC,D,20220406,000000,39.5626,40.1461,39.0771,39.0865,1656.9717219029287,0
VRC,D,20220407,000000,39.9408,40.1461,39.2359,39.8987,1948.3074092704765,0
VRC,D,20220408,000000,39.8987,40.1461,39.4039,40.1461,143122.9407676515,0
VRC,D,20220411,000000,40.1461,40.9817,39.7726,40.6129,27681.17464826069,0
VRC,D,20220412,000000,40.6129,41.0797,40.0528,41.0797,2530.978784005572,0
VRC,D,20220413,000000,41.8267,42.947,41.4532,42.4801,2918.71230910503,0
VRC,D,20220414,000000,42.8537,42.8537,41.4532,42.4801,606.2352906251181,0
VRC,D,20220419,000000,42.4801,42.7603,42.0134,42.2001,1907.6061000058926,0
VRC,D,20220420,000000,42.2001,42.2001,41.1731,41.6399,543.0411525564219,0
VRC,D,20220421,000000,41.2665,42.1068,41.0797,41.8267,896.4998909067558,0
VRC,D,20220422,000000,42.0134,42.2001,41.6399,41.6399,5655.339813605342,0
VRC,D,20220425,000000,41.8267,41.9201,41.0797,41.7333,2110.0415592429017,0
VRC,D,20220426,000000,41.8267,45.8414,41.6399,42.2935,19721.92651286272,0
VRC,D,20220427,000000,42.5736,42.5736,38.839,39.2125,220726.41340309623,0
VRC,D,20220428,000000,39.2125,40.8931,38.4656,39.586,3229.327564018959,0
VRC,D,20220429,000000,39.6792,39.6792,38.4656,38.4656,2150.742868507486,0
VRC,D,20220502,000000,38.9325,38.9325,36.8783,36.8783,2648.798363455684,0
VRC,D,20220504,000000,36.8783,38.2788,36.8783,38.2788,2030.7811148855544,0
VRC,D,20220505,000000,40.1461,40.1461,37.9988,37.9988,2252.4961416689457,0
VRC,D,20220506,000000,38.2788,38.3722,37.2518,38.3722,2001.8617635659818,0
VRC,D,20220509,000000,39.2125,39.2125,37.2518,38.1856,963.9783773190924,0
VRC,D,20220510,000000,37.3452,37.9055,36.8783,37.3452,1609.843890122884,0
VRC,D,20220511,000000,37.812,38.1856,37.2518,37.812,889.0022813053852,0
VRC,D,20220512,000000,36.505,37.1586,35.7581,35.7581,929.703590569969,0
VRC,D,20220513,000000,35.7581,36.4116,35.4779,36.4116,1061.4473021369115,0
VRC,D,20220516,000000,36.3182,36.4116,35.5713,36.4116,1957.9471930436675,0
VRC,D,20220517,000000,37.2518,37.2518,36.505,37.0652,717.6283475597687,0
VRC,D,20220518,000000,37.9055,37.9055,35.4779,35.4779,7899.267258587007,0
VRC,D,20220519,000000,36.3182,36.3182,34.6377,34.7311,1839.0565265076461,0
VRC,D,20220520,000000,34.7311,35.4779,34.7311,35.2913,2069.340249978318,0
VRC,D,20220523,000000,35.3846,35.4779,34.5443,34.5443,2328.543324768563,0
VRC,D,20220524,000000,34.5443,34.9177,34.5443,34.9177,507.6952787213886,0
VRC,D,20220525,000000,35.4779,35.4779,34.1709,34.1709,1528.4412715937165,0
VRC,D,20220526,000000,34.1709,34.9177,34.0775,34.8244,7027.402370656184,0
VRC,D,20220527,000000,34.7311,34.7311,34.0775,34.7311,1231.750148796618,0
VRC,D,20220530,000000,34.8244,34.8244,33.6107,33.9842,4967.701904451056,0
VRC,D,20220531,000000,34.2643,34.2643,32.9572,33.6107,2269.6335350435074,0
VRC,D,20220601,000000,32.677,32.677,30.9032,32.4904,13542.825114247335,0
VRC,D,20220602,000000,32.1169,32.4904,31.9301,32.1169,728.3392184188699,0
VRC,D,20220603,000000,32.3969,32.4904,31.09,31.09,78079.03530158874,0
VRC,D,20220606,000000,31.09,33.2373,31.09,32.5837,2414.2302916413714,0
VRC,D,20220607,000000,33.1439,33.1439,32.1169,32.1169,4326.120739990904,0
VRC,D,20220608,000000,32.5837,32.5837,31.4633,31.9301,1043.23882167644,0
VRC,D,20220609,000000,31.9301,32.1169,31.4633,31.4633,314.8996032575701,0
VRC,D,20220610,000000,31.4633,32.2103,30.9965,30.9965,1088.224479284664,0
VRC,D,20220613,000000,30.9965,30.9965,28.0089,30.7164,2216.0791807480027,0
VRC,D,20220614,000000,30.8099,30.8099,28.8491,29.036,1329.2190736144375,0
VRC,D,20220615,000000,29.2227,29.6895,28.7559,29.596,1999.7195893941616,0
VRC,D,20220617,000000,29.5028,29.5028,28.1956,28.7559,1203.9018845629553,0
VRC,D,20220620,000000,28.7559,29.8762,28.6624,29.8762,1076.442521339653,0
VRC,D,20220621,000000,30.6231,31.37,30.3431,30.8099,595.524419766017,0
VRC,D,20220622,000000,31.2766,31.5568,30.8099,31.5568,1495.237571930503,0
VRC,D,20220623,000000,31.5568,34.6377,31.2766,33.8908,5502.174360320197,0
VRC,D,20220624,000000,34.0775,34.0775,33.6107,33.9842,2579.177702871527,0
VRC,D,20220627,000000,34.8244,34.8244,32.8637,34.1709,383.4491767558167,0
VRC,D,20220628,000000,34.4509,34.5443,33.3306,34.3577,2225.718964521194,0
VRC,D,20220629,000000,34.7311,35.3846,33.6107,35.3846,861.1540170717225,0
VRC,D,20220630,000000,35.3846,35.3846,34.4509,35.1046,64.26522515460616,0
VRC,D,20220701,000000,34.8244,34.8244,33.3306,33.3306,2961.555792541433,0
VRC,D,20220704,000000,34.5443,34.5443,34.3577,34.4509,367.38287046716516,0
VRC,D,20220705,000000,34.4509,34.4509,33.424,33.424,636.2257290306009,0
VRC,D,20220706,000000,33.7973,33.7973,32.1169,32.1169,950.054245202261,0
VRC,D,20220707,000000,33.5173,33.7973,32.7704,33.7973,530.1881075255009,0
VRC,D,20220708,000000,33.7973,34.1709,33.7973,34.0775,720.841608817499,0
VRC,D,20220711,000000,34.3577,34.4509,33.5173,34.0775,623.3726839996797,0
VRC,D,20220712,000000,34.0775,34.0775,33.0505,33.2373,304.18873239846914,0
VRC,D,20220713,000000,33.0505,33.3306,33.0505,33.1439,336.3213449757722,0
VRC,D,20220714,000000,33.1439,33.1439,32.2103,32.2103,1741.587601689827,0
VRC,D,20220715,000000,33.1439,33.1439,32.3969,32.3969,16.06630628865154,0
VRC,D,20220718,000000,33.5173,34.8244,33.5173,34.8244,1031.4568637314287,0
VRC,D,20220719,000000,34.8244,34.8244,32.4904,32.4904,2096.1174271260707,0
VRC,D,20220720,000000,33.2373,33.2373,32.677,32.677,297.7622098830085,0
VRC,D,20220721,000000,32.677,34.3577,31.9301,34.3577,1801.5684785007923,0
VRC,D,20220722,000000,34.4509,34.5443,34.3577,34.4509,309.5441678280196,0
VRC,D,20220725,000000,34.5443,34.5443,33.6107,33.6107,34.27478674912328,0
VRC,D,20220726,000000,34.5443,34.5443,34.0775,34.0775,96.39783773190923,0
VRC,D,20220727,000000,35.1046,35.1046,32.3037,32.7704,1034.670124989159,0
VRC,D,20220728,000000,34.4509,34.4509,32.9572,33.6107,1035.7412120750691,0
VRC,D,20220729,000000,33.7041,35.1046,33.5173,34.1709,1645.1897639579176,0
VRC,D,20220801,000000,35.1046,35.2913,35.1046,35.2913,285.9802519379973,0
VRC,D,20220802,000000,35.2913,35.3846,35.2913,35.3846,103.89544733327995,0
VRC,D,20220803,000000,35.3846,35.3846,33.9842,34.4509,952.1964193740813,0
VRC,D,20220804,000000,34.4509,34.4509,34.3577,34.4509,89.97131521644862,0
VRC,D,20220805,000000,35.2913,35.2913,33.8908,34.5443,159.59197580060527,0
VRC,D,20220808,000000,35.2913,35.2913,33.2373,33.6107,823.6659690648689,0
VRC,D,20220809,000000,33.6107,33.6107,33.2373,33.5173,147.81001785559414,0
VRC,D,20220810,000000,33.424,33.424,33.1439,33.1439,85.6869668728082,0
VRC,D,20220811,000000,32.7704,33.0505,32.2103,32.2103,1289.5888514357634,0
VRC,D,20220812,000000,32.4904,33.0505,32.4904,33.0505,460.5674469413441,0
VRC,D,20220816,000000,33.0505,33.2373,32.677,33.2373,276.34046816480645,0
VRC,D,20220817,000000,33.1439,33.1439,32.677,33.1439,732.6235667625102,0
VRC,D,20220818,000000,33.2373,33.2373,32.677,33.0505,560.1785459309837,0
VRC,D,20220819,000000,33.2373,33.2373,32.2103,32.3037,431.6480956217713,0
VRC,D,20220822,000000,32.3969,33.1439,32.3037,32.8637,247.4211168452337,0
VRC,D,20220823,000000,32.9572,32.9572,32.9572,32.9572,4.28434834364041,0
VRC,D,20220824,000000,33.2373,33.2373,32.4904,32.4904,36.41696092094348,0
VRC,D,20220825,000000,33.0505,33.0505,31.4633,31.5568,1152.48970443927,0
VRC,D,20220826,000000,31.65,31.65,31.37,31.65,405.9420055599288,0
VRC,D,20220829,000000,31.65,31.65,30.5297,30.5297,576.244852219635,0
VRC,D,20220830,000000,31.37,31.37,29.4094,29.4094,1275.6647193189322,0
VRC,D,20220831,000000,30.6231,30.6231,29.5028,30.4364,104.96653441919005,0
VRC,D,20220901,000000,30.4364,30.4364,29.036,29.036,660.8607320065332,0
VRC,D,20220902,000000,30.4364,30.6231,28.9425,29.8762,3949.0980857505483,0
VRC,D,20220905,000000,30.5297,30.8099,29.7828,30.1564,1005.7507736695864,0
VRC,D,20220906,000000,30.4364,30.4364,29.8762,29.8762,618.0172485701291,0
VRC,D,20220907,000000,32.677,32.677,28.7559,31.7434,58186.80594206632,0
VRC,D,20220908,000000,30.8099,30.8099,28.7559,29.2227,37102.45665592595,0
VRC,D,20220909,000000,28.9425,29.8762,28.8491,29.8762,24008.417030674947,0
VRC,D,20220912,000000,29.8762,29.8762,29.4094,29.8762,6217.660533708146,0
VRC,D,20220913,000000,29.7828,30.3431,29.6895,30.3431,1056.091866707361,0
VRC,D,20220914,000000,30.7164,30.7164,29.4094,30.7164,10040.3703433213,0
VRC,D,20220915,000000,30.7164,30.7164,29.316,29.8762,5380.070432526446,0
VRC,D,20220916,000000,29.8762,29.8762,29.316,29.316,18675.47442992855,0
VRC,D,20220919,000000,30.2496,30.2496,29.2227,30.1564,16641.480053785264,0
VRC,D,20220920,000000,30.2496,30.2496,29.316,29.7828,3677.041965929382,0
VRC,D,20220921,000000,30.1564,30.1564,29.2227,29.2227,11040.765681561337,0
VRC,D,20220922,000000,29.7828,29.7828,29.316,29.596,479.8470144877259,0
VRC,D,20220923,000000,29.5028,29.5028,29.1293,29.1293,1544.507577882368,0
VRC,D,20220926,000000,29.1293,29.4094,28.8491,29.4094,9596.940289754519,0
VRC,D,20220927,000000,29.036,29.2227,28.9425,28.9425,7329.448928882832,0
VRC,D,20220928,000000,29.4094,29.4094,28.9425,28.9425,5402.563261330558,0
VRC,D,20220929,000000,29.4094,29.4094,29.036,29.316,1517.7304007346156,0
VRC,D,20220930,000000,29.316,30.1564,29.036,29.6895,697.2776929274768,0
VRC,D,20221003,000000,29.8762,30.2496,29.2227,29.4094,9990.029250283527,0
VRC,D,20221004,000000,30.3431,30.3431,29.4094,29.4094,4979.483862396068,0
VRC,D,20221005,000000,30.3431,30.3431,29.316,29.4094,10340.27472737613,0
VRC,D,20221006,000000,29.4094,29.596,29.1293,29.596,299.9043840548287,0
VRC,D,20221007,000000,29.596,29.8762,29.2227,29.596,77.1182701855274,0
VRC,D,20221010,000000,31.5568,31.5568,29.6895,29.8762,18271.674598540434,0
VRC,D,20221011,000000,29.9695,30.9032,29.8762,30.3431,3168.2756001220837,0
VRC,D,20221012,000000,31.2766,31.2766,30.6231,30.6231,504.4820174636583,0
VRC,D,20221013,000000,31.4633,31.8368,30.9965,31.4633,10187.109274090986,0
VRC,D,20221014,000000,31.5568,32.0236,31.5568,31.7434,3511.0234676133164,0
VRC,D,20221017,000000,32.1169,33.5173,32.1169,32.677,2059.700466205127,0
VRC,D,20221018,000000,32.677,32.677,32.0236,32.677,960.7651160613619,0
VRC,D,20221019,000000,32.677,33.0505,32.677,32.9572,2249.2828804112155,0
VRC,D,20221020,000000,33.0505,33.0505,32.3969,32.7704,341.6767804053227,0
VRC,D,20221021,000000,32.7704,32.7704,32.2103,32.3037,1087.153392198754,0
VRC,D,20221024,000000,32.7704,33.1439,32.2103,33.1439,4581.039466437508,0
VRC,D,20221025,000000,33.2373,33.9842,33.2373,33.8908,3501.3836838401253,0
VRC,D,20221026,000000,34.0775,34.0775,33.1439,34.0775,1492.0243106727728,0
VRC,D,20221027,000000,34.0775,34.8244,34.0775,34.8244,4578.8972922656885,0
VRC,D,20221028,000000,34.8244,34.8244,33.7041,34.7311,1004.6796865836762,0
VRC,D,20221031,000000,34.8244,35.7581,34.8244,35.7581,5600.714372223926,0
VRC,D,20221102,000000,35.8513,37.1586,35.4779,36.1316,12733.083277299298,0
VRC,D,20221103,000000,36.785,36.785,34.9177,35.7581,2569.537919098336,0
VRC,D,20221104,000000,36.1316,37.0652,36.1316,37.0652,1772.6491271812197,0
VRC,D,20221107,000000,37.0652,37.3452,36.6917,37.0652,2226.7900516071036,0
VRC,D,20221108,000000,35.5713,36.785,35.0112,36.785,313.82851617166,0
VRC,D,20221109,000000,36.6917,36.785,36.0382,36.0382,9781.167268531055,0
VRC,D,20221110,000000,36.785,37.2518,35.3846,37.2518,2342.467456885394,0
VRC,D,20221114,000000,38.7456,38.7456,37.532,38.2788,2668.0779310020657,0
VRC,D,20221115,000000,38.2788,38.6523,37.3452,38.2788,1479.1712656418515,0
VRC,D,20221116,000000,38.2788,38.2788,37.2518,38.0922,7155.932820965396,0
VRC,D,20221117,000000,37.3452,41.0797,37.3452,38.7456,5978.8081135501925,0
VRC,D,20221118,000000,38.4656,40.2395,37.9055,38.2788,3822.709809613156,0
VRC,D,20221121,000000,37.812,38.2788,37.3452,37.532,14934.16723884456,0
VRC,D,20221122,000000,39.586,39.586,37.1586,37.2518,4551.049028032026,0
VRC,D,20221123,000000,37.2518,38.4656,37.2518,38.4656,1385.9866891676727,0
VRC,D,20221124,000000,38.559,38.559,37.532,38.2788,654.4342094910727,0
VRC,D,20221125,000000,38.559,38.559,38.1856,38.2788,186.36915294835782,0
VRC,D,20221128,000000,38.2788,38.559,38.1856,38.1856,465.9228823708946,0
VRC,D,20221129,000000,38.1856,38.6523,38.1856,38.2788,431.6480956217713,0
VRC,D,20221130,000000,39.0258,39.2125,38.2788,39.2125,1097.8642630578552,0
VRC,D,20221201,000000,38.2788,39.4926,38.2788,39.2125,174.5871950033467,0
VRC,D,20221202,000000,39.2125,39.2125,38.1856,38.1856,6645.024280986277,0
VRC,D,20221205,000000,38.2788,38.7456,38.2788,38.6523,6547.5553561684565,0
VRC,D,20221206,000000,38.6523,39.1192,38.559,39.1192,16665.043969675284,0
VRC,D,20221207,000000,39.1192,39.586,39.1192,39.586,434.86135687950167,0
VRC,D,20221208,000000,39.586,39.9595,39.0258,39.3059,1294.944286865314,0
VRC,D,20221209,000000,40.0528,40.0528,39.3992,39.3992,3068.664501132444,0
VRC,D,20221212,000000,39.3992,39.4926,39.3059,39.4926,945.7698968586207,0
VRC,D,20221213,000000,39.4926,40.7063,39.3992,40.7063,13868.435588364007,0
VRC,D,20221214,000000,40.9865,40.9865,39.9595,39.9595,2017.9280698546331,0
VRC,D,20221215,000000,40.3329,40.3329,39.586,39.8661,897.5709779926661,0
VRC,D,20221216,000000,40.1461,40.1461,37.2518,40.0528,2728.058807813031,0
VRC,D,20221219,000000,40.0528,40.0528,39.2125,39.9595,700.4909541852071,0
VRC,D,20221220,000000,38.3722,39.4926,37.9055,38.2788,2070.411337064228,0
VRC,D,20221221,000000,38.2788,40.0528,37.7186,37.7186,1763.009343408029,0
VRC,D,20221222,000000,37.9055,38.1856,37.9055,38.1856,141.38349534013355,0
VRC,D,20221223,000000,38.1856,39.2125,37.9988,38.3722,2059.700466205127,0
VRC,D,20221227,000000,38.3722,38.559,37.9055,37.9055,929.703590569969,0
VRC,D,20221228,000000,37.9055,38.0922,36.0382,37.0652,5525.738276210219,0
VRC,D,20221229,000000,36.8783,38.6523,36.8783,38.559,1120.3570918619673,0
VRC,D,20221230,000000,38.559,38.6523,36.4116,36.4116,1556.289535827379,0
VRC,D,20230102,000000,36.4116,37.7186,36.4116,37.3452,1573.4269292019408,0
VRC,D,20230103,000000,37.3452,38.1856,36.785,37.7186,2353.178327744495,0
VRC,D,20230104,000000,37.7186,38.6523,37.3452,37.812,1000.3953382400358,0
VRC,D,20230105,000000,38.1856,39.1192,38.1856,38.6523,1705.1706407688832,0
VRC,D,20230109,000000,38.9325,39.1192,38.7456,38.7456,537.6857171268715,0
VRC,D,20230110,000000,39.2125,40.1461,39.1192,40.1461,974.6892481781933,0
VRC,D,20230111,000000,40.9865,41.0797,40.5196,40.9865,3120.076681256129,0
VRC,D,20230112,000000,40.9865,40.9865,40.6129,40.8931,897.5709779926661,0
VRC,D,20230113,000000,40.8931,41.4532,40.1461,41.4532,3064.3801527888036,0
VRC,D,20230116,000000,41.5465,42.8537,41.5465,42.8537,6244.437710855897,0
VRC,D,20230117,000000,42.4801,43.0405,41.6399,41.6399,2755.9070720466934,0
VRC,D,20230118,000000,41.4532,42.1068,40.2395,41.6399,4672.081868739867,0
VRC,D,20230119,000000,41.4532,41.4532,40.6129,40.6129,6023.793771158416,0
VRC,D,20230120,000000,40.6129,41.0797,39.6792,39.8661,2565.253570754696,0
VRC,D,20230123,000000,39.9595,40.7063,39.3992,40.7063,3496.0282484105746,0
VRC,D,20230124,000000,41.7333,41.7333,40.3329,40.7063,1688.0332473943215,0
VRC,D,20230125,000000,40.9865,40.9865,40.3329,40.7063,763.6850922539031,0
VRC,D,20230126,000000,40.9865,40.9865,39.8661,39.8661,1531.654532851447,0
VRC,D,20230127,000000,40.1461,40.9865,40.1461,40.6129,3655.62022421118,0
VRC,D,20230130,000000,41.0797,41.0797,39.4926,40.8931,656.5763836628928,0
VRC,D,20230131,000000,40.7063,40.7063,39.3992,40.7063,996.1109898963954,0
VRC,D,20230201,000000,40.6129,41.1731,40.2395,40.9865,1487.7399623291324,0
VRC,D,20230202,000000,40.9865,40.9865,40.1461,40.1461,1439.5410434631779,0
VRC,D,20230203,000000,40.1461,40.8931,40.1461,40.6129,311.68634199983984,0
VRC,D,20230206,000000,40.7063,40.7063,39.7726,40.0528,640.5100773742413,0
VRC,D,20230207,000000,40.1461,40.1461,39.7726,39.8661,565.5339813605342,0
VRC,D,20230208,000000,39.8661,39.8661,39.3992,39.8661,1314.2238544116958,0
VRC,D,20230209,000000,40.4262,41.8267,40.4262,41.8267,73815.03761258064,0
VRC,D,20230210,000000,41.8267,42.3869,41.2665,41.7333,3067.593414046534,0
VRC,D,20230213,000000,41.7333,41.8267,41.0797,41.0797,2885.5086094418166,0
VRC,D,20230214,000000,41.2665,41.2665,40.8931,41.1731,8011.731402607568,0
VRC,D,20230215,000000,41.1731,41.2665,40.9865,40.9865,290.26460028163774,0
VRC,D,20230216,000000,41.8267,41.8267,41.0797,41.8267,1056.091866707361,0
VRC,D,20230217,000000,42.0134,42.0134,41.2665,41.5465,197.08002380745887,0
VRC,D,20230220,000000,41.5465,41.5465,40.3329,41.5465,3027.9631918678597,0
VRC,D,20230221,000000,41.5465,41.5465,40.2395,41.2665,755.1163955666223,0
VRC,D,20230222,000000,41.5465,41.5465,40.1461,40.9865,1429.9012596899868,0
VRC,D,20230223,000000,41.5465,41.8267,40.4262,41.4532,635.1546419446908,0
VRC,D,20230224,000000,41.8267,41.8267,41.0797,41.4532,333.1080837180419,0
VRC,D,20230227,000000,41.4532,41.4532,40.7996,40.7996,492.70005951864715,0
VRC,D,20230228,000000,41.4532,42.0134,41.3599,42.0134,505.5531045495684,0
VRC,D,20230301,000000,41.7333,41.8267,40.5196,40.8931,2035.0654632291948,0
VRC,D,20230302,000000,40.8931,41.6399,40.7996,41.4532,610.5196389687586,0
VRC,D,20230303,000000,41.4532,41.4532,40.7996,41.2665,588.0268101646462,0
VRC,D,20230306,000000,41.2665,41.7333,40.8931,41.0797,1512.3749653050647,0
VRC,D,20230307,000000,41.8267,44.0674,41.8267,43.8806,17393.383188094154,0
VRC,D,20230308,000000,43.8806,44.7209,43.8806,44.6274,7806.082682112828,0
VRC,D,20230309,000000,44.6274,44.8143,44.1608,44.3474,2535.263132349213,0
VRC,D,20230310,000000,44.0674,44.6274,43.6005,44.6274,1335.6455961298977,0
VRC,D,20230313,000000,44.8143,44.8143,42.3869,43.2271,9057.112398455829,0
VRC,D,20230314,000000,43.6939,44.9077,43.6939,44.5342,1417.0482146590657,0
VRC,D,20230315,000000,44.5342,44.6274,43.8806,43.8806,2839.4518647476816,0
VRC,D,20230316,000000,43.8806,44.5342,43.3205,44.2541,3626.700872891607,0
VRC,D,20230317,000000,44.6274,44.8143,44.2541,44.7209,4255.428992320838,0
VRC,D,20230320,000000,44.9077,45.001,44.2541,44.6274,3979.088524156031,0
VRC,D,20230321,000000,43.6005,44.8143,43.6005,44.8143,8445.521672401159,0
VRC,D,20230322,000000,44.8143,45.1878,44.0674,44.9077,14256.169113463468,0
VRC,D,20230323,000000,45.0943,45.0943,44.9077,45.0943,1552.0051874837386,0
VRC,D,20230324,000000,45.281,45.281,44.7209,45.0943,2638.0874925965827,0
VRC,D,20230327,000000,43.6939,44.8143,43.4138,44.5342,5949.888762230619,0
VRC,D,20230328,000000,44.8143,45.001,44.1608,44.5342,31804.859929014583,0
VRC,D,20230329,000000,45.001,45.001,44.0674,44.3474,13022.276790495027,0
VRC,D,20230330,000000,44.3474,44.3474,43.4138,43.6005,5112.29866104892,0
VRC,D,20230331,000000,43.3205,43.6005,42.1068,42.4801,26853.224330852183,0
VRC,D,20230403,000000,42.947,44.6274,42.947,44.6274,3301.090398774936,0
VRC,D,20230404,000000,44.6274,44.7209,44.5342,44.5342,929.703590569969,0
VRC,D,20230405,000000,44.5342,45.5611,44.3474,45.281,6291.565542635943,0
VRC,D,20230406,000000,45.3745,45.5611,43.9741,44.8143,2004.0039377378018,0
VRC,D,20230411,000000,44.8143,45.7478,44.8143,45.7478,4005.865701303784,0
VRC,D,20230412,000000,45.7478,45.8414,44.3474,45.7478,2499.9172585141796,0
VRC,D,20230413,000000,45.8414,45.8414,44.6274,45.4678,956.4807677177216,0
VRC,D,20230414,000000,45.3745,45.7478,44.8143,45.7478,2141.103084734295,0
VRC,D,20230417,000000,45.7478,45.7478,44.6274,45.001,387.7335250994572,0
VRC,D,20230418,000000,45.281,45.281,44.8143,44.8143,154.2365403710548,0
VRC,D,20230419,000000,44.8143,44.8143,44.0674,44.2541,1447.0386530645487,0
VRC,D,20230420,000000,44.4409,45.7478,44.4409,45.7478,4110.832235722974,0
VRC,D,20230421,000000,45.7478,46.028,45.6545,45.7478,1443.8253918068183,0
VRC,D,20230424,000000,45.7478,46.8683,45.7478,46.8683,12891.604166013994,0
VRC,D,20230425,000000,46.8683,47.055,46.6814,46.6814,947.9120710304408,0
VRC,D,20230426,000000,47.055,47.4284,46.6814,47.4284,5041.606913378852,0
VRC,D,20230427,000000,47.4284,50.4161,46.6814,48.1754,7876.774429782894,0
VRC,D,20230428,000000,48.1754,50.0427,47.6151,48.3621,2797.6794683971875,0
VRC,D,20230502,000000,47.9887,49.109,46.8683,49.109,8619.037780318597,0
VRC,D,20230504,000000,49.109,50.6027,47.8019,47.8019,8402.678188964754,0
VRC,D,20230505,000000,48.1754,49.4823,48.1754,49.4823,1379.560166652212,0
VRC,D,20230508,000000,49.4823,49.6691,48.3621,49.4823,597.6665939378372,0
VRC,D,20230509,000000,49.2957,51.163,48.9223,51.163,4627.096211131643,0
VRC,D,20230510,000000,50.6027,51.3497,49.4823,51.3497,4132.253977441175,0
VRC,D,20230511,000000,50.2293,50.9763,50.2293,50.4161,1000.3953382400358,0
VRC,D,20230512,000000,50.4161,51.7232,50.4161,51.3497,3873.0509026509308,0
VRC,D,20230515,000000,50.6027,51.5364,50.6027,51.3497,3337.50735969588,0
VRC,D,20230516,000000,51.3497,53.0302,50.6027,53.0302,4217.940944313984,0
VRC,D,20230517,000000,52.8436,53.0302,50.4161,50.4161,2932.6364412218613,0
VRC,D,20230518,000000,50.6027,51.3497,50.6027,51.163,681.2113866388253,0
VRC,D,20230519,000000,51.9099,52.2833,51.3497,52.2833,5207.6254116949185,0
VRC,D,20230522,000000,52.2833,54.1506,52.2833,53.9639,3240.0384348780603,0
VRC,D,20230523,000000,54.1506,55.0842,53.217,53.9639,2333.8987601981135,0
VRC,D,20230524,000000,53.7772,54.8975,53.0302,54.8975,6610.749494237153,0
VRC,D,20230525,000000,54.8975,55.271,53.7772,54.8975,2497.7750843423596,0
VRC,D,20230526,000000,54.8975,56.0179,54.524,55.8311,5003.04777828609,0
VRC,D,20230529,000000,56.0179,57.5115,56.0179,56.0179,4559.617724719307,0
VRC,D,20230530,000000,56.3913,57.6984,56.2046,56.7648,1579.853451717401,0
VRC,D,20230531,000000,56.578,56.578,53.0302,54.3373,3728.4541460530672,0
VRC,D,20230601,000000,54.1506,54.1506,51.7232,53.9639,3764.87110697401,0
VRC,D,20230602,000000,54.524,55.4576,53.217,54.524,5291.170204395907,0
VRC,D,20230605,000000,54.524,55.4576,52.2833,55.0842,5672.477206979903,0
VRC,D,20230606,000000,55.0842,56.9515,54.1506,56.7648,10716.226294530576,0
VRC,D,20230607,000000,56.9515,58.8188,56.578,58.8188,7157.003908051306,0
VRC,D,20230609,000000,58.8188,59.7524,57.8851,59.7524,3755.2313232008196,0
VRC,D,20230612,000000,59.9391,62.3665,59.3788,61.6197,8014.944663865297,0
VRC,D,20230613,000000,61.6197,62.5533,61.0595,61.6197,4422.5185777228135,0
VRC,D,20230614,000000,61.4328,61.4328,60.686,61.2461,16018.107369785585,0
VRC,D,20230615,000000,61.0595,61.0595,59.3788,60.4992,3157.5647292629824,0
VRC,D,20230616,000000,59.7524,61.9932,59.1923,61.9932,6466.15273763929,0
VRC,D,20230619,000000,60.686,62.3665,60.686,61.4328,2384.2398532358884,0
VRC,D,20230620,000000,62.1798,62.1798,59.5657,61.6197,2384.2398532358884,0
VRC,D,20230621,000000,61.4328,61.4328,60.1259,61.0595,4753.4844872690355,0
VRC,D,20230622,000000,61.0595,61.0595,60.4992,60.686,9375.225262971127,0
VRC,D,20230623,000000,60.686,61.0595,59.7524,60.686,6811.042779302342,0
VRC,D,20230626,000000,59.9391,61.4328,59.9391,61.4328,2453.860513820045,0
VRC,D,20230627,000000,61.2461,61.9932,60.3124,61.8064,10555.56323164406,0
VRC,D,20230628,000000,61.2461,63.4869,60.8728,63.4869,8013.873576779388,0
VRC,D,20230629,000000,63.4869,67.2214,62.3665,67.2214,11494.90660598722,0
VRC,D,20230630,000000,67.4081,67.4081,64.6073,67.2214,2038.278724486925,0
VRC,D,20230703,000000,67.2214,67.2214,63.4869,66.848,4925.929508100562,0
VRC,D,20230704,000000,66.848,68.155,66.6613,67.595,6357.972941962368,0
VRC,D,20230705,000000,67.595,68.3417,67.4081,68.155,4481.428367447869,0
VRC,D,20230706,000000,68.155,68.7152,67.2214,68.155,5883.481362904194,0
VRC,D,20230707,000000,68.155,68.155,64.6073,66.4746,3335.3651855240596,0
VRC,D,20230710,000000,66.2877,67.0347,63.8604,67.0347,3678.1130530152923,0
VRC,D,20230711,000000,67.0347,67.0347,64.4205,66.2877,3738.0939298262583,0
VRC,D,20230712,000000,66.2877,66.2877,65.3541,66.1011,3256.104741166712,0
VRC,D,20230713,000000,66.1011,66.1011,64.7941,64.9807,531.2591946114109,0
VRC,D,20230714,000000,65.7277,66.1011,63.8604,65.5409,4253.286818149017,0
VRC,D,20230717,000000,65.3541,65.3541,61.4328,61.4328,7327.306754711011,0
VRC,D,20230718,000000,61.4328,63.1134,58.8188,62.5533,7463.334814621595,0
VRC,D,20230719,000000,62.5533,64.9807,62.5533,64.9807,4495.3524995647,0
VRC,D,20230720,000000,64.7941,65.1674,63.8604,64.2337,3804.501329152685,0
VRC,D,20230721,000000,64.2337,65.1674,63.6737,65.1674,560.1785459309837,0
VRC,D,20230724,000000,65.1674,65.3541,63.8604,63.8604,6801.402995529151,0
VRC,D,20230725,000000,63.6737,64.6073,62.5533,64.0471,1954.7339317859373,0
VRC,D,20230726,000000,64.0471,64.0471,61.6197,62.3665,1418.1193017449757,0
VRC,D,20230727,000000,62.9268,62.9268,61.6197,61.6197,2513.8413906310107,0
VRC,D,20230728,000000,61.8064,63.1134,61.6197,63.1134,912.5661971954073,0
VRC,D,20230731,000000,62.1798,63.4869,61.9932,62.9268,1348.4986411608195,0
VRC,D,20230801,000000,63.1134,64.4205,62.9268,64.2337,2231.0743999507436,0
VRC,D,20230802,000000,64.2337,64.4205,62.5533,64.4205,2567.3957449265154,0
VRC,D,20230803,000000,62.9268,64.4205,61.9932,64.2337,2111.1126463288124,0
VRC,D,20230804,000000,64.2337,64.2337,61.0595,62.1798,2922.9966574486702,0
VRC,D,20230807,000000,61.6197,61.6197,59.1923,60.686,2175.3778714834184,0
VRC,D,20230808,000000,59.7524,61.0595,58.0719,59.0055,2321.0457151671917,0
VRC,D,20230809,000000,58.0719,58.4452,56.578,57.5115,3364.2845368436324,0
VRC,D,20230810,000000,57.3249,60.4992,55.0842,58.8188,10464.520829341702,0
VRC,D,20230811,000000,58.8188,60.686,58.8188,60.686,1452.3940884940992,0
VRC,D,20230814,000000,60.686,63.1134,60.3124,61.9932,3509.9523805274057,0
VRC,D,20230816,000000,61.9932,63.6737,61.9932,63.6737,10741.93238459242,0
VRC,D,20230817,000000,63.6737,63.6737,63.1134,63.6737,2721.6322852975704,0
VRC,D,20230818,000000,64.4338,64.4338,62.3431,64.0538,1865.6232553885097,0
VRC,D,20230821,000000,62.7233,62.7233,61.963,62.7233,660.807334677938,0
VRC,D,20230822,000000,62.7233,63.6737,62.153,63.6737,620.82217748405,0
VRC,D,20230823,000000,63.6737,63.6737,62.3431,63.4835,490.3442961145209,0
VRC,D,20230824,000000,63.4835,63.6737,62.3431,62.7233,1376.3312002527753,0
VRC,D,20230825,000000,61.0126,62.5332,58.5418,61.5828,2247.5867306880186,0
VRC,D,20230828,000000,61.2027,61.2027,59.4921,60.8226,349.34400495712646,0
VRC,D,20230829,000000,60.8226,61.2027,60.2524,60.4424,449.3068979418464,0
VRC,D,20230830,000000,60.0623,60.8226,58.9218,59.8721,786.0240111535346,0
VRC,D,20230831,000000,59.8721,61.3928,59.8721,61.3928,939.6511940563672,0
VRC,D,20230901,000000,61.3928,63.4835,60.8226,63.4835,1380.5401641679216,0
VRC,D,20230904,000000,62.153,64.2439,62.153,63.8636,1298.4653678225725,0
VRC,D,20230905,000000,64.4338,68.2354,64.2439,68.2354,26677.465535174782,0
VRC,D,20230906,000000,68.2354,68.6155,65.0041,66.3346,6415.513247661446,0
VRC,D,20230907,000000,66.3346,66.3346,64.2439,65.7644,2508.542493427077,0
VRC,D,20230908,000000,66.5247,66.5247,64.814,65.9545,4039.5531175614715,0
VRC,D,20230911,000000,66.5247,67.475,65.3843,66.3346,2597.9829766239313,0
VRC,D,20230912,000000,66.3346,66.3346,64.814,65.5743,4098.478612373517,0
VRC,D,20230913,000000,65.5743,65.5743,64.4338,65.1942,3523.955037956074,0
VRC,D,20230914,000000,65.1942,65.3843,64.4338,65.1942,4561.464643039589,0
VRC,D,20230915,000000,65.1942,65.1942,63.4835,64.2439,1901.3994486672516,0
VRC,D,20230918,000000,64.2439,64.624,60.8226,62.3431,8506.316072510272,0
VRC,D,20230919,000000,61.963,62.153,60.4424,60.6325,2615.871073263302,0
VRC,D,20230920,000000,60.8226,61.7729,60.8226,61.5828,4122.680154885607,0
VRC,D,20230921,000000,61.3928,61.7729,61.0126,61.3928,549.2697909265663,0
VRC,D,20230922,000000,64.2439,64.2439,61.7729,62.5332,1640.4436859281932,0
VRC,D,20230925,000000,61.3928,61.5828,61.0126,61.2027,642.9192380385671,0
VRC,D,20230926,000000,61.5828,61.7729,61.0126,61.0126,755.5090227687252,0
VRC,D,20230927,000000,61.0126,61.5828,60.4424,60.8226,539.7996221174875,0
VRC,D,20230928,000000,61.3928,61.3928,57.4013,57.5913,7280.45533222397,0
VRC,D,20230929,000000,57.9715,59.3019,57.9715,58.3516,634.5013102082748,0
VRC,D,20231002,000000,57.9715,58.9218,57.9715,58.5418,4211.068397103675,0
VRC,D,20231003,000000,58.5418,58.9218,57.9715,58.7318,6372.371367531198,0
VRC,D,20231004,000000,58.7318,61.963,57.9715,60.4424,5556.884608971642,0
VRC,D,20231005,000000,60.6325,63.8636,60.6325,63.1035,1579.4137091585746,0
VRC,D,20231006,000000,62.153,64.0538,61.7729,63.6737,1709.891590528104,0
VRC,D,20231009,000000,61.963,62.3431,61.5828,62.3431,521.9115254781167,0
VRC,D,20231010,000000,62.7233,62.9133,61.7729,62.7233,3037.8197057566995,0
VRC,D,20231011,000000,63.4835,64.2439,59.8721,63.6737,26249.203456808664,0
VRC,D,20231012,000000,63.6737,64.2439,62.5332,63.4835,9632.213919811855,0
VRC,D,20231013,000000,63.1035,63.8636,62.7233,63.4835,3376.6413009259604,0
VRC,D,20231016,000000,63.2934,63.2934,61.7729,63.1035,4221.5908068915405,0
VRC,D,20231017,000000,63.1035,63.1035,61.7729,63.1035,1992.9444138216795,0
VRC,D,20231018,000000,61.7729,63.4835,61.2027,61.963,5278.040749593212,0
VRC,D,20231019,000000,61.3928,61.3928,60.8226,61.3928,1421.577562340596,0
VRC,D,20231020,000000,61.3928,61.3928,60.2524,60.8226,1519.435973367743,0
VRC,D,20231023,000000,61.2027,61.3928,59.8721,61.3928,1023.8304723592894,0
VRC,D,20231024,000000,61.3928,61.3928,60.6325,61.3928,401.9560538964528,0
VRC,D,20231025,000000,60.2524,61.0126,58.5418,58.9218,4548.83775129415,0
VRC,D,20231026,000000,58.3516,60.8226,57.9715,60.8226,1749.8767477219917,0
VRC,D,20231027,000000,60.8226,60.8226,60.4424,60.8226,345.1350410419804,0
VRC,D,20231030,000000,60.8226,63.4835,60.6325,63.4835,2247.5867306880186,0
VRC,D,20231031,000000,63.4835,65.3843,62.9133,65.0041,4977.099829660266,0
VRC,D,20231102,000000,65.1942,66.3346,65.1942,66.1445,3440.8280006319383,0
VRC,D,20231103,000000,66.1445,66.1445,64.0538,65.5743,981.7408332078284,0
VRC,D,20231106,000000,64.814,65.5743,64.624,65.3843,857.5763977110183,0
VRC,D,20231107,000000,64.0538,64.624,62.5332,64.0538,1642.5481678857664,0
VRC,D,20231108,000000,63.6737,63.6737,58.7318,60.8226,7187.858126090756,0
VRC,D,20231109,000000,61.0126,62.7233,61.0126,62.7233,1767.7648443613627,0
VRC,D,20231110,000000,62.7233,63.8636,62.7233,63.4835,2159.19848846995,0
VRC,D,20231113,000000,63.2934,65.1942,62.3431,64.624,2975.737488008294,0
VRC,D,20231114,000000,64.624,64.624,63.2934,64.2439,1674.1153972493623,0
VRC,D,20231115,000000,64.2439,65.0041,63.2934,64.0538,13571.804144388605,0
VRC,D,20231116,000000,64.4338,64.4338,63.8636,64.2439,13910.625739557869,0
VRC,D,20231117,000000,64.2439,64.2439,63.2934,63.2934,5315.9214248295275,0
VRC,D,20231120,000000,63.2934,64.2439,63.2934,64.0538,1862.4665324521502,0
VRC,D,20231121,000000,63.8636,64.2439,63.4835,63.4835,794.4419389838268,0
VRC,D,20231122,000000,63.2934,63.4835,62.7233,62.9133,962.8004955896708,0
VRC,D,20231123,000000,63.6737,63.6737,61.7729,63.2934,1971.8995942459487,0
VRC,D,20231124,000000,62.9133,63.4835,62.153,63.4835,1281.629512161988,0
VRC,D,20231127,000000,63.4835,63.4835,61.7729,62.5332,676.5909493597359,0
VRC,D,20231128,000000,61.963,62.5332,61.2027,61.2027,1503.652358685945,0
VRC,D,20231129,000000,61.3928,63.4835,61.3928,62.7233,7429.873551211657,0
VRC,D,20231130,000000,63.6737,64.0538,62.7233,63.1035,54657.60540208728,0
VRC,D,20231201,000000,63.1035,66.1445,63.1035,63.8636,41693.996543437286,0
VRC,D,20231204,000000,64.2439,64.814,63.1035,64.624,66439.54764156001,0
VRC,D,20231205,000000,64.624,65.0041,63.2934,64.624,26146.083840887586,0
VRC,D,20231206,000000,64.624,67.475,63.8636,66.5247,6905.857543775966,0
VRC,D,20231207,000000,67.0949,69.3757,67.0949,68.9956,5371.690196705214,0
VRC,D,20231208,000000,69.5658,70.326,68.9956,69.3757,3467.1340251016013,0
VRC,D,20231211,000000,69.3757,69.5658,68.8055,69.3757,11431.545993536814,0
VRC,D,20231212,000000,70.326,72.2269,70.326,72.0367,9283.922155833514,0
VRC,D,20231213,000000,72.4169,74.5077,72.4169,74.5077,8622.062580176791,0
VRC,D,20231214,000000,74.5077,74.5077,70.5162,71.4665,7710.821892547659,0
VRC,D,20231215,000000,71.4665,74.3175,71.4665,74.3175,3642.8582685589513,0
VRC,D,20231218,000000,74.3175,75.268,74.3175,74.6978,2583.25160292092,0
VRC,D,20231219,000000,75.268,75.268,74.1276,74.6978,2199.183645663838,0
VRC,D,20231220,000000,75.268,75.268,72.9871,73.3672,3172.5065510413747,0
VRC,D,20231221,000000,72.6069,73.7474,72.0367,73.3672,4853.987635142243,0
VRC,D,20231222,000000,73.7474,73.7474,71.8467,72.4169,4529.897413675992,0
VRC,D,20231227,000000,72.4169,73.5573,72.0367,73.1772,4191.075818506732,0
VRC,D,20231228,000000,73.1772,74.3175,72.4169,74.3175,3090.4317546960256,0
VRC,D,20231229,000000,74.5077,75.0779,72.9871,74.3175,2584.303843899707,0
VRC,D,20240102,000000,73.3672,73.9374,71.6566,72.6069,2307.5644664788506,0
VRC,D,20240103,000000,71.6566,72.6069,68.0452,71.2765,10144.655276480893,0
VRC,D,20240104,000000,70.7062,72.9871,68.9956,71.6566,3819.634752995088,0
VRC,D,20240105,000000,71.2765,73.9374,71.2765,73.9374,1552.0554437101252,0
VRC,D,20240108,000000,73.1772,74.1276,72.797,72.797,2342.2884187788054,0
VRC,D,20240109,000000,73.1772,73.1772,71.8467,72.6069,3677.582220858907,0
VRC,D,20240110,000000,73.7474,73.9374,72.2269,72.2269,1324.7713922922355,0
VRC,D,20240111,000000,73.1772,73.1772,71.6566,71.6566,4165.822035015854,0
VRC,D,20240112,000000,71.6566,72.0367,70.7062,71.0864,5831.519504434924,0
VRC,D,20240115,000000,71.8467,73.1772,71.2765,72.2269,3506.0669413167025,0
VRC,D,20240116,000000,71.6566,72.9871,71.6566,72.9871,1110.1142326197846,0
VRC,D,20240117,000000,72.9871,72.9871,72.2269,72.2269,3388.215951692612,0
VRC,D,20240118,000000,72.6069,77.9289,72.6069,77.5488,9205.004082424524,0
VRC,D,20240119,000000,77.9289,79.2595,77.5488,77.9289,6938.477014118349,0
VRC,D,20240122,000000,78.309,79.6396,76.7885,79.6396,3476.6041939106804,0
VRC,D,20240123,000000,79.6396,79.8296,76.9786,78.4991,1731.988651082621,0
VRC,D,20240124,000000,79.2595,79.8296,77.5488,77.5488,1064.867870531964,0
VRC,D,20240125,000000,77.5488,77.7389,76.5984,77.5488,429.3143193449024,0
VRC,D,20240126,000000,78.4991,79.2595,77.3587,79.2595,417.7396685782507,0
VRC,D,20240129,000000,79.0694,79.4494,77.1686,78.4991,1021.7259904017162,0
VRC,D,20240130,000000,78.119,79.0694,77.7389,78.6893,712.3671426384777,0
VRC,D,20240131,000000,78.8792,78.8792,77.7389,77.7389,1245.8533188832462,0
VRC,D,20240201,000000,77.5488,77.9289,75.6481,77.9289,2595.8784946663586,0
VRC,D,20240202,000000,80.78,80.78,78.309,78.8792,2500.1245655967846,0
VRC,D,20240205,000000,78.4991,79.6396,77.7389,79.6396,1507.861322601091,0
VRC,D,20240206,000000,79.6396,79.6396,76.5984,77.5488,1664.6452284402833,0
VRC,D,20240207,000000,77.3587,77.5488,76.4084,77.5488,1078.5470032561886,0
VRC,D,20240208,000000,77.7389,78.119,76.4084,77.9289,3271.4172030473082,0
VRC,D,20240209,000000,77.9289,79.0694,76.9786,77.1686,2453.8259625301775,0
VRC,D,20240212,000000,77.1686,78.6893,77.1686,78.4991,518.754802541757,0
VRC,D,20240213,000000,78.8792,78.8792,77.9289,78.309,534.538417223555,0
VRC,D,20240214,000000,78.309,78.309,76.5984,77.1686,3140.9393216777785,0
VRC,D,20240215,000000,77.1686,77.1686,76.2183,76.5984,3474.4997119531076,0
VRC,D,20240216,000000,76.5984,77.1686,74.3175,76.7885,8746.2270156736,0
VRC,D,20240219,000000,77.7389,82.8707,77.7389,82.1105,12256.50292090545,0
VRC,D,20240220,000000,82.1105,82.6808,81.1601,82.6808,1160.6217996015378,0
VRC,D,20240221,000000,82.6808,83.4409,81.9204,82.3005,714.4716245960509,0
VRC,D,20240222,000000,81.9204,83.6311,81.7303,83.6311,1820.376893300689,0
VRC,D,20240223,000000,83.8211,84.0111,82.6808,83.4409,2853.677534469057,0
VRC,D,20240226,000000,83.4409,84.5814,81.1601,81.9204,4322.605940855047,0
VRC,D,20240227,000000,85.3416,90.0935,85.3416,90.0935,28637.79047865408,0
VRC,D,20240228,000000,90.8536,92.9445,89.3331,92.5643,13637.043085073372,0
VRC,D,20240229,000000,92.5643,96.4611,91.8041,95.0353,19003.47207688465,0
VRC,D,20240301,000000,95.9856,104.063,95.9856,104.063,18383.702140379388,0
VRC,D,20240304,000000,105.965,110.241,100.263,102.163,12807.87719378959,0
VRC,D,20240305,000000,101.213,109.29,99.7871,109.29,4405.732978179182,0
VRC,D,20240306,000000,108.815,114.042,108.815,110.241,6754.334842830708,0
VRC,D,20240307,000000,112.616,113.092,107.391,109.29,4260.523723106642,0
VRC,D,20240308,000000,109.29,109.29,101.688,104.539,4767.703874881748,0
VRC,D,20240311,000000,104.539,105.489,99.7871,101.213,4831.8905745877255,0
VRC,D,20240312,000000,101.213,110.241,101.213,110.241,4881.345900590692,0
VRC,D,20240313,000000,110.241,112.616,106.439,108.815,7509.843865599433,0
VRC,D,20240314,000000,108.815,112.142,108.34,109.29,12648.988805992823,0
VRC,D,20240315,000000,109.29,109.29,104.539,105.489,4484.651051588172,0
VRC,D,20240318,000000,105.489,109.29,101.688,109.29,2989.416620732519,0
VRC,D,20240319,000000,109.29,109.29,104.539,105.489,1275.316066289269,0
VRC,D,20240320,000000,106.439,106.915,104.539,105.014,914.3974105654906,0
VRC,D,20240321,000000,106.439,106.439,103.113,104.539,1781.4439770855877,0
VRC,D,20240322,000000,105.965,107.864,104.539,106.439,1865.6232553885097,0
VRC,D,20240325,000000,106.439,109.29,105.489,107.391,5172.81665171456,0
VRC,D,20240326,000000,107.391,111.667,107.391,109.29,2565.3635062815492,0
VRC,D,20240327,000000,110.716,114.042,110.241,113.092,4401.524014264036,0
VRC,D,20240328,000000,113.092,116.894,113.092,114.518,3851.2019823586834,0
VRC,D,20240402,000000,115.468,115.943,108.34,110.716,3058.8645253324294,0
VRC,D,20240403,000000,111.667,112.616,110.241,111.191,720.7850704687698,0
VRC,D,20240404,000000,112.616,113.092,110.241,111.191,565.0534056083643,0
VRC,D,20240405,000000,110.716,110.716,108.34,109.766,2722.1474121207416,0
VRC,D,20240408,000000,109.29,111.191,108.34,111.191,2164.4596933638827,0
VRC,D,20240409,000000,111.191,113.566,108.815,109.766,1718.3095183583962,0
VRC,D,20240410,000000,108.815,113.566,103.588,110.716,5484.27998143537,0
VRC,D,20240411,000000,110.241,110.716,107.864,110.716,2122.370054212422,0
VRC,D,20240412,000000,110.716,112.142,109.29,110.241,1328.9803562073819,0
VRC,D,20240415,000000,110.241,110.716,105.014,109.766,2522.2216261513017,0
VRC,D,20240416,000000,108.34,108.815,105.489,107.864,3335.603902753286,0
VRC,D,20240417,000000,107.864,112.142,107.391,111.191,1551.0032027313387,0
VRC,D,20240418,000000,111.191,111.191,109.29,110.716,591.3594300780272,0
VRC,D,20240419,000000,110.241,110.241,108.34,109.29,869.1510484776701,0
VRC,D,20240422,000000,108.34,112.142,108.34,112.142,2468.557336233189,0
VRC,D,20240423,000000,112.142,113.566,109.766,111.667,2470.6618181907616,0
VRC,D,20240424,000000,112.616,112.616,107.864,109.766,1688.8467709523736,0
VRC,D,20240425,000000,108.34,113.092,108.34,109.29,1238.4876320317403,0
VRC,D,20240426,000000,108.34,110.241,108.34,109.766,629.2401053143423,0
VRC,D,20240429,000000,109.766,110.241,108.34,109.29,4083.7472386705053,0
VRC,D,20240430,000000,110.241,110.716,109.29,110.241,572.41909245987,0
VRC,D,20240502,000000,111.191,111.191,108.34,109.29,918.6063744806368,0
VRC,D,20240506,000000,111.191,112.142,106.915,109.29,2788.4385937842926,0
VRC,D,20240507,000000,108.34,111.191,108.34,111.191,1484.7120210677874,0
VRC,D,20240508,000000,111.191,112.142,110.241,111.191,3544.9998575318045,0
VRC,D,20240509,000000,111.191,112.142,109.29,110.241,779.7105652808154,0
VRC,D,20240510,000000,109.766,112.142,109.29,112.142,1594.145082861586,0
VRC,D,20240513,000000,112.142,120.22,111.667,119.744,8410.562143440698,0
VRC,D,20240514,000000,120.694,125.447,120.694,123.071,5929.3779154620715,0
VRC,D,20240515,000000,123.071,125.447,121.17,123.545,2062.39231842159,0
VRC,D,20240516,000000,120.694,123.545,120.22,122.595,1860.3620504945773,0
VRC,D,20240517,000000,122.595,123.545,119.744,123.545,1744.6155428280595,0
VRC,D,20240520,000000,123.545,125.447,122.595,124.021,3260.8947932594424,0
VRC,D,20240521,000000,124.021,133.999,124.021,133.999,6583.87180426729,0
VRC,D,20240522,000000,135.425,141.603,133.049,136.851,9636.422883727,0
VRC,D,20240523,000000,140.177,143.503,138.751,140.652,7319.3882484390715,0
VRC,D,20240524,000000,140.652,141.603,132.099,133.999,5002.353613151143,0
VRC,D,20240527,000000,134.475,136.851,132.099,132.099,2142.362632809366,0
VRC,D,20240528,000000,136.422,137.383,132.579,135.942,7091.555366358609,0
VRC,D,20240529,000000,135.942,137.863,131.619,132.099,3884.5860307133908,0
VRC,D,20240531,000000,131.619,136.422,120.09,129.698,11986.8415674425,0
VRC,D,20240603,000000,130.658,134.501,130.177,133.54,1826.7546848612005,0
VRC,D,20240604,000000,134.021,136.422,131.138,131.619,920.1431005226789,0
VRC,D,20240605,000000,131.619,134.021,129.698,130.177,9098.38330505513,0
VRC,D,20240606,000000,130.177,130.658,125.854,130.658,4962.943782004675,0
VRC,D,20240607,000000,130.658,133.54,127.295,130.177,583.9369676393923,0
VRC,D,20240610,000000,131.138,131.619,129.698,130.658,1073.1533219896853,0
VRC,D,20240611,000000,130.177,130.177,128.256,128.256,2009.9505962774804,0
VRC,D,20240612,000000,128.256,129.698,126.335,127.776,2536.638841599285,0
VRC,D,20240613,000000,127.295,127.295,121.051,121.051,3828.3781942561227,0
VRC,D,20240614,000000,121.051,123.933,117.208,117.208,4346.73935269537,0
VRC,D,20240617,000000,117.208,121.531,116.247,119.13,3656.6320273033607,0
VRC,D,20240618,000000,119.13,123.933,119.13,121.051,1357.3151618569832,0
VRC,D,20240619,000000,122.492,128.737,122.492,127.776,1245.9403748027676,0
VRC,D,20240620,000000,129.217,130.658,121.051,128.737,4533.057921692608,0
VRC,D,20240621,000000,128.737,130.658,127.776,130.658,4734.989778594645,0
VRC,D,20240624,000000,130.177,130.177,127.295,129.217,1024.231686554656,0
VRC,D,20240625,000000,128.737,130.177,127.776,130.177,917.0204429417195,0
VRC,D,20240626,000000,130.177,130.177,127.295,127.776,409.0681431056705,0
VRC,D,20240627,000000,127.776,130.177,125.854,130.177,800.4412265859049,0
VRC,D,20240628,000000,130.658,130.658,129.217,130.177,415.31345826758917,0
VRC,D,20240701,000000,128.737,128.737,127.776,128.737,1127.2793867263133,0
VRC,D,20240702,000000,128.737,130.658,126.815,130.177,1467.649063050879,0
VRC,D,20240703,000000,130.177,130.177,125.854,126.815,778.5826235191897,0
VRC,D,20240704,000000,126.815,126.815,125.854,126.335,295.6115843308154,0
VRC,D,20240705,000000,126.335,126.335,124.414,124.414,1539.4701874129435,0
VRC,D,20240708,000000,122.972,129.698,122.972,123.933,1771.5877342642527,0
VRC,D,20240709,000000,124.893,124.893,121.531,121.531,2303.4804088876563,0
VRC,D,20240710,000000,122.972,122.972,119.13,121.531,1511.3662691843097,0
VRC,D,20240711,000000,121.531,121.531,120.09,120.09,592.2640545219506,0
VRC,D,20240712,000000,119.13,122.492,118.649,122.492,1165.7921635581451,0
VRC,D,20240715,000000,122.011,122.011,118.649,120.57,2405.487223198994,0
VRC,D,20240716,000000,120.09,120.09,117.208,118.649,1625.8637138194845,0
VRC,D,20240717,000000,119.13,121.531,117.688,120.57,1342.7427598125064,0
VRC,D,20240718,000000,122.492,123.453,120.57,123.453,536.0562180646828,0
VRC,D,20240719,000000,122.492,124.893,121.051,124.893,1216.795570713814,0
VRC,D,20240722,000000,124.893,124.893,118.169,119.609,2548.0885860628027,0
VRC,D,20240723,000000,119.609,119.609,115.767,116.727,1260.5127768472444,0
VRC,D,20240724,000000,115.767,122.972,113.365,120.57,3508.826235137953,0
VRC,D,20240725,000000,119.609,119.609,115.286,116.247,1944.374787077335,0
VRC,D,20240726,000000,115.286,117.688,114.325,117.688,1270.9216354504422,0
VRC,D,20240729,000000,118.649,118.649,115.767,117.688,832.708688255818,0
VRC,D,20240730,000000,117.688,117.688,115.767,116.727,721.3339012016023,0
VRC,D,20240731,000000,117.208,119.609,116.727,116.727,957.6149914941906,0
VRC,D,20240801,000000,118.169,120.09,116.247,119.13,1206.3867121106164,0
VRC,D,20240802,000000,115.767,120.09,115.767,118.169,1765.3424191023341,0
VRC,D,20240805,000000,115.286,115.286,100.396,106.159,22979.637138279613,0
VRC,D,20240806,000000,108.081,110.483,97.5131,101.836,12432.34071565936,0
VRC,D,20240807,000000,100.396,109.041,100.396,109.041,7405.902896175181,0
VRC,D,20240808,000000,108.081,108.081,102.797,106.64,5423.015332266014,0
VRC,D,20240809,000000,108.081,109.041,104.718,104.718,7693.187393623438,0
VRC,D,20240812,000000,104.718,108.562,104.718,107.12,1357.3151618569832,0
VRC,D,20240813,000000,108.562,110.002,107.12,107.12,1007.5775127895396,0
VRC,D,20240814,000000,108.081,109.522,108.081,109.041,347.655877346804,0
VRC,D,20240816,000000,110.002,113.846,110.002,111.924,918.0613288020392,0
VRC,D,20240819,000000,112.404,114.325,108.562,110.483,3211.1328790864977,0
VRC,D,20240820,000000,110.483,110.483,109.041,109.041,851.4446337415739,0
VRC,D,20240821,000000,109.041,109.522,107.12,107.12,735.9063032460791,0
VRC,D,20240822,000000,107.12,107.601,105.68,107.601,875.3850085289286,0
VRC,D,20240823,000000,107.601,107.601,104.238,107.601,758.8057921731141,0
VRC,D,20240826,000000,105.68,106.64,104.718,105.199,792.1141397033467,0
VRC,D,20240827,000000,104.718,107.601,104.238,107.601,1326.08858604739,0
VRC,D,20240828,000000,107.601,107.601,104.718,105.68,686.9846678110498,0
VRC,D,20240829,000000,105.199,105.199,103.757,105.199,1227.2044293170115,0
VRC,D,20240830,000000,105.199,105.68,103.757,105.68,1297.9846678187562,0
VRC,D,20240902,000000,104.238,113.846,103.757,110.483,4266.591141450747,0
VRC,D,20240903,000000,114.806,121.051,114.325,119.609,10524.396933693219,0
VRC,D,20240904,000000,117.688,119.609,113.846,119.13,3308.9761499565566,0
VRC,D,20240905,000000,117.208,120.57,116.727,116.727,8012.739352741608,0
VRC,D,20240906,000000,115.286,116.247,114.325,114.806,2099.466780264981,0
VRC,D,20240909,000000,113.846,113.846,107.12,111.924,2321.1754685130927,0
VRC,D,20240910,000000,110.964,111.924,109.041,109.522,1072.1124361293655,0
VRC,D,20240911,000000,109.522,110.002,105.68,107.12,9319.051107442921,0
VRC,D,20240912,000000,107.601,109.041,106.159,107.601,1635.2316865623623,0
VRC,D,20240913,000000,107.601,107.601,104.718,107.601,1259.4718909869248,0
VRC,D,20240916,000000,105.68,107.601,105.199,106.64,1197.0187393677381,0
VRC,D,20240917,000000,107.12,107.601,105.68,107.601,971.1465076783477,0
VRC,D,20240918,000000,107.601,111.924,106.159,111.443,2186.901192531842,0
VRC,D,20240919,000000,111.443,114.325,111.443,113.365,513.1567291376477,0
VRC,D,20240920,000000,113.365,115.286,110.002,111.443,1029.436115856255,0
VRC,D,20240923,000000,110.483,110.483,107.601,107.601,718.211243620643,0
VRC,D,20240924,000000,107.601,112.404,107.601,112.404,935.7563884274754,0
VRC,D,20240925,000000,112.404,117.208,112.404,117.208,2709.4258944123676,0
VRC,D,20240926,000000,117.208,118.649,116.247,118.169,1107.502555380238,0
VRC,D,20240927,000000,118.169,122.492,117.688,119.13,14786.824531702687,0
VRC,D,20240930,000000,119.13,122.972,118.649,118.649,33167.82793908955,0
VRC,D,20241001,000000,119.13,119.13,115.767,115.767,1226.1635434566917,0
VRC,D,20241002,000000,117.208,117.208,114.806,114.806,5530.226575878951,0
VRC,D,20241003,000000,114.806,116.247,114.806,115.286,1041.926746180092,0
VRC,D,20241004,000000,114.806,117.688,114.325,115.767,591.2231686616308,0
VRC,D,20241007,000000,115.767,118.649,111.924,111.924,1428.0954003587276,0
VRC,D,20241008,000000,112.404,113.365,106.159,110.002,3077.899488965567,0
VRC,D,20241009,000000,109.041,114.806,108.562,113.365,1385.4190800856172,0
VRC,D,20241010,000000,112.885,115.286,112.885,115.286,1328.1703577680296,0
VRC,D,20241011,000000,115.286,117.208,113.846,117.208,479.8483816074151,0
VRC,D,20241014,000000,117.688,117.688,112.885,112.885,477.7666098867755,0
VRC,D,20241015,000000,112.404,112.885,110.483,112.885,1108.5434412405577,0
VRC,D,20241016,000000,112.885,116.727,112.404,115.767,853.5264054622133,0
VRC,D,20241017,000000,115.286,115.767,111.443,111.443,411.1499148263101,0
VRC,D,20241018,000000,110.964,117.208,110.964,117.208,1199.1005110883777,0
VRC,D,20241021,000000,117.688,117.688,114.325,114.325,1534.2657581113444,0
VRC,D,20241022,000000,116.247,117.688,113.365,115.286,1663.3356047909963,0
VRC,D,20241023,000000,115.286,115.286,112.404,115.286,518.3611584392467,0
VRC,D,20241024,000000,115.286,117.208,114.325,114.325,2661.545144837658,0
VRC,D,20241025,000000,114.325,114.325,110.964,113.365,1554.04258945742,0
VRC,D,20241028,000000,113.365,114.325,112.404,114.325,749.4378194302361,0
VRC,D,20241029,000000,113.846,116.727,112.885,114.325,1134.565587748552,0
VRC,D,20241030,000000,114.806,114.806,112.885,113.365,884.7529812718066,0
VRC,D,20241031,000000,111.924,115.767,110.483,110.964,1929.802385032858,0
VRC,D,20241104,000000,112.404,112.404,110.483,112.404,1102.298126078639,0
VRC,D,20241105,000000,111.443,111.924,110.483,110.483,724.4565587825616,0
VRC,D,20241106,000000,110.964,112.404,110.483,111.443,696.3526405539277,0
VRC,D,20241107,000000,110.483,112.885,110.483,111.443,1182.4463373232616,0
VRC,D,20241108,000000,111.443,114.325,111.443,112.404,946.1652470306732,0
VRC,D,20241112,000000,117.208,117.208,110.483,115.767,11211.381601504268,0
VRC,D,20241113,000000,121.051,121.051,114.325,116.247,9235.78023861734,0
VRC,D,20241114,000000,117.208,119.609,114.325,114.806,4188.5247019267645,0
VRC,D,20241115,000000,115.286,115.767,111.443,113.846,2030.768313483876,0
VRC,D,20241118,000000,114.325,117.208,111.443,114.806,2140.061328817452,0
VRC,D,20241119,000000,114.806,114.806,108.081,110.483,6192.229983042325,0
VRC,D,20241120,000000,111.443,112.885,110.483,111.924,1677.908006835473,0
VRC,D,20241121,000000,112.404,113.365,109.522,112.404,2187.9420783921614,0
VRC,D,20241122,000000,112.404,113.365,109.522,113.365,1303.189097120355,0
VRC,D,20241125,000000,113.365,113.365,110.002,111.924,2648.0136286535007,0
VRC,D,20241126,000000,111.443,111.443,109.522,111.443,2394.0374787354763,0
VRC,D,20241127,000000,110.002,110.964,109.522,110.002,3062.28620106077,0
VRC,D,20241128,000000,111.443,111.443,109.522,110.002,3399.5332198043766,0
VRC,D,20241129,000000,110.002,116.727,110.002,114.325,4970.229983026913,0
VRC,D,20241202,000000,116.247,116.247,113.846,114.806,3094.5536627306833,0
VRC,D,20241203,000000,114.806,114.806,111.924,113.365,3940.7938671706584,0
VRC,D,20241204,000000,114.325,114.325,111.443,112.885,1577.9829642447748,0
VRC,D,20241205,000000,112.404,116.247,111.924,115.767,3530.6848382046683,0
VRC,D,20241206,000000,116.247,116.247,112.885,113.365,1941.2521294963753,0
VRC,D,20241209,000000,112.885,114.806,111.924,112.885,2532.475298158006,0
VRC,D,20241210,000000,112.885,114.325,111.443,114.325,2381.546848411639,0
VRC,D,20241211,000000,114.325,114.325,112.404,112.885,2288.9080068431795,0
VRC,D,20241212,000000,112.885,115.286,110.483,115.286,4691.272572461215,0
VRC,D,20241213,000000,113.365,115.286,112.885,115.286,7997.126064836812,0
VRC,D,20241216,000000,115.286,115.767,112.885,113.846,2937.3798978223977,0
VRC,D,20241217,000000,114.806,120.09,113.846,114.325,110263.12095539413,0
VRC,D,20241218,000000,114.325,115.286,114.325,115.286,915.9795570813997,0
VRC,D,20241219,000000,114.806,115.767,113.846,114.806,2667.790459999577,0
VRC,D,20241220,000000,114.806,116.247,111.924,116.247,3610.8330494492907,0
VRC,D,20241223,000000,115.286,120.57,113.846,120.09,5359.521294786508,0
VRC,D,20241227,000000,120.09,123.933,117.688,122.492,3694.1039182748723,0
VRC,D,20241230,000000,122.492,123.933,121.531,122.492,3484.8858603505983,0
VRC,D,20250102,000000,122.492,124.893,122.011,122.972,5589.5570699171785,0
VRC,D,20250103,000000,124.414,125.854,122.011,122.492,10932.42419093857,0
VRC,D,20250107,000000,122.492,122.972,120.57,120.57,5776.916524774736,0
VRC,D,20250108,000000,120.57,121.531,113.365,115.286,8741.359454965448,0
VRC,D,20250109,000000,114.806,116.247,113.846,114.325,2341.993185719488,0
VRC,D,20250110,000000,115.286,115.767,113.365,113.846,2479.390119281698,0
VRC,D,20250113,000000,113.846,114.325,109.522,109.522,11391.454855339589,0
VRC,D,20250114,000000,110.483,111.443,109.522,110.002,3382.8790460392606,0
VRC,D,20250115,000000,110.483,111.924,109.522,111.924,3278.7904600072834,0
VRC,D,20250116,000000,112.404,112.404,110.483,111.443,2634.4821124693435,0
VRC,D,20250117,000000,111.924,112.404,110.964,111.924,2690.689948926612,0
VRC,D,20250120,000000,111.924,117.208,111.924,117.208,8461.36115853943,0
VRC,D,20250121,000000,117.208,117.208,114.806,115.286,1769.5059625436131,0
VRC,D,20250122,000000,115.767,116.247,114.806,116.247,2219.168654201755,0
VRC,D,20250123,000000,115.767,116.727,114.806,115.286,4759.971039242319,0
VRC,D,20250124,000000,114.806,116.727,114.806,114.806,3259.0136286612073,0
VRC,D,20250127,000000,114.806,115.286,114.325,114.325,2252.4770017319875,0
VRC,D,20250128,000000,115.286,116.247,112.885,113.846,1801.773424213526,0
VRC,D,20250129,000000,113.365,113.846,111.443,111.924,2213.964224900156,0
VRC,D,20250130,000000,112.404,113.365,111.924,112.404,9314.887564001645,0
VRC,D,20250131,000000,112.885,114.325,111.924,112.885,5287.700170424444,0
VRC,D,20250203,000000,111.443,112.885,110.002,111.443,25613.07836488864,0
VRC,D,20250204,000000,111.924,112.885,110.002,110.483,2383.6286201322787,0
VRC,D,20250205,000000,108.081,110.483,107.601,110.002,4807.851788817028,0
VRC,D,20250206,000000,110.002,111.924,109.041,110.964,4262.427598009468,0
VRC,D,20250207,000000,110.483,112.404,109.522,111.443,6311.931856979099,0
VRC,D,20250210,000000,110.483,111.443,109.522,109.522,3734.6984668273435,0
VRC,D,20250211,000000,110.002,111.443,109.041,109.522,3822.132879094204,0
VRC,D,20250212,000000,109.522,111.443,108.562,109.522,2942.5843271239964,0
VRC,D,20250213,000000,109.522,110.964,109.041,110.483,13051.667802549628,0
VRC,D,20250214,000000,110.483,111.443,109.522,109.522,2635.5229983296636,0
VRC,D,20250217,000000,109.522,110.002,109.041,109.522,3222.582623550015,0
VRC,D,20250218,000000,109.522,110.483,107.601,107.601,4081.3134583138276,0
VRC,D,20250219,000000,107.601,109.522,107.12,107.601,5071.195911477931,0
VRC,D,20250220,000000,108.081,111.443,107.601,110.964,1479.0988075143964,0
VRC,D,20250221,000000,110.964,115.767,110.964,115.767,4101.090289659904,0
VRC,D,20250224,000000,115.286,116.247,114.806,114.806,1949.5792163789338,0
VRC,D,20250225,000000,114.806,118.169,114.325,114.806,4623.6149915404285,0
VRC,D,20250226,000000,114.806,117.208,114.806,115.767,1993.2964225123642,0
VRC,D,20250227,000000,117.208,119.13,115.767,119.13,2791.6558773776296,0
VRC,D,20250228,000000,118.649,118.649,116.247,116.247,5470.896081840724,0
VRC,D,20250303,000000,116.247,116.247,113.365,113.846,1769.5059625436131,0
VRC,D,20250304,000000,112.404,113.846,108.081,109.041,5169.0391823479895,0
VRC,D,20250305,000000,109.522,111.924,109.041,111.443,5114.9131176113615,0
VRC,D,20250306,000000,109.522,111.443,107.601,108.562,4045.923339062955,0
VRC,D,20250307,000000,109.041,110.964,108.562,109.041,1536.3475298319843,0
VRC,D,20250310,000000,113.365,113.365,105.68,108.562,10969.896081910081,0
VRC,D,20250311,000000,110.002,110.002,106.159,107.12,3033.141396971817,0
VRC,D,20250312,000000,107.12,109.041,106.159,107.12,1151.2197615136681,0
VRC,D,20250313,000000,107.601,108.562,105.68,106.64,1195.9778535074186,0
VRC,D,20250314,000000,107.12,109.522,104.718,105.68,7566.199318664426,0
VRC,D,20250317,000000,107.601,109.522,106.64,109.041,6874.010221551777,0
VRC,D,20250318,000000,111.443,115.286,110.002,115.286,15677.822828136412,0
VRC,D,20250319,000000,114.806,121.051,112.885,120.09,27508.531516530944,0
VRC,D,20250320,000000,110.483,114.806,110.483,112.885,105506.27257373277,0
VRC,D,20250321,000000,113.365,115.286,112.404,113.846,56350.43782013152,0
VRC,D,20250324,000000,114.325,114.325,112.404,113.846,16829.042589650082,0
VRC,D,20250325,000000,114.325,114.806,112.885,113.365,8253.183986475477,0
VRC,D,20250326,000000,115.286,116.247,113.365,113.365,12987.132879209801,0
VRC,D,20250327,000000,113.365,114.806,113.365,114.325,2085.935264080824,0
VRC,D,20250328,000000,115.286,115.286,111.924,111.924,6419.143100592037,0
VRC,D,20250331,000000,111.924,112.885,109.522,112.404,5041.010221528657,0
VRC,D,20250401,000000,114.903,115.286,113.173,113.941,5577.06643959334,0
VRC,D,20250402,000000,113.941,114.518,111.635,111.828,694.2708688332882,0
VRC,D,20250403,000000,111.443,111.443,106.64,107.024,4773.502555426477,0
VRC,D,20250404,000000,106.64,108.562,104.718,105.68,11465.357751422292,0
VRC,D,20250407,000000,103.757,106.448,93.382,104.718,19714.378194456487,0
VRC,D,20250408,000000,106.256,108.177,105.102,106.64,2009.9505962774804,0
VRC,D,20250409,000000,105.68,105.68,98.1853,99.915,10247.521294848159,0
VRC,D,20250410,000000,105.871,108.177,102.989,106.063,8758.013628730565,0
VRC,D,20250411,000000,107.408,107.408,102.029,103.95,4856.773424252057,0
VRC,D,20250414,000000,105.295,105.295,103.181,104.335,3062.28620106077,0
VRC,D,20250415,000000,104.718,104.718,103.566,104.718,1381.2555366443378,0
VRC,D,20250416,000000,104.142,104.142,99.915,103.757,4403.988075012957,0
VRC,D,20250417,000000,102.797,102.797,101.26,102.412,1925.638841591579,0
VRC,D,20250422,000000,100.876,110.483,100.876,107.408,13389.955707153553,0
VRC,D,20250423,000000,110.483,111.443,107.408,109.907,2906.1533220128044,0
VRC,D,20250424,000000,109.907,110.867,108.562,109.522,1265.7172061488432,0
VRC,D,20250425,000000,110.867,110.867,109.329,110.098,2806.2282794221064,0
VRC,D,20250428,000000,110.098,111.252,109.714,111.252,2226.454855223993,0
VRC,D,20250429,000000,111.443,114.71,111.443,113.941,5667.62350944116,0
VRC,D,20250430,000000,114.134,114.325,109.522,111.443,3587.9335605222554,0
VRC,D,20250502,000000,112.02,114.325,109.907,112.789,4940.04429307764,0
VRC,D,20250505,000000,113.365,114.325,111.059,111.059,2277.458262379662,0
VRC,D,20250506,000000,113.365,113.365,111.252,112.789,1416.6456558952102,0
VRC,D,20250507,000000,113.557,114.325,113.365,113.749,2103.6303237062602,0
VRC,D,20250508,000000,113.941,115.479,113.557,115.286,6290.073253912385,0
VRC,D,20250509,000000,115.286,120.09,115.286,115.479,5078.48211250017,0
VRC,D,20250512,000000,116.247,118.745,114.325,116.631,5832.0834753716845,0
VRC,D,20250513,000000,117.4,118.169,115.286,118.169,4649.637138048423,0
VRC,D,20250514,000000,116.824,118.169,116.247,117.208,4106.2947189615015,0
VRC,D,20250515,000000,117.208,118.169,116.247,117.208,2391.955707014837,0
VRC,D,20250516,000000,117.4,118.169,116.631,117.4,2366.9744463671627,0
VRC,D,20250519,000000,118.181,118.572,116.228,117.205,1950.4344123060002,0
VRC,D,20250520,000000,117.4,118.181,116.619,117.205,1210.1908007064,0
VRC,D,20250521,000000,118.181,124.628,115.837,122.87,31489.533220411202,0
VRC,D,20250522,000000,122.674,122.674,115.056,115.837,18073.001703950402,0
VRC,D,20250523,000000,115.642,117.205,108.414,113.298,18985.252129863602,0
VRC,D,20250526,000000,112.321,118.181,112.321,117.009,7856.001703739601,0
VRC,D,20250527,000000,117.009,117.595,115.251,117.009,6654.001703714801,0
VRC,D,20250528,000000,117.4,117.4,112.126,112.321,10659.3032370172,0
VRC,D,20250529,000000,112.321,112.321,110.758,110.954,11109.797274505201,0
VRC,D,20250530,000000,112.321,112.321,110.563,111.149,2551.4344123184,0
VRC,D,20250602,000000,110.954,114.079,109.391,109.977,3048.0017036404,0
VRC,D,20250603,000000,109.977,113.298,106.656,109.391,6594.6183987732,0
VRC,D,20250604,000000,110.758,113.102,108.024,112.321,4695.376490727201,0
VRC,D,20250605,000000,112.712,113.298,109.586,109.977,1811.1908007188001,0
VRC,D,20250606,000000,109.196,112.126,107.828,108.414,3106.3611584968003,0
VRC,D,20250609,000000,108.414,114.275,108.414,114.275,6447.1839865044,0
VRC,D,20250610,000000,115.251,116.814,114.275,114.47,4702.543441323601,0
VRC,D,20250611,000000,115.837,116.619,114.47,116.423,2903.6388416272002,0
VRC,D,20250612,000000,116.423,116.814,114.861,115.642,1329.9812606748,0
VRC,D,20250613,000000,113.298,116.033,113.298,114.47,5141.775127874401,0
VRC,D,20250616,000000,115.251,116.033,114.275,114.47,1809.1431005484,0
VRC,D,20250617,000000,114.861,114.861,113.298,114.861,998.25383307,0
VRC,D,20250618,000000,114.861,115.642,112.907,112.907,3054.1448041516,0
VRC,D,20250620,000000,112.907,117.986,112.712,117.986,13211.761499420802,0
VRC,D,20250623,000000,116.228,117.205,114.861,115.251,2284.2095400812004,0
VRC,D,20250624,000000,115.251,116.619,114.861,116.228,2064.0817717632003,0
VRC,D,20250625,000000,116.228,117.205,115.251,117.205,1066.8517887784,0
VRC,D,20250626,000000,117.205,120.721,115.642,120.525,7832.453151780001,0
VRC,D,20250627,000000,120.721,120.721,113.298,117.791,3225.1277683800004,0
VRC,D,20250630,000000,116.814,118.767,114.47,118.181,7559.085179031601,0
VRC,D,20250701,000000,118.181,119.158,116.619,118.181,972.6575809400001,0
VRC,D,20250702,000000,118.572,118.572,116.228,116.619,2842.2078365152,0
VRC,D,20250703,000000,117.205,118.181,116.619,118.181,1718.0204429656,0
VRC,D,20250704,000000,118.181,118.767,117.205,118.181,94685.65587929601,0
VRC,D,20250707,000000,117.986,118.181,116.423,117.986,4279.693356136,0
VRC,D,20250708,000000,117.205,117.791,115.837,115.837,2903.6388416272002,0
VRC,D,20250709,000000,116.619,117.4,115.837,117.205,1180.4991482356002,0
VRC,D,20250710,000000,117.986,118.181,116.228,118.181,3676.6456559532003,0
VRC,D,20250711,000000,118.181,119.158,116.423,118.181,1702.6626916876,0
VRC,D,20250714,000000,117.595,118.181,114.665,116.619,2956.8790460576,0
VRC,D,20250715,000000,115.056,115.642,113.493,114.861,2064.0817717632003,0
VRC,D,20250716,000000,114.275,115.056,113.884,114.861,2267.827938718,0
VRC,D,20250717,000000,115.251,118.181,114.275,118.181,17056.3185693468,0
VRC,D,20250718,000000,118.181,118.767,116.814,118.181,3782.1022147288004,0
VRC,D,20250721,000000,118.767,118.767,116.423,118.572,1013.6115843480001,0
VRC,D,20250722,000000,118.377,118.377,116.814,117.009,2082.5110732968,0
VRC,D,20250723,000000,117.986,117.986,116.228,116.814,1463.0817717508,0
VRC,D,20250724,000000,117.205,117.791,116.033,116.814,1412.913117576,0
VRC,D,20250725,000000,116.814,118.181,115.251,118.181,2372.2606474084,0
VRC,D,20250728,000000,118.181,118.767,116.814,117.009,2738.7989779100003,0
VRC,D,20250729,000000,117.791,120.135,116.814,120.135,9223.865417566802,0
VRC,D,20250730,000000,120.525,124.432,120.33,124.042,7236.5724021936,0
VRC,D,20250731,000000,124.042,125.995,124.042,124.237,79672.9420800084,0
VRC,D,20250801,000000,124.237,124.237,118.377,120.135,3811.7938671996003,0
VRC,D,20250804,000000,122.284,122.284,117.791,120.135,1814.2623509744,0
VRC,D,20250805,000000,120.135,120.33,117.986,118.181,3593.7137990520005,0
VRC,D,20250806,000000,119.744,119.744,118.181,119.158,1636.1124361496002,0
VRC,D,20250807,000000,119.353,120.135,119.158,119.744,2185.9199319020004,0
VRC,D,20250808,000000,119.158,120.135,118.572,119.158,5624.0085180036,0
VRC,D,20250811,000000,118.963,119.353,117.009,117.595,2351.7836457044,0
VRC,D,20250812,000000,117.595,117.986,116.423,117.205,1018.7308347740001,0
VRC,D,20250813,000000,117.986,120.135,117.009,119.158,8977.1175470336,0
VRC,D,20250814,000000,118.181,119.353,116.814,118.572,1762.0459966292,0
VRC,D,20250818,000000,117.009,120.135,116.814,120.135,628.6439523128,0
VRC,D,20250819,000000,120.135,120.135,117.4,119.158,1630.9931857236002,0
VRC,D,20250820,000000,117.4,117.986,116.619,116.619,1424.1754685132,0
VRC,D,20250821,000000,117.791,118.181,113.884,114.079,3904.9642249528006,0
VRC,D,20250822,000000,116.423,116.619,113.493,114.079,2537.1005111256004,0
VRC,D,20250825,000000,114.275,114.861,109.782,114.275,4318.599659373601,0
VRC,D,20250826,000000,113.884,114.861,113.689,113.884,928.6320272764001,0
VRC,D,20250827,000000,114.275,114.275,113.102,114.275,1315.6473594820002,0
VRC,D,20250828,000000,114.275,114.275,113.298,114.079,1026.9216354556002,0
VRC,D,20250829,000000,113.689,114.275,112.712,114.079,3106.3611584968003,0
VRC,D,20250901,000000,114.079,114.275,111.93,111.93,7267.287904749601,0
VRC,D,20250902,000000,111.93,117.205,111.93,117.205,14973.807496050002,0
VRC,D,20250903,000000,118.181,123.846,118.181,122.088,31295.001704223203,0
VRC,D,20250904,000000,122.479,123.651,120.135,123.065,27339.868825095604,0
VRC,D,20250905,000000,124.042,126.581,121.698,126.581,12480.732538588001,0
VRC,D,20250908,000000,126.581,127.558,126.19,127.558,4192.666098894,0
VRC,D,20250909,000000,127.558,127.753,123.065,125.8,5810.349233510001,0
VRC,D,20250910,000000,125.995,125.995,119.353,124.042,3191.3407155684004,0
VRC,D,20250911,000000,124.432,126.386,122.284,126.386,20767.7751281968,0
VRC,D,20250912,000000,125.214,126.581,123.846,125.995,2223.8023850544,0
VRC,D,20250915,000000,125.995,125.995,120.135,123.065,2954.8313458872003,0
VRC,D,20250916,000000,124.628,124.628,121.111,121.111,1370.9352640828001,0
VRC,D,20250917,000000,123.065,131.269,120.135,129.902,4469.105621898,0
VRC,D,20250918,000000,126.972,129.706,125.018,127.753,4228.5008518760005,0
VRC,D,20250919,000000,128.534,128.534,122.674,122.674,16258.739352976001,0
VRC,D,20250922,000000,123.26,124.432,122.088,123.456,2854.4940375376004,0
VRC,D,20250923,000000,123.456,125.995,123.456,124.823,3141.1720613936004,0
VRC,D,20250924,000000,124.628,125.995,123.26,124.042,3753.4344123432,0
VRC,D,20250925,000000,124.823,124.823,119.939,121.893,4124.0681431856,0
VRC,D,20250926,000000,121.893,122.088,120.33,122.088,3175.9829642904,0
VRC,D,20250929,000000,121.111,123.846,120.525,121.111,1795.8330494408,0
VRC,D,20250930,000000,121.893,123.065,119.158,123.065,3957.1805792980003,0
VRC,D,20251001,000000,122.674,122.674,119.158,120.916,2183.8722317316,0
VRC,D,20251002,000000,120.721,121.893,120.135,120.916,2438.8109029464003,0
VRC,D,20251003,000000,120.525,121.502,119.158,119.939,3521.0204430028,0
VRC,D,20251006,000000,119.939,121.111,117.595,119.744,3070.5264055148004,0
VRC,D,20251007,000000,121.111,121.307,119.939,120.916,4498.797274368801,0
VRC,D,20251008,000000,121.502,123.065,120.135,121.893,2253.4940375252004,0
VRC,D,20251009,000000,121.698,121.893,120.135,120.135,2054.8671209964,0
VRC,D,20251010,000000,120.135,121.111,119.744,120.33,924.5366269356001,0
VRC,D,20251013,000000,120.135,123.26,119.158,121.893,2933.330494098,0
VRC,D,20251014,000000,122.479,122.674,120.135,120.135,3428.8739353348005,0
VRC,D,20251015,000000,121.698,122.674,120.721,120.916,2459.2879046504004,0
VRC,D,20251016,000000,122.284,123.065,120.525,123.065,4385.149914911601,0
VRC,D,20251017,000000,122.088,122.088,119.549,120.33,2603.6507666636003,0
VRC,D,20251020,000000,120.525,121.893,119.549,121.698,2545.2913118072,0
VRC,D,20251021,000000,121.111,121.111,120.135,120.33,9783.911414171202,0
VRC,D,20251022,000000,120.525,121.698,119.939,121.111,3353.1090290300003,0
VRC,D,20251023,000000,121.111,121.502,120.525,121.111,1274.6933560740001,0
VRC,D,20251024,000000,121.111,121.893,120.135,120.916,2049.7478705704,0
VRC,D,20251027,000000,120.135,121.698,120.135,121.111,4646.2316866376,0
VRC,D,20251028,000000,122.088,122.088,119.939,120.721,2473.6218058432,0
VRC,D,20251029,000000,121.307,121.307,120.135,121.111,2683.5110733092,0
VRC,D,20251030,000000,121.111,121.111,119.549,120.525,1524.5127768628001,0
VRC,D,20251031,000000,120.721,120.916,119.549,120.135,1542.9420783964001,0
VRC,D,20251103,000000,120.135,122.088,119.549,121.111,3186.2214651424,0
VRC,D,20251104,000000,122.088,122.088,119.939,121.111,1952.4821124764003,0
VRC,D,20251105,000000,119.939,121.307,119.939,121.111,2217.6592845432,0
VRC,D,20251106,000000,121.502,124.432,120.33,121.307,7636.897785506801,0
VRC,D,20251107,000000,122.87,122.87,118.767,119.744,2414.2385009016,0
VRC,D,20251110,000000,119.744,120.916,119.549,120.525,1721.0919932212003,0
VRC,D,20251112,000000,120.916,121.111,120.135,120.135,3330.5843271556005,0
VRC,D,20251113,000000,120.916,120.916,119.939,119.939,1738.4974446696,0
VRC,D,20251114,000000,119.939,119.939,116.423,116.423,3499.5195912136005,0
VRC,D,20251117,000000,116.228,119.158,113.493,116.619,3234.3424191468002,0
VRC,D,20251118,000000,116.228,116.228,113.298,114.275,3457.5417377204003,0
VRC,D,20251119,000000,113.884,119.549,113.884,119.549,2982.4752981876004,0
VRC,D,20251120,000000,119.549,119.549,115.056,116.228,2129.608177216,0
VRC,D,20251121,000000,115.251,117.205,115.056,115.447,585.6422487344,0
VRC,D,20251124,000000,115.447,115.447,114.275,114.861,620.4531516312001,0
VRC,D,20251125,000000,114.47,116.228,113.493,115.642,2802.2776831924,0
VRC,D,20251126,000000,116.033,117.205,115.251,117.009,1449.7717206432,0
VRC,D,20251127,000000,116.814,118.181,116.228,118.181,1398.5792163832002,0
VRC,D,20251128,000000,117.4,124.628,116.814,124.042,10007.1107327448,0
VRC,D,20251201,000000,124.823,125.214,122.088,124.042,2582.1499148744,0
VRC,D,20251202,000000,124.042,124.042,119.549,120.721,1417.0085179168002,0
VRC,D,20251203,000000,121.893,121.893,119.549,120.916,620.4531516312001,0
VRC,D,20251204,000000,120.135,120.916,117.791,119.158,1082.2095400564,0
VRC,D,20251205,000000,117.986,118.963,117.595,118.767,2435.7393526908004,0
VRC,D,20251208,000000,118.767,123.065,118.767,122.674,3137.0766610528003,0
VRC,D,20251209,000000,122.87,125.8,122.088,125.8,9562.759795768001,0
VRC,D,20251210,000000,124.042,127.362,124.042,125.214,42856.316866301604,0
VRC,D,20251211,000000,125.214,127.167,121.698,126.776,9191.1022148404,0
VRC,D,20251212,000000,128.925,132.637,128.925,130.293,31567.3458268864,0
VRC,D,20251215,000000,131.66,133.223,127.948,130.488,4924.718909812001,0
VRC,D,20251216,000000,130.683,130.683,127.362,129.316,1751.8074957772,0
VRC,D,20251217,000000,129.902,129.902,127.362,127.948,22370.1005115348,0
VRC,D,20251218,000000,127.948,128.73,122.284,123.065,5779.633730954,0
VRC,D,20251219,000000,123.065,124.042,118.767,119.158,8079.201022313201,0
VRC,D,20251222,000000,120.916,122.088,119.353,121.698,26456.286201568004,0
VRC,D,20251223,000000,121.698,124.432,121.111,124.432,2531.9812606996,0
VRC,D,20251229,000000,125.018,125.409,121.893,122.479,3861.9625213744002,0
VRC,D,20251230,000000,123.456,126.386,123.065,126.386,3366.4190801376003,0
VRC,D,20260102,000000,128.73,131.465,125.995,129.902,10368.529812820401,0
VRC,D,20260105,000000,130.097,132.637,127.948,129.706,5641.413969452001,0
VRC,D,20260107,000000,130.293,133.027,127.558,130.488,5938.330494160001,0
VRC,D,20260108,000000,131.074,133.223,129.12,129.511,3122.74275986,0
VRC,D,20260109,000000,129.902,129.902,126.972,128.73,3662.3117547604,0
VRC,D,20260112,000000,128.925,136.153,128.925,134.395,7037.945485664801,0
VRC,D,20260113,000000,134.199,135.762,133.223,134.199,5627.080068259201,0
VRC,D,20260114,000000,136.543,137.325,132.832,133.809,10911.170357976402,0
VRC,D,20260115,000000,136.543,136.739,134.395,136.739,6855.700170499201,0
VRC,D,20260116,000000,135.957,136.739,129.902,135.567,7433.151618552,0
VRC,D,20260119,000000,136.348,137.911,129.902,134.004,13577.2759798372,0
VRC,D,20260120,000000,132.832,136.739,131.855,135.176,3124.7904600304005,0
VRC,D,20260121,000000,138.497,138.497,133.027,134.199,3057.2163544072005,0
VRC,D,20260122,000000,135.762,139.669,135.567,136.739,6114.432708814401,0
VRC,D,20260123,000000,136.739,136.739,132.832,134.785,7054.327087028,0
VRC,D,20260126,000000,133.809,134.981,131.855,134.199,10124.853492542801,0
VRC,D,20260127,000000,133.613,133.809,132.441,133.223,2887.2572402640003,0
VRC,D,20260128,000000,133.613,133.809,131.855,133.809,3080.7649063668005,0
VRC,D,20260129,000000,133.809,133.809,131.855,132.637,2505.3611584844,0
VRC,D,20260130,000000,132.441,133.809,131.074,132.637,2737.7751278248,0
VRC,D,20260202,000000,132.832,141.622,131.855,141.622,34801.688246033205,0
VRC,D,20260203,000000,141.622,151.389,141.622,150.217,15083.359455166401,0
VRC,D,20260204,000000,146.506,149.631,138.497,138.497,26175.7512782232,0
VRC,D,20260205,000000,139.669,141.622,132.832,136.934,11810.110732782001,0
VRC,D,20260206,000000,137.129,138.497,130.683,131.855,10363.410562394401,0
VRC,D,20260209,000000,133.027,136.739,131.855,133.027,7028.7308348980005,0
VRC,D,20260210,000000,136.153,140.646,134.199,137.715,7073.780238646801,0
VRC,D,20260211,000000,137.715,140.06,134.785,137.911,7154.664395377601,0
VRC,D,20260212,000000,136.739,139.278,132.832,134.004,5507.2896082908,0
VRC,D,20260213,000000,133.027,133.809,128.534,128.925,10373.649063246401,0
VRC,D,20260216,000000,127.558,128.534,123.651,126.776,8689.4156730924,0
VRC,D,20260217,000000,126.776,129.316,126.776,127.558,3349.0136286892002,0
VRC,D,20260218,000000,128.73,129.316,126.386,127.558,3445.2555366980005,0
VRC,D,20260219,000000,126.581,127.948,125.018,126.19,4083.1141397776005,0
VRC,D,20260220,000000,125.8,127.558,124.042,124.237,2629.2470187936,0
VRC,D,20260223,000000,124.237,127.167,121.111,121.307,6502.4718911052005,0
VRC,D,20260224,000000,121.111,121.111,109,109.391,56785.79727544761,0
VRC,D,20260225,000000,110.954,112.907,107.438,110.954,26720.4395235496,0
VRC,D,20260226,000000,112.321,113.884,109.977,109.977,10213.928449955201,0
VRC,D,20260227,000000,110.563,111.149,108.414,108.61,8740.6081773524,0
VRC,D,20260302,000000,106.461,108.805,102.945,108.61,25591.132879574,0
VRC,D,20260303,000000,107.438,110.172,106.656,106.656,8535.838160312402,0
VRC,D,20260304,000000,107.438,117.791,106.852,117.205,22540.059625678,0
VRC,D,20260305,000000,117.4,126.776,117.4,125.214,61006.107326642006,0
VRC,D,20260306,000000,125.8,128.925,121.111,123.651,13361.243611860002,0
VRC,D,20260309,000000,123.651,124.042,116.033,121.502,14587.816013929601,0
VRC,D,20260310,000000,123.065,127.558,120.33,120.916,7446.4616696596,0
VRC,D,20260311,000000,123.846,124.042,119.158,122.088,8253.2555367972,0
VRC,D,20260312,000000,122.674,122.674,116.033,117.986,15555.354344443602,0
VRC,D,20260313,000000,117.986,122.87,111.344,117.205,16524.940375128,0
VRC,D,20260316,000000,120.721,121.893,117.205,121.698,3062.3356048332003,0
VRC,D,20260317,000000,121.698,121.893,118.377,119.939,4803.904599758401,0
VRC,D,20260318,000000,119.939,122.088,115.447,117.205,6543.425894513201,0
VRC,D,20260319,000000,118.963,120.916,113.493,119.158,5746.8705282276005,0
VRC,D,20260320,000000,117.205,118.963,112.907,114.665,6128.7666100072,0
VRC,D,20260323,000000,111.344,117.4,109.782,114.275,15134.5519594264,0
VRC,D,20260324,000000,116.619,116.619,110.563,112.126,4404.603066530401,0
VRC,D,20260325,000000,112.126,114.665,111.735,113.298,2606.7223169192002,0
VRC,D,20260326,000000,114.861,114.861,110.368,112.126,3392.0153322676,0
VRC,D,20260327,000000,112.126,112.126,109.196,110.172,4069.8040886700005,0
VRC,D,20260330,000000,108.805,111.344,108.414,109.586,3194.4122658240003,0
VRC,D,20260331,000000,111.149,115.251,109.586,113.689,6037.643952424401,0
VRC,D,20260401,000000,117.791,117.986,113.689,114.861,5119.2504260000005,0
VRC,D,20260402,000000,113.689,114.861,110.758,113.298,4017.5877343248003,0
VRC,D,20260407,000000,114.079,116.228,111.93,112.516,8389.427598128801,0
VRC,D,20260408,000000,116.814,119.549,114.861,118.963,8809.206133060801,0
VRC,D,20260409,000000,117.4,119.353,115.447,117.009,2004.6984668216003,0
VRC,D,20260410,000000,118.181,120.33,116.228,120.33,20724.7734246184,0
VRC,D,20260413,000000,121.111,123.456,118.181,123.065,8010.603066604801,0
VRC,D,20260414,000000,124.237,126.581,122.87,125.214,7486.3918229824,0
VRC,D,20260415,000000,126.776,131.465,125.995,131.465,21822.340715952803,0
VRC,D,20260416,000000,132.832,134.785,129.12,132.441,8391.475298299201,0
VRC,D,20260417,000000,132.832,136.739,130.879,135.762,8118.107325550801,0
VRC,D,20260420,000000,135.762,136.348,128.144,133.418,9018.0715504416,0
VRC,D,20260421,000000,133.418,133.418,129.902,130.488,10338.838160349602,0
VRC,D,20260422,000000,130.488,131.465,127.362,131.465,9426.587734436402,0
VRC,D,20260423,000000,131.855,131.855,125.995,127.362,1988.3168654584001,0
VRC,D,20260424,000000,125.214,129.706,125.214,129.706,2111.1788756824003,0
VRC,D,20260427,000000,129.706,130.488,125.8,126.19,2875.9948893268,0
VRC,D,20260428,000000,125.995,125.995,122.674,125.409,2469.5264055024004,0
VRC,D,20260429,000000,122.674,124.823,122.284,122.284,2894.4241908604004,0
VRC,D,20260430,000000,124.432,124.628,122.088,122.088,1476.3918228584002,0
VRC,D,20260504,000000,122.088,126.972,122.088,125.018,5209.349233497601,0
VRC,D,20260505,000000,125.214,126.776,120.33,121.893,4805.9522999288,0
VRC,D,20260506,000000,121.698,123.846,120.525,123.846,4352.386712185201,0
VRC,D,20260507,000000,122.088,123.846,120.525,122.479,2525.8381601884003,0
VRC,D,20260508,000000,121.502,122.479,119.744,119.744,21719.9557074328,0
VRC,D,20260511,000000,119.549,122.088,117.4,117.986,7124.972742906801,0
VRC,D,20260512,000000,118.181,119.158,115.837,117.595,3083.8364566224004,0
VRC,D,20260513,000000,116.228,122.674,114.47,116.814,4153.7597956564005,0
VRC,D,20260514,000000,117.009,117.791,115.447,117.009,4242.834753068801,0
VRC,D,20260515,000000,116.619,119.353,116.619,117.205,3590.6422487964005,0
VRC,D,20260518,000000,119.158,119.939,116.814,116.814,10846.667802608801,0
VRC,D,20260519,000000,117.986,119.549,116.814,117.791,43780.853493237206,0
VRC,D,20260520,000000,118.572,123.846,114.275,122.088,11751.751277925601,0
VRC,D,20260521,000000,122.088,124.042,120.721,124.042,11397.4991484464,0
VRC,D,20260522,000000,123.065,126.386,121.111,126.386,5885.090289729601,0
VRC,D,20260525,000000,124.823,128.73,123.651,128.73,3233.3185690616,0
VRC,D,20260526,000000,129.511,131.855,127.948,130.683,6764.5775129164,0
VRC,D,20260527,000000,131.66,131.66,127.167,129.511,6386.7768314776,0
VRC,D,20260528,000000,128.925,131.074,127.167,130.097,16061.1362865324,0
VRC,D,20260529,000000,130.683,134.59,129.12,134.59,27765.790460538803,0
VRC,D,20260601,000000,134.395,136.348,132.051,135.762,6693.931857037601,0
VRC,D,20260602,000000,130.293,133.027,118.767,122.479,40525.01022230121,0
VRC,D,20260603,000000,119.158,119.549,116.814,117.595,106759.91993405961,0
VRC,D,20260605,000000,117.791,117.986,116.619,117.595,9346.7274277908,0
VRC,D,20260608,000000,117.595,117.595,115.642,117.205,19514.582623912003,0
VRC,D,20260609,000000,117.595,118.181,115.837,116.423,74626.38501005761,0
VRC,D,20260610,000000,116.814,118.181,114.665,117.4,44628.60136378281,0
VRC,D,20260611,000000,119,119.2,116,116.6,83904,0
VRC,D,20260612,000000,117.2,120,116,116,28996,0
VRC,D,20260615,000000,117.4,119.2,116,116,22243,0
VRC,D,20260616,000000,116.2,118,115,116.8,9502,0
VRC,D,20260617,000000,118.2,119.2,115.4,116.8,38868,0
VRC,D,20260618,000000,116.6,117,113.2,114,31219,0
VRC,D,20260619,000000,114.2,116.8,113,115,16613,0
VRC,D,20260622,000000,119,120.2,116.2,117.4,34797,0
VRC,D,20260623,000000,117.6,118,115.4,116,18333,0
VRC,D,20260624,000000,116.4,118.2,115.4,117,140611,0
VRC,D,20260625,000000,117.8,120.2,117.4,119,42736,0
VRC,D,20260626,000000,119.8,123.6,119.4,121.6,41505,0
VRC,D,20260629,000000,123.4,124.8,120.4,122.4,27910,0
VRC,D,20260630,000000,124,124.8,120.6,121.4,26166,0
VRC,D,20260701,000000,122.4,127,119.8,126.8,25479,0
VRC,D,20260702,000000,127,127.6,124.8,127,16550,0
VRC,D,20260703,000000,126.8,129.6,126,127.6,24419,0
VRC,D,20260706,000000,128.4,130.2,125.2,127,37799,0
VRC,D,20260707,000000,127,127.2,123.8,125.8,24043,0
VRC,D,20260708,000000,126,126,121.8,124.2,31700,0
VRC,D,20260709,000000,124.2,126.8,123.6,126,13044,0
VRC,D,20260710,000000,126.4,130.2,126.4,129,43184,0
VRC,D,20260713,000000,130,130,126.2,127,19062,0
VRC,D,20260714,000000,127.6,127.6,125.4,127,18672,0
VRC,D,20260715,000000,127,127,125.2,126,7443,0
VRC,D,20260716,000000,127,127,123.2,124.4,13195,0
VRC,D,20260717,000000,124.2,124.8,121.6,122.4,10012,0
VRC,D,20260720,000000,122.8,125,122,124.4,18749,0
VRC,D,20260721,000000,125.2,125.2,123.6,124.8,23683,0
VRC,D,20260722,000000,125,131,124.4,126.6,135573,0
VRC,D,20260723,000000,127,128.6,124,124,12662,0
VRC,D,20260724,000000,124.2,126,123.4,124,7899,0
VRC,D,20260727,000000,124,127,124,126,6436,0
VRC,D,20260728,000000,126,126,123,123.2,12354,0
VRC,D,20260729,000000,124.6,129.6,123.2,127.8,54836,0
VRC,D,20260730,000000,127.8,128.4,124.6,127,12088,0
VRC,D,20260731,000000,127.4,128.4,126.2,127,4944,0
VRC,D,20260803,000000,126,128.8,125.8,128.8,7227,0
VRC,D,20260804,000000,128.6,133.4,127.6,132.6,35493,0
VRC,D,20260805,000000,133,136.6,131.4,135.6,78352,0
VRC,D,20260806,000000,135.6,136.4,133.4,135.6,12237,0
VRC,D,20260807,000000,135.6,137.2,133.6,135,10607,0
VRC,D,20260810,000000,135,137.4,134.8,136.4,12317,0
VRC,D,20260811,000000,137,138,134.6,137.4,16373,0
VRC,D,20260812,000000,137.2,137.4,134.8,135.4,5790,0
VRC,D,20260813,000000,135,136.4,133.8,135,9356,0
VRC,D,20260814,000000,134,135.8,133.4,135,4773,0
VRC,D,20260817,000000,135.8,136,131,132,13205,0
VRC,D,20260818,000000,132.8,132.8,127,130.2,19107,0
