<TICKER>,<PER>,<DATE>,<TIME>,<OPEN>,<HIGH>,<LOW>,<CLOSE>,<VOL>,<OPENINT>
WPR,D,20210914,000000,15.4,15.86,14.1,14.2,164867,0
WPR,D,20210915,000000,14.49,14.8,14,14.49,28856,0
WPR,D,20210916,000000,14.69,14.9,13.8,13.9,34793,0
WPR,D,20210917,000000,13.902,14.3,13.5,13.78,12089,0
WPR,D,20210920,000000,13.6,13.6,12.51,12.82,23715,0
WPR,D,20210921,000000,12.9,13.52,12.9,13.1,8839,0
WPR,D,20210922,000000,13.2,13.4,12.7,13.1,7990,0
WPR,D,20210923,000000,13.11,13.96,13.11,13.8,4280,0
WPR,D,20210924,000000,13.98,14.48,13.9,14.4,1603,0
WPR,D,20210927,000000,14.4,14.4,13.9,14.28,2560,0
WPR,D,20210928,000000,14.33,14.33,13.9,14.23,2533,0
WPR,D,20210929,000000,14.32,14.32,13.9,14.28,824,0
WPR,D,20210930,000000,14.38,14.38,13.8,14.22,2208,0
WPR,D,20211001,000000,14.18,14.18,13.742,14.05,2444,0
WPR,D,20211004,000000,14.05,14.164,13,13.99,3981,0
WPR,D,20211005,000000,13.3,13.8,13.1,13.1,8268,0
WPR,D,20211006,000000,13.2,13.986,13.1,13.1,4397,0
WPR,D,20211007,000000,13.14,13.48,13.1,13.48,4084,0
WPR,D,20211008,000000,13.12,13.85,13.11,13.85,1675,0
WPR,D,20211011,000000,13.83,13.85,13.05,13.6,4574,0
WPR,D,20211012,000000,13.12,13.48,12.81,13.23,6593,0
WPR,D,20211013,000000,13.27,13.27,13,13.2,1055,0
WPR,D,20211014,000000,13.24,13.24,12.5,13,8018,0
WPR,D,20211015,000000,13.24,13.5,12.92,13.388,2070,0
WPR,D,20211018,000000,13.388,13.54,13.16,13.5,1867,0
WPR,D,20211019,000000,13.59,13.59,13.24,13.59,382,0
WPR,D,20211020,000000,13.59,13.59,12.95,13.298,2249,0
WPR,D,20211021,000000,13.298,13.298,12.84,13.24,1706,0
WPR,D,20211022,000000,13.24,13.49,13.22,13.49,1535,0
WPR,D,20211025,000000,13.48,13.48,13.2,13.43,1084,0
WPR,D,20211026,000000,13.45,13.45,12.96,13.45,3046,0
WPR,D,20211027,000000,13.4,13.6,13,13.6,4964,0
WPR,D,20211028,000000,13.052,13.46,12.55,13.27,6783,0
WPR,D,20211029,000000,13.15,13.15,12.83,13,515,0
WPR,D,20211102,000000,13,13.1,12.88,13.1,1776,0
WPR,D,20211103,000000,13.098,13.098,12.82,13.06,1461,0
WPR,D,20211104,000000,13.06,13.094,12.85,13.058,1233,0
WPR,D,20211105,000000,12.852,13,12.852,12.998,5454,0
WPR,D,20211108,000000,12.87,12.93,12.55,12.93,7594,0
WPR,D,20211109,000000,12.95,13.07,12.9,13.06,2707,0
WPR,D,20211110,000000,13.3,13.33,13.1,13.2,2711,0
WPR,D,20211112,000000,13.202,13.6,13.2,13.59,7649,0
WPR,D,20211115,000000,13.51,14.18,12.96,13.45,10814,0
WPR,D,20211116,000000,13.5,13.8,13.1,13.7,6211,0
WPR,D,20211117,000000,13.79,14,13.42,13.9,2888,0
WPR,D,20211118,000000,13.81,14,13.22,13.8,4896,0
WPR,D,20211119,000000,13.8,13.8,13.1,13.43,1710,0
WPR,D,20211122,000000,13.2,13.35,13,13.32,5414,0
WPR,D,20211123,000000,13.29,13.88,13,13.88,2268,0
WPR,D,20211124,000000,13.528,13.88,13.1,13.2,1186,0
WPR,D,20211125,000000,13.32,13.49,13.3,13.49,451,0
WPR,D,20211126,000000,13.5,13.5,13.3,13.5,2407,0
WPR,D,20211129,000000,13.5,13.6,13.4,13.49,1538,0
WPR,D,20211130,000000,13.49,13.7,13.31,13.38,7233,0
WPR,D,20211201,000000,13.38,13.5,13.25,13.45,6563,0
WPR,D,20211202,000000,13.49,13.49,13.07,13.38,4453,0
WPR,D,20211203,000000,13.18,13.66,13.18,13.6,449,0
WPR,D,20211206,000000,13.66,13.66,13.17,13.35,2033,0
WPR,D,20211207,000000,13.17,13.63,13.17,13.3,2119,0
WPR,D,20211208,000000,13.6,13.6,13.21,13.48,1578,0
WPR,D,20211209,000000,13.5,13.5,13.3,13.5,684,0
WPR,D,20211210,000000,13.5,13.5,13.31,13.31,2124,0
WPR,D,20211213,000000,13.3,13.5,13.3,13.33,2239,0
WPR,D,20211214,000000,13.33,13.33,13.13,13.3,4404,0
WPR,D,20211215,000000,13.22,13.22,13.1,13.22,4496,0
WPR,D,20211216,000000,13.2,13.2,13.15,13.15,1204,0
WPR,D,20211217,000000,13.2,13.36,13.2,13.36,42,0
WPR,D,20211220,000000,13.36,13.36,13.15,13.2,988,0
WPR,D,20211221,000000,13.16,13.2,13.15,13.2,10201,0
WPR,D,20211222,000000,13.15,13.45,13.15,13.45,86,0
WPR,D,20211223,000000,13.25,13.45,13.25,13.45,11428,0
WPR,D,20211227,000000,13.29,13.4,13.29,13.38,2297,0
WPR,D,20211228,000000,13.37,13.56,13.2,13.53,1228,0
WPR,D,20211229,000000,13.5,13.85,13.5,13.84,3032,0
WPR,D,20211230,000000,13.44,14.16,13.44,14.12,5931,0
WPR,D,20220103,000000,14.48,16.7,14.48,16,27758,0
WPR,D,20220104,000000,15.99,16.3,15.85,16,21441,0
WPR,D,20220105,000000,16,16,15.6,15.99,12538,0
WPR,D,20220107,000000,15.95,17,15.95,17,7916,0
WPR,D,20220110,000000,17,19.4,17,17.8,34916,0
WPR,D,20220111,000000,18,19,17.9,18.4,6153,0
WPR,D,20220112,000000,18.4,19.8,18.4,18.902,9886,0
WPR,D,20220113,000000,19.5,19.5,18.61,18.9,3038,0
WPR,D,20220114,000000,18.21,18.57,18.002,18.1,2723,0
WPR,D,20220117,000000,18.4,19.9,18.1,19.1,10029,0
WPR,D,20220118,000000,19.1,19.1,18.55,19,1258,0
WPR,D,20220119,000000,18.7,19.1,18.22,18.98,20425,0
WPR,D,20220120,000000,18.98,18.98,18.23,18.736,2692,0
WPR,D,20220121,000000,18.7,18.7,16.6,17.53,10604,0
WPR,D,20220124,000000,17.1,17.1,15.57,16.6,15527,0
WPR,D,20220125,000000,16.7,16.9,16,16.03,2979,0
WPR,D,20220126,000000,16.03,17.2,16.03,16.91,1472,0
WPR,D,20220127,000000,16.88,17.5,16.88,17.48,2949,0
WPR,D,20220128,000000,17.02,18.1,17,17.05,1619,0
WPR,D,20220131,000000,17.05,18.1,17.05,17.52,781,0
WPR,D,20220201,000000,17.52,17.52,16.8,17.03,4131,0
WPR,D,20220202,000000,17.4,17.4,16.87,17,538,0
WPR,D,20220203,000000,17.2,17.2,16.18,16.8,3925,0
WPR,D,20220204,000000,16.32,17,16.32,16.9,1456,0
WPR,D,20220207,000000,16.8,17,16.8,17,13173,0
WPR,D,20220208,000000,17,17,16.72,16.99,9568,0
WPR,D,20220209,000000,17,18,16.9,18,13391,0
WPR,D,20220210,000000,18.1,18.94,18.1,18.898,5328,0
WPR,D,20220211,000000,18.94,19,18.15,18.5,4690,0
WPR,D,20220214,000000,18.29,18.47,17.102,18.47,7532,0
WPR,D,20220215,000000,18.2,18.45,17.402,18.3,2295,0
WPR,D,20220216,000000,18.3,18.7,18.3,18.4,2427,0
WPR,D,20220217,000000,18.5,18.5,17.51,17.51,2444,0
WPR,D,20220218,000000,18.3,19,18.1,18.872,9036,0
WPR,D,20220221,000000,18.26,18.86,18,18.5,5159,0
WPR,D,20220222,000000,17.73,18.79,17.55,18.698,5963,0
WPR,D,20220223,000000,18.998,19,18.34,18.34,4800,0
WPR,D,20220224,000000,17.4,17.5,16.11,17.4,19751,0
WPR,D,20220225,000000,17.2,18,17.2,18,5171,0
WPR,D,20220228,000000,17.22,18.79,17.2,18.79,3731,0
WPR,D,20220301,000000,18.78,18.94,17.902,17.902,1811,0
WPR,D,20220302,000000,17.9,18.8,17.88,18.774,3281,0
WPR,D,20220303,000000,18.4,18.78,18,18.4,1353,0
WPR,D,20220304,000000,17.94,17.94,17.8,17.9,643,0
WPR,D,20220307,000000,18,18,17.88,17.88,442,0
WPR,D,20220308,000000,17.2,17.8,16.8,17.8,1897,0
WPR,D,20220309,000000,17.8,18.21,17.8,18,1307,0
WPR,D,20220310,000000,17.6,18.8,17.6,18.5,4752,0
WPR,D,20220311,000000,18.55,19,18.12,19,1833,0
WPR,D,20220314,000000,18.99,20.38,18.99,20.1,14500,0
WPR,D,20220315,000000,20.38,20.38,19.84,19.99,1257,0
WPR,D,20220316,000000,20.35,23,20.205,22.13,8771,0
WPR,D,20220317,000000,22.43,22.8,21,22.24,8269,0
WPR,D,20220318,000000,22.09,22.09,20.3,21.065,4724,0
WPR,D,20220321,000000,20.4,21.87,20.25,21.385,5670,0
WPR,D,20220322,000000,21.385,21.945,20,21.9,18374,0
WPR,D,20220323,000000,21.9,23.95,21.9,23.7,8117,0
WPR,D,20220324,000000,23.4,23.7,22.6,23.5,2361,0
WPR,D,20220325,000000,22.52,23.5,21.7,22.5,11879,0
WPR,D,20220328,000000,21.85,23.45,21.8,23.39,4935,0
WPR,D,20220329,000000,23.4,23.6,22.82,23.58,5379,0
WPR,D,20220330,000000,23.6,23.6,23.05,23.5,720,0
WPR,D,20220331,000000,23.55,23.55,22.8,23.4,1937,0
WPR,D,20220401,000000,23.35,23.4,23.3,23.4,3253,0
WPR,D,20220404,000000,23.3,23.45,23.1,23.45,3010,0
WPR,D,20220405,000000,23.4,23.45,22.7,22.7,1016,0
WPR,D,20220406,000000,22.8,23,22.2,22.4,1035,0
WPR,D,20220407,000000,22.4,22.5,22.05,22.4,603,0
WPR,D,20220408,000000,22.32,22.88,22.05,22.88,3040,0
WPR,D,20220411,000000,22.3,23,21.7,22.09,10496,0
WPR,D,20220412,000000,21.435,22.2,21,21.89,3276,0
WPR,D,20220413,000000,21.9,22.8,21.9,22,451,0
WPR,D,20220414,000000,22,22,22,22,428,0
WPR,D,20220419,000000,21.9,21.9,21.8,21.9,236,0
WPR,D,20220420,000000,22.8,22.8,22.3,22.3,115,0
WPR,D,20220421,000000,22.3,22.3,21.4,22.1,1103,0
WPR,D,20220422,000000,21.5,21.5,21.5,21.5,210,0
WPR,D,20220425,000000,21.4,21.4,19.9,20.5,3923,0
WPR,D,20220426,000000,20.6,21.8,19.9,21,5732,0
WPR,D,20220427,000000,20.5,20.9,19.9,20.4,854,0
WPR,D,20220428,000000,20.6,20.9,20.6,20.8,570,0
WPR,D,20220429,000000,21.3,21.3,20.9,20.9,114,0
WPR,D,20220502,000000,20.7,20.7,19.5,20.2,2241,0
WPR,D,20220504,000000,20,20.2,20,20.1,1991,0
WPR,D,20220505,000000,20,20,19.9,19.9,293,0
WPR,D,20220506,000000,19.8,19.8,18.75,18.75,3427,0
WPR,D,20220509,000000,19.55,19.9,18.1,18.1,1138,0
WPR,D,20220510,000000,18.6,19.1,17.75,18.95,2975,0
WPR,D,20220511,000000,18.5,19.2,18.5,19,1481,0
WPR,D,20220512,000000,18.75,19,18.75,19,311,0
WPR,D,20220513,000000,18.95,20,18.95,19.5,613,0
WPR,D,20220516,000000,19.5,20.4,18.85,19.7,7525,0
WPR,D,20220517,000000,19.5,19.9,19.5,19.9,10077,0
WPR,D,20220518,000000,19.9,19.9,19.5,19.5,902,0
WPR,D,20220519,000000,19.5,19.8,19.25,19.5,1974,0
WPR,D,20220520,000000,19.5,19.8,19.5,19.8,551,0
WPR,D,20220523,000000,19.85,19.9,19.75,19.9,1177,0
WPR,D,20220524,000000,19.9,20,19.4,19.75,1882,0
WPR,D,20220525,000000,19.7,20.4,19.7,20,4981,0
WPR,D,20220526,000000,20,20,19.95,19.95,350,0
WPR,D,20220527,000000,19.95,20,19.95,20,649,0
WPR,D,20220530,000000,20.2,20.8,20.2,20.8,3116,0
WPR,D,20220531,000000,20.8,20.8,19.9,20.4,1114,0
WPR,D,20220601,000000,20.8,20.8,20.5,20.5,350,0
WPR,D,20220602,000000,20.8,20.8,20,20.4,753,0
WPR,D,20220603,000000,20.6,20.6,19.9,20.3,366,0
WPR,D,20220606,000000,19.9,20.1,19.9,20,701,0
WPR,D,20220607,000000,20,20,19.5,19.85,485,0
WPR,D,20220608,000000,19.35,19.5,18.9,19.3,4279,0
WPR,D,20220609,000000,19.3,20,18.8,19.75,2929,0
WPR,D,20220610,000000,19.7,19.8,19,19.65,2833,0
WPR,D,20220613,000000,19,19.4,18,18.2,2193,0
WPR,D,20220614,000000,18.45,18.95,18.45,18.5,571,0
WPR,D,20220615,000000,18.5,19.75,18.5,19.75,2137,0
WPR,D,20220617,000000,19.75,19.75,18.7,19.7,316,0
WPR,D,20220620,000000,19.5,19.5,19.5,19.5,20,0
WPR,D,20220621,000000,19.5,19.5,19.2,19.5,620,0
WPR,D,20220622,000000,19.5,19.55,19,19.55,168,0
WPR,D,20220623,000000,19.55,19.55,19.55,19.55,5,0
WPR,D,20220624,000000,19.1,19.25,19,19.15,485,0
WPR,D,20220627,000000,19.15,19.2,18.7,19.2,876,0
WPR,D,20220629,000000,18.8,18.8,18.7,18.8,449,0
WPR,D,20220630,000000,18.7,19,18.7,19,55,0
WPR,D,20220701,000000,19,19.6,19,19.55,1862,0
WPR,D,20220704,000000,19.4,19.4,19.35,19.4,350,0
WPR,D,20220705,000000,19.5,19.5,18.8,19.45,1099,0
WPR,D,20220706,000000,19,19.05,18.8,19,908,0
WPR,D,20220707,000000,18.65,19.2,18.5,19,1809,0
WPR,D,20220708,000000,19,19.25,18.95,19.25,5603,0
WPR,D,20220711,000000,19.25,19.45,17.8,18.15,12474,0
WPR,D,20220712,000000,18.15,18.55,18.05,18.5,3044,0
WPR,D,20220713,000000,18.5,18.5,18,18.3,1784,0
WPR,D,20220714,000000,18.3,18.45,17.9,18.45,730,0
WPR,D,20220715,000000,18.2,18.45,17.65,17.9,1551,0
WPR,D,20220718,000000,17.75,17.95,17.15,17.15,2066,0
WPR,D,20220719,000000,17.15,17.4,16.5,17.15,3027,0
WPR,D,20220720,000000,17.15,17.15,16.7,16.8,3240,0
WPR,D,20220721,000000,16.85,17,16.5,17,2245,0
WPR,D,20220722,000000,17,17.45,17,17.45,2430,0
WPR,D,20220725,000000,17.45,17.8,17.45,17.8,1245,0
WPR,D,20220726,000000,17.8,17.85,17.8,17.85,371,0
WPR,D,20220727,000000,17.85,17.85,17,17.5,1803,0
WPR,D,20220728,000000,17.55,17.75,17,17.75,409,0
WPR,D,20220729,000000,17.75,17.75,17.1,17.75,233,0
WPR,D,20220801,000000,17.75,17.75,17.7,17.75,2215,0
WPR,D,20220802,000000,17.15,17.7,17.15,17.5,530,0
WPR,D,20220803,000000,17.6,18.4,17.6,18.1,1913,0
WPR,D,20220804,000000,18.1,18.2,18.1,18.2,345,0
WPR,D,20220805,000000,18,18.2,18,18.1,428,0
WPR,D,20220808,000000,18.1,18.2,18.1,18.2,720,0
WPR,D,20220809,000000,18.1,18.4,18.1,18.4,745,0
WPR,D,20220810,000000,18.45,18.45,17.7,18.3,1212,0
WPR,D,20220811,000000,17,17.25,15.2,16.4,27116,0
WPR,D,20220812,000000,16.35,16.45,14.05,15.65,63756,0
WPR,D,20220816,000000,15.4,15.6,14.8,15.55,7786,0
WPR,D,20220817,000000,15.3,16.4,15,16.4,7889,0
WPR,D,20220818,000000,16.4,17.5,15.95,17.45,18061,0
WPR,D,20220819,000000,17.55,17.55,16.5,16.9,1970,0
WPR,D,20220822,000000,17.05,17.55,16.8,17.5,2194,0
WPR,D,20220823,000000,16.85,17.3,16.85,17.3,579,0
WPR,D,20220824,000000,16.65,17.15,16.65,17.15,1672,0
WPR,D,20220825,000000,17.15,17.15,16.85,16.85,470,0
WPR,D,20220826,000000,16.8,17,16.8,17,602,0
WPR,D,20220829,000000,16.75,16.8,16,16.65,3119,0
WPR,D,20220830,000000,16.4,16.7,16.1,16.2,725,0
WPR,D,20220831,000000,16.1,16.3,15.6,16.3,2238,0
WPR,D,20220901,000000,15.9,16,15.75,15.9,1303,0
WPR,D,20220902,000000,16,16.3,16,16.3,137,0
WPR,D,20220905,000000,16.3,16.5,16.3,16.5,758,0
WPR,D,20220906,000000,16.8,16.8,15.9,16.5,1868,0
WPR,D,20220907,000000,16.7,16.7,16.7,16.7,1,0
WPR,D,20220908,000000,15.95,16.6,15.9,16.6,324,0
WPR,D,20220909,000000,16.7,16.7,16.5,16.55,541,0
WPR,D,20220912,000000,16.8,18.7,16.8,18.3,7050,0
WPR,D,20220913,000000,18.35,18.35,17.4,17.55,488,0
WPR,D,20220914,000000,17.55,18.05,17.55,18.05,140,0
WPR,D,20220915,000000,18.3,18.3,17.4,17.4,575,0
WPR,D,20220916,000000,17.45,17.7,17.45,17.7,225,0
WPR,D,20220919,000000,17.85,17.9,17.45,17.45,70,0
WPR,D,20220920,000000,17.45,17.5,17.45,17.5,221,0
WPR,D,20220921,000000,17.8,17.8,17.8,17.8,1,0
WPR,D,20220922,000000,17.8,17.8,17.75,17.8,139,0
WPR,D,20220923,000000,17.8,17.9,17.75,17.9,481,0
WPR,D,20220926,000000,17.9,17.9,17.1,17.2,2032,0
WPR,D,20220927,000000,17.2,17.7,17.2,17.7,279,0
WPR,D,20220928,000000,17.55,17.55,17.25,17.25,604,0
WPR,D,20220929,000000,17.75,17.9,17.3,17.55,642,0
WPR,D,20220930,000000,17.55,18,17.25,17.7,6089,0
WPR,D,20221003,000000,17.9,17.9,17.35,17.4,171,0
WPR,D,20221004,000000,17.55,17.6,17.5,17.55,271,0
WPR,D,20221005,000000,17.6,17.6,17.55,17.55,741,0
WPR,D,20221006,000000,17.55,17.55,17.45,17.5,219,0
WPR,D,20221007,000000,17.5,17.55,17.3,17.35,551,0
WPR,D,20221010,000000,17.35,17.35,17.3,17.3,200,0
WPR,D,20221011,000000,17.6,18.4,17.6,18.3,5509,0
WPR,D,20221012,000000,18.3,18.7,18.3,18.5,1249,0
WPR,D,20221013,000000,18.5,18.5,18.15,18.4,426,0
WPR,D,20221014,000000,18.5,19,18.5,18.9,4027,0
WPR,D,20221017,000000,18.9,18.9,18.5,18.9,1840,0
WPR,D,20221018,000000,18.9,18.9,18.9,18.9,1,0
WPR,D,20221019,000000,18.3,18.3,18,18,1080,0
WPR,D,20221020,000000,18,18,17.8,18,600,0
WPR,D,20221021,000000,18,18.7,18,18.15,440,0
WPR,D,20221024,000000,18.55,19,18.55,19,766,0
WPR,D,20221025,000000,18.6,19.35,18.6,19.35,90,0
WPR,D,20221026,000000,18.1,19.05,18.1,19.05,303,0
WPR,D,20221027,000000,19.05,19.05,18.3,18.4,843,0
WPR,D,20221028,000000,18.35,18.95,18.35,18.95,1470,0
WPR,D,20221031,000000,18.95,18.95,18.4,18.75,946,0
WPR,D,20221102,000000,18.65,18.7,18.65,18.7,229,0
WPR,D,20221103,000000,18.75,19.35,18.7,18.75,925,0
WPR,D,20221104,000000,19,19.35,19,19,1424,0
WPR,D,20221107,000000,19,19.4,18.9,18.9,1228,0
WPR,D,20221108,000000,19.45,19.6,19.4,19.6,1463,0
WPR,D,20221109,000000,19.6,20.4,19.6,20.3,547,0
WPR,D,20221110,000000,20.3,21.9,20.3,21.7,3255,0
WPR,D,20221114,000000,22.2,22.4,21.2,22,2287,0
WPR,D,20221115,000000,22,22,18,20.5,5710,0
WPR,D,20221116,000000,20.1,21.8,20.1,21.8,928,0
WPR,D,20221117,000000,21.4,21.4,21.4,21.4,520,0
WPR,D,20221118,000000,21.2,21.2,20.2,20.6,1377,0
WPR,D,20221121,000000,20.6,20.9,20.5,20.5,1865,0
WPR,D,20221122,000000,20.7,21.1,20.7,21.1,1269,0
WPR,D,20221123,000000,20.8,20.9,20.8,20.9,196,0
WPR,D,20221124,000000,20.7,20.8,20.5,20.5,1043,0
WPR,D,20221125,000000,20.5,21.3,20.5,21.3,313,0
WPR,D,20221128,000000,21.2,21.2,20.8,20.8,65,0
WPR,D,20221129,000000,20.9,21,20.8,20.8,372,0
WPR,D,20221130,000000,20.8,21,20.4,20.9,1245,0
WPR,D,20221201,000000,20.9,21.1,20.8,21.1,362,0
WPR,D,20221202,000000,21.1,21.1,21.1,21.1,61,0
WPR,D,20221205,000000,20.9,20.9,20.8,20.9,867,0
WPR,D,20221206,000000,20.8,21,20.5,21,403,0
WPR,D,20221207,000000,20.6,21,20.4,21,502,0
WPR,D,20221208,000000,21,21,21,21,100,0
WPR,D,20221209,000000,20.9,20.9,20.5,20.9,985,0
WPR,D,20221212,000000,21.2,22.3,21.2,22,4957,0
WPR,D,20221213,000000,22.3,22.4,22,22.3,1502,0
WPR,D,20221214,000000,22.2,22.2,21.9,21.9,406,0
WPR,D,20221215,000000,21.9,22,21.8,21.9,2152,0
WPR,D,20221216,000000,21.9,22,21.3,21.8,1948,0
WPR,D,20221219,000000,21.8,22,21.5,21.5,982,0
WPR,D,20221220,000000,21.9,21.9,21.9,21.9,1,0
WPR,D,20221221,000000,22,22.1,21.9,22.1,701,0
WPR,D,20221222,000000,22.1,22.5,22,22,2724,0
WPR,D,20221223,000000,22,22,21.6,21.8,488,0
WPR,D,20221227,000000,21.8,22.5,21.8,22.5,1683,0
WPR,D,20221228,000000,22,24.9,22,23.9,5942,0
WPR,D,20221229,000000,24,24.4,23.1,23.6,1375,0
WPR,D,20221230,000000,23.8,24,23.7,23.7,313,0
WPR,D,20230102,000000,24.2,25.9,24.2,25,2353,0
WPR,D,20230103,000000,25,25,23.5,24.2,5940,0
WPR,D,20230104,000000,24.9,24.9,24.4,24.9,1217,0
WPR,D,20230105,000000,24.9,25,23.8,23.8,1837,0
WPR,D,20230109,000000,23.9,24.9,23.8,24.9,845,0
WPR,D,20230110,000000,24.7,25.4,24,25.1,2783,0
WPR,D,20230111,000000,25.1,25.1,24.9,24.9,121,0
WPR,D,20230112,000000,24.8,25.2,24.5,25.2,533,0
WPR,D,20230113,000000,25.2,25.2,24.3,24.4,1409,0
WPR,D,20230116,000000,25,25,23.9,24.1,1125,0
WPR,D,20230117,000000,24.1,24.2,24,24.2,547,0
WPR,D,20230118,000000,24.5,24.9,24.2,24.9,740,0
WPR,D,20230119,000000,24.5,24.5,24.4,24.4,126,0
WPR,D,20230120,000000,24.7,25.2,24.7,25.2,1116,0
WPR,D,20230123,000000,25,25,24.6,24.8,812,0
WPR,D,20230124,000000,25.2,25.2,24.6,25,494,0
WPR,D,20230125,000000,25.3,25.6,24.9,25.6,1980,0
WPR,D,20230126,000000,25.8,26.3,25.7,26,3783,0
WPR,D,20230127,000000,26,27.2,26,26.9,2404,0
WPR,D,20230130,000000,26.9,28.5,26.5,28.5,2854,0
WPR,D,20230131,000000,28.2,33,26.5,29.6,6521,0
WPR,D,20230201,000000,29.8,29.9,28.9,29.6,1280,0
WPR,D,20230202,000000,29.7,31.9,29.2,31,10842,0
WPR,D,20230203,000000,31,31.8,29.5,30.1,3468,0
WPR,D,20230206,000000,30.1,30.8,29.9,30.4,5510,0
WPR,D,20230207,000000,30.2,30.7,30.1,30.5,1740,0
WPR,D,20230208,000000,30.6,31.4,30.4,31.4,4834,0
WPR,D,20230209,000000,31.4,32.9,31.2,32.5,10032,0
WPR,D,20230210,000000,32.5,32.9,30.8,31.4,4887,0
WPR,D,20230213,000000,31.4,32.8,31,31.4,3935,0
WPR,D,20230214,000000,31.9,32.8,31.3,31.7,4124,0
WPR,D,20230215,000000,32.9,34.7,32.9,34.1,14673,0
WPR,D,20230216,000000,34.7,36.9,33.5,34.5,13928,0
WPR,D,20230217,000000,34.9,34.9,33,34.7,1876,0
WPR,D,20230220,000000,34.6,36.4,33.5,36,3045,0
WPR,D,20230221,000000,36,36,35.1,35.3,3998,0
WPR,D,20230222,000000,35.3,35.8,34.5,34.9,1744,0
WPR,D,20230223,000000,34.7,35.5,34.3,34.5,1471,0
WPR,D,20230224,000000,34.3,34.8,34.1,34.8,1255,0
WPR,D,20230227,000000,34.1,34.7,33,33.7,4001,0
WPR,D,20230228,000000,33.8,34,33.1,33.5,3076,0
WPR,D,20230301,000000,34,35.2,33.7,33.7,2579,0
WPR,D,20230302,000000,34.1,34.9,33.5,33.5,4101,0
WPR,D,20230303,000000,34,34,32.6,32.7,2534,0
WPR,D,20230306,000000,32.7,34.2,30.3,34,14721,0
WPR,D,20230307,000000,34.1,35,33,35,10817,0
WPR,D,20230308,000000,34.8,35.1,34.1,34.5,5271,0
WPR,D,20230309,000000,34.5,35,33.8,34.8,7827,0
WPR,D,20230310,000000,34.8,35.5,34.4,35.5,9759,0
WPR,D,20230313,000000,34.5,34.5,33.4,34.4,3574,0
WPR,D,20230314,000000,34,34,33.2,33.9,3337,0
WPR,D,20230315,000000,33.9,34,32.6,33.5,7719,0
WPR,D,20230316,000000,33.4,33.5,32.9,33.4,1151,0
WPR,D,20230317,000000,33.4,33.8,31.6,32.4,14334,0
WPR,D,20230320,000000,32,32,30.1,31.3,16723,0
WPR,D,20230321,000000,31.3,31.5,30.1,31,10565,0
WPR,D,20230322,000000,30.6,30.9,28.7,28.7,12389,0
WPR,D,20230323,000000,29.3,29.5,28.8,29,4235,0
WPR,D,20230324,000000,29.4,30,28.2,29,5186,0
WPR,D,20230327,000000,29.3,29.3,26.6,28.2,6219,0
WPR,D,20230328,000000,28,28,27.2,27.4,8995,0
WPR,D,20230329,000000,27.6,30.3,26.8,30.1,17622,0
WPR,D,20230330,000000,30.2,30.5,28.8,30.5,6257,0
WPR,D,20230331,000000,30.5,30.6,29.1,30.5,6504,0
WPR,D,20230403,000000,30.7,32,30.2,31.1,15192,0
WPR,D,20230404,000000,30.9,30.9,29.6,30.1,10412,0
WPR,D,20230405,000000,30.1,30.4,29.6,29.8,5180,0
WPR,D,20230406,000000,29.9,30.5,28.8,29.4,13500,0
WPR,D,20230411,000000,29.4,30.5,29,30,10221,0
WPR,D,20230412,000000,30,30.3,29.9,30,3315,0
WPR,D,20230413,000000,30,30,29.5,29.9,4403,0
WPR,D,20230414,000000,30,30.5,29,30.5,8597,0
WPR,D,20230417,000000,30.7,31.5,29.6,30.3,3999,0
WPR,D,20230418,000000,30.2,30.2,29.1,29.7,6070,0
WPR,D,20230419,000000,30,31.3,29.7,31.1,6265,0
WPR,D,20230420,000000,31.1,33.2,31,32.5,8905,0
WPR,D,20230421,000000,32.4,32.5,31.4,32.5,4608,0
WPR,D,20230424,000000,32.4,32.5,31.7,32.5,2542,0
WPR,D,20230425,000000,32.5,32.6,31.7,32.4,1817,0
WPR,D,20230426,000000,32.1,32.6,31.8,32.6,1074,0
WPR,D,20230427,000000,32.5,32.5,30.9,31.5,9563,0
WPR,D,20230428,000000,31.5,31.5,30.5,30.5,3326,0
WPR,D,20230502,000000,30.1,32.6,30,32.5,9451,0
WPR,D,20230504,000000,32.6,33,31.9,32.8,5803,0
WPR,D,20230505,000000,32.8,34.7,32.8,34.1,22734,0
WPR,D,20230508,000000,34.3,35.4,33.7,34.9,13700,0
WPR,D,20230509,000000,34.9,34.9,34,34.8,1434,0
WPR,D,20230510,000000,34.9,36.3,34.8,35.9,16246,0
WPR,D,20230511,000000,35.9,35.9,34.1,34.9,4831,0
WPR,D,20230512,000000,34.9,35,33,34.4,3211,0
WPR,D,20230515,000000,34,34,32.2,33.4,6153,0
WPR,D,20230516,000000,31.7,32.3,29.8,30.6,38023,0
WPR,D,20230517,000000,31,31.6,30.4,30.9,8455,0
WPR,D,20230518,000000,30.4,31,29.9,30.5,4731,0
WPR,D,20230519,000000,30.5,31,30.2,31,2233,0
WPR,D,20230522,000000,31,31.8,30.5,31.3,7169,0
WPR,D,20230523,000000,31.3,31.3,29.6,30.1,6438,0
WPR,D,20230524,000000,30.3,30.5,29.8,29.9,3123,0
WPR,D,20230525,000000,30,30.1,28.5,29.5,6054,0
WPR,D,20230526,000000,29.6,30.3,29,29.3,16345,0
WPR,D,20230529,000000,29.2,31.2,29.1,31,3812,0
WPR,D,20230530,000000,30,30.8,29.9,30.3,2099,0
WPR,D,20230531,000000,30.8,30.8,29,29.1,2665,0
WPR,D,20230601,000000,29.6,30.7,29.6,30.6,3221,0
WPR,D,20230602,000000,30.6,30.9,30,30.2,3704,0
WPR,D,20230605,000000,30.5,30.6,29.5,30.5,2553,0
WPR,D,20230606,000000,30.5,30.5,30.2,30.5,1178,0
WPR,D,20230607,000000,30.4,30.5,30.2,30.5,5339,0
WPR,D,20230609,000000,30.5,30.7,30.3,30.5,809,0
WPR,D,20230612,000000,30,30.4,29.8,30.3,2501,0
WPR,D,20230613,000000,30.3,30.3,29.9,30,985,0
WPR,D,20230614,000000,30.1,30.1,29.6,29.8,1206,0
WPR,D,20230615,000000,29.8,30.5,29.5,30.1,4616,0
WPR,D,20230616,000000,30.3,30.9,30.2,30.6,857,0
WPR,D,20230619,000000,30.6,30.6,30.1,30.3,756,0
WPR,D,20230620,000000,30,30.1,29.8,30,1079,0
WPR,D,20230621,000000,29.6,30.7,29.6,30,21215,0
WPR,D,20230622,000000,28.7,30.1,28.7,30.1,16794,0
WPR,D,20230623,000000,30.1,30.6,29.4,30.6,43030,0
WPR,D,20230626,000000,30.4,30.6,30.2,30.5,270,0
WPR,D,20230627,000000,30.2,30.2,29.6,30,690,0
WPR,D,20230628,000000,30,30.1,29.4,29.6,1170,0
WPR,D,20230629,000000,29.7,30,29.3,29.5,1345,0
WPR,D,20230630,000000,29.9,30.1,29.7,29.9,4338,0
WPR,D,20230703,000000,29.9,30.1,29.7,30,1883,0
WPR,D,20230704,000000,30,30,29.6,29.8,1201,0
WPR,D,20230705,000000,29.8,29.9,29.5,29.6,1085,0
WPR,D,20230706,000000,29.7,29.9,29.2,29.2,2604,0
WPR,D,20230707,000000,29.6,29.6,29.1,29.6,1023,0
WPR,D,20230710,000000,29.1,29.1,27.8,28.2,16053,0
WPR,D,20230711,000000,28.1,28.3,27.9,27.9,4141,0
WPR,D,20230712,000000,27.9,28.1,27.4,27.9,9005,0
WPR,D,20230713,000000,28.1,28.2,26.6,27.1,13350,0
WPR,D,20230714,000000,27.5,27.9,27.1,27.6,3180,0
WPR,D,20230717,000000,27.2,27.6,27,27.4,7663,0
WPR,D,20230718,000000,27.4,27.4,27,27.2,2711,0
WPR,D,20230719,000000,27,27.5,26.8,27.5,4253,0
WPR,D,20230720,000000,27.5,27.5,26.8,26.8,3275,0
WPR,D,20230721,000000,27.2,27.4,26.8,27.3,3022,0
WPR,D,20230724,000000,27.3,28,27,27.7,7119,0
WPR,D,20230725,000000,26.7,27.7,26.7,27.7,6775,0
WPR,D,20230726,000000,27.1,29.6,27.1,29,9503,0
WPR,D,20230727,000000,29.2,29.9,28.6,29.4,8470,0
WPR,D,20230728,000000,29.1,29.6,29.1,29.4,2688,0
WPR,D,20230731,000000,29.4,29.7,29.4,29.7,6025,0
WPR,D,20230801,000000,29.6,29.6,28.8,29.1,1415,0
WPR,D,20230802,000000,28.8,28.9,28.2,28.9,2260,0
WPR,D,20230803,000000,28.4,28.6,27.7,28.6,4508,0
WPR,D,20230804,000000,28.6,28.6,28.2,28.5,905,0
WPR,D,20230807,000000,28.5,28.6,28,28.3,1219,0
WPR,D,20230808,000000,28.2,28.2,27.4,27.9,1836,0
WPR,D,20230809,000000,27.9,27.9,27.1,27.3,1174,0
WPR,D,20230810,000000,27.3,27.6,26.5,27.4,10831,0
WPR,D,20230811,000000,27.4,27.4,26.2,26.8,6115,0
WPR,D,20230814,000000,26.6,27.3,26.2,26.8,5529,0
WPR,D,20230816,000000,25.9,25.9,24.7,25.4,26563,0
WPR,D,20230817,000000,24.7,25.6,24.7,25,2777,0
WPR,D,20230818,000000,25,25.5,22.3,25,7452,0
WPR,D,20230821,000000,24.9,24.9,23.5,24.4,5881,0
WPR,D,20230822,000000,24.4,25,24.3,24.3,6918,0
WPR,D,20230823,000000,24.5,24.8,23.2,24.2,8378,0
WPR,D,20230824,000000,24.5,24.7,23.7,24,4371,0
WPR,D,20230825,000000,24.3,25,24.1,24.7,2976,0
WPR,D,20230828,000000,24.1,25,24.1,24.8,2805,0
WPR,D,20230829,000000,24.5,25,24.3,25,1932,0
WPR,D,20230830,000000,25,25,24.6,25,1861,0
WPR,D,20230831,000000,25,25,24.7,25,6519,0
WPR,D,20230901,000000,25,25,24.6,25,9877,0
WPR,D,20230904,000000,25,25,24.6,24.7,2585,0
WPR,D,20230905,000000,24.7,25,24.5,24.5,3024,0
WPR,D,20230906,000000,24.5,24.9,23.8,24.5,3393,0
WPR,D,20230907,000000,24.5,24.8,24.2,24.8,1228,0
WPR,D,20230908,000000,24.6,24.7,24.2,24.4,462,0
WPR,D,20230911,000000,24.4,24.4,21.8,23.1,32351,0
WPR,D,20230912,000000,23.1,23.7,22.7,22.7,6270,0
WPR,D,20230913,000000,22.7,22.7,21,21.3,14170,0
WPR,D,20230914,000000,21.3,21.6,20.2,21.4,23573,0
WPR,D,20230915,000000,21.4,22,21.4,22,5038,0
WPR,D,20230918,000000,22,22.8,21.8,22.8,4956,0
WPR,D,20230919,000000,22.9,23.5,22.2,22.7,3195,0
WPR,D,20230920,000000,22.6,23,22.2,23,3729,0
WPR,D,20230921,000000,23,23,21.5,22.1,5140,0
WPR,D,20230922,000000,22,22.3,21.5,22.2,1023,0
WPR,D,20230925,000000,22,22.2,21.5,22,1873,0
WPR,D,20230926,000000,21.6,21.7,20.8,21.3,4277,0
WPR,D,20230927,000000,21,21.3,20.8,21.2,2176,0
WPR,D,20230928,000000,21.2,21.2,19.8,20.4,6332,0
WPR,D,20230929,000000,20,21,19.6,20.8,3310,0
WPR,D,20231002,000000,20.5,21.6,20.5,21.1,3148,0
WPR,D,20231003,000000,21.7,21.9,21.2,21.9,2982,0
WPR,D,20231004,000000,21.7,22,21.1,22,2049,0
WPR,D,20231005,000000,22.1,22.8,21.7,21.7,1819,0
WPR,D,20231006,000000,21.7,21.7,21,21,2796,0
WPR,D,20231009,000000,21.7,21.7,20.9,21,931,0
WPR,D,20231010,000000,20,20,18.5,19.2,36820,0
WPR,D,20231011,000000,19.1,19.5,19.1,19.4,7229,0
WPR,D,20231012,000000,19.4,20.2,19.4,19.9,5539,0
WPR,D,20231013,000000,19.9,20.8,19.7,20.4,2599,0
WPR,D,20231016,000000,20.4,20.5,19.7,20,1455,0
WPR,D,20231017,000000,19.7,20.2,19.6,20,5530,0
WPR,D,20231018,000000,20.3,20.5,19.9,20.3,2584,0
WPR,D,20231019,000000,20,20,19.9,19.9,1150,0
WPR,D,20231020,000000,19.9,20,19.65,19.65,3768,0
WPR,D,20231023,000000,19.65,20.1,19.65,20,4751,0
WPR,D,20231024,000000,20.1,20.2,19.7,20,1177,0
WPR,D,20231025,000000,20,20.1,19.65,20.1,1890,0
WPR,D,20231026,000000,20,20.3,19.75,20,22483,0
WPR,D,20231027,000000,19.8,19.9,19.4,19.8,2360,0
WPR,D,20231030,000000,19.8,19.95,19.35,19.35,1366,0
WPR,D,20231031,000000,19.4,19.7,19.1,19.6,2337,0
WPR,D,20231102,000000,19.6,20,19.25,19.5,6525,0
WPR,D,20231103,000000,19.35,19.45,19,19.15,3595,0
WPR,D,20231106,000000,19.05,19.35,19,19,5847,0
WPR,D,20231107,000000,19,19.25,19,19,3172,0
WPR,D,20231108,000000,19,19.1,18.95,18.95,1986,0
WPR,D,20231109,000000,19,19,18.95,19,1918,0
WPR,D,20231110,000000,18.95,18.95,18.6,18.8,2784,0
WPR,D,20231113,000000,18.7,19,18.05,18.4,5052,0
WPR,D,20231114,000000,18.4,18.4,17.4,17.65,7804,0
WPR,D,20231115,000000,16.35,19.25,16.3,18.9,27344,0
WPR,D,20231116,000000,18.6,18.6,17.8,18.2,6758,0
WPR,D,20231117,000000,18,18.5,18,18.1,4900,0
WPR,D,20231120,000000,18.15,19,18.15,19,6752,0
WPR,D,20231121,000000,19,19,18.8,18.95,9519,0
WPR,D,20231122,000000,18.85,19,18.4,18.9,2011,0
WPR,D,20231123,000000,18.55,18.9,18.05,18.35,3503,0
WPR,D,20231124,000000,18.8,19,18.8,18.9,2287,0
WPR,D,20231127,000000,18.9,18.9,18.6,18.9,814,0
WPR,D,20231128,000000,18.9,18.9,18.6,18.8,1104,0
WPR,D,20231129,000000,18.7,18.9,18.4,18.45,1697,0
WPR,D,20231130,000000,18.5,18.5,18.25,18.5,1668,0
WPR,D,20231201,000000,18.3,18.5,18.2,18.2,2016,0
WPR,D,20231204,000000,18.15,18.35,18.05,18.2,3060,0
WPR,D,20231205,000000,18.3,18.5,18.1,18.2,3881,0
WPR,D,20231206,000000,18.4,18.9,18.4,18.9,4487,0
WPR,D,20231207,000000,18.9,19.8,18.75,19.7,8961,0
WPR,D,20231208,000000,18.9,19.8,18.9,19.3,9523,0
WPR,D,20231211,000000,19.05,19.05,17.5,17.8,25173,0
WPR,D,20231212,000000,17.8,18.2,16.8,18.2,15272,0
WPR,D,20231213,000000,18.2,18.2,17.35,17.8,5929,0
WPR,D,20231214,000000,17.8,18.1,17.45,17.9,3798,0
WPR,D,20231215,000000,17.9,18.15,17.6,17.9,6078,0
WPR,D,20231218,000000,17.9,17.9,17.35,17.7,2907,0
WPR,D,20231219,000000,17.6,17.8,17.2,17.2,3447,0
WPR,D,20231220,000000,17.2,17.45,17,17,4654,0
WPR,D,20231221,000000,17,17.15,16.7,16.7,6795,0
WPR,D,20231222,000000,16.7,16.9,16.7,16.7,11876,0
WPR,D,20231227,000000,16.9,16.9,16.15,16.3,19248,0
WPR,D,20231228,000000,16.55,17,16.15,17,3738,0
WPR,D,20231229,000000,16.95,17.1,16.8,17,1235,0
WPR,D,20240102,000000,16.75,16.8,16.1,16.8,4843,0
WPR,D,20240103,000000,16.7,16.75,16.3,16.6,2098,0
WPR,D,20240104,000000,16.6,17.4,16.4,17.2,5586,0
WPR,D,20240105,000000,17.35,17.5,17.05,17.5,2629,0
WPR,D,20240108,000000,17.15,17.6,17.15,17.2,2146,0
WPR,D,20240109,000000,17.15,17.6,17.15,17.6,3466,0
WPR,D,20240110,000000,16.65,16.8,15.75,16.1,24472,0
WPR,D,20240111,000000,16.35,16.45,15.55,15.85,8972,0
WPR,D,20240112,000000,16.1,16.2,15.5,15.6,7248,0
WPR,D,20240115,000000,15.65,15.65,14.35,14.5,12380,0
WPR,D,20240116,000000,14.5,14.95,14.4,14.5,6097,0
WPR,D,20240117,000000,14.55,14.85,14.3,14.35,1821,0
WPR,D,20240118,000000,14.35,14.9,14.35,14.7,2090,0
WPR,D,20240119,000000,14.75,15.15,14.75,15.15,844,0
WPR,D,20240122,000000,15.2,15.35,14.5,14.7,7429,0
WPR,D,20240123,000000,14.7,14.95,14.6,14.9,1505,0
WPR,D,20240124,000000,14.75,15.1,14.65,15,1720,0
WPR,D,20240125,000000,15,15.05,14.85,14.9,1666,0
WPR,D,20240126,000000,15.05,15.1,14.85,15,429,0
WPR,D,20240129,000000,15.1,15.2,14.8,14.8,1167,0
WPR,D,20240130,000000,15.05,15.05,14.5,14.5,2151,0
WPR,D,20240131,000000,14.6,14.65,14.4,14.4,3903,0
WPR,D,20240201,000000,14.35,15,14.35,15,2181,0
WPR,D,20240202,000000,14.9,15.8,14.65,15.8,4269,0
WPR,D,20240205,000000,15.8,15.8,14.95,14.95,2161,0
WPR,D,20240206,000000,15.05,15.45,14.95,14.95,1135,0
WPR,D,20240207,000000,14.8,15.45,14.8,15.3,1902,0
WPR,D,20240208,000000,15.45,15.45,15.1,15.1,576,0
WPR,D,20240209,000000,15.4,15.4,15.05,15.1,268,0
WPR,D,20240212,000000,15,15,13.35,13.4,18964,0
WPR,D,20240213,000000,13.6,14.75,13.4,13.75,5691,0
WPR,D,20240214,000000,14.25,14.25,13,14.15,3953,0
WPR,D,20240215,000000,14,14.35,13.85,14.05,3667,0
WPR,D,20240216,000000,14.1,14.1,13.45,13.55,3841,0
WPR,D,20240219,000000,13.55,13.85,13.15,13.35,3646,0
WPR,D,20240220,000000,13.35,13.4,10.7,11.05,134455,0
WPR,D,20240221,000000,11.05,11.75,10.35,11.05,51712,0
WPR,D,20240222,000000,11.05,11.8,11.05,11.5,12613,0
WPR,D,20240223,000000,11.7,11.7,11.1,11.4,8337,0
WPR,D,20240226,000000,11.15,11.2,10.8,11,8345,0
WPR,D,20240227,000000,11,11.15,10.55,10.7,10710,0
WPR,D,20240228,000000,10.6,10.9,10.3,10.6,4970,0
WPR,D,20240229,000000,10.45,10.5,9.74,10,15617,0
WPR,D,20240301,000000,9.94,10,9.66,9.68,12030,0
WPR,D,20240304,000000,9.7,10,9.66,10,4486,0
WPR,D,20240305,000000,9.88,9.88,9.12,9.38,6812,0
WPR,D,20240306,000000,9.42,9.5,9.06,9.2,6505,0
WPR,D,20240307,000000,9.48,9.98,9.3,9.34,10525,0
WPR,D,20240308,000000,9.34,9.9,9.1,9.26,9205,0
WPR,D,20240311,000000,9.58,9.58,9.16,9.56,1097,0
WPR,D,20240312,000000,9.52,9.86,9.32,9.32,2021,0
WPR,D,20240313,000000,9.32,9.32,8.5,9,8943,0
WPR,D,20240314,000000,9.08,9.08,8.6,8.88,1947,0
WPR,D,20240315,000000,8.92,9,8.62,8.8,6954,0
WPR,D,20240318,000000,8.7,8.8,8.44,8.74,4288,0
WPR,D,20240319,000000,8.74,8.74,8.3,8.66,3186,0
WPR,D,20240320,000000,8.4,8.7,8.34,8.34,5491,0
WPR,D,20240321,000000,8.3,8.4,8.1,8.28,4724,0
WPR,D,20240322,000000,8.18,8.44,8.18,8.44,3984,0
WPR,D,20240325,000000,8.44,8.44,8.1,8.1,4063,0
WPR,D,20240326,000000,8.1,8.24,8.04,8.04,1999,0
WPR,D,20240327,000000,8.04,8.1,7.76,7.96,6415,0
WPR,D,20240328,000000,7.96,9.2,7.96,8.5,11799,0
WPR,D,20240402,000000,8.5,8.91,8.4,8.42,3953,0
WPR,D,20240403,000000,8.56,8.66,8.32,8.6,5459,0
WPR,D,20240404,000000,8.7,10.3,8.6,9.6,21303,0
WPR,D,20240405,000000,9.9,10.92,9.82,10,40847,0
WPR,D,20240408,000000,10.26,10.8,10.02,10.28,16520,0
WPR,D,20240409,000000,10.58,10.58,9.21,9.6,7949,0
WPR,D,20240410,000000,9.4,9.4,9,9,9419,0
WPR,D,20240411,000000,9,9.64,8.99,8.99,2549,0
WPR,D,20240412,000000,9.42,9.42,9.1,9.3,6859,0
WPR,D,20240415,000000,9.26,9.3,8.6,9.26,2630,0
WPR,D,20240416,000000,8.86,9.18,8.86,9,565,0
WPR,D,20240417,000000,9.4,9.44,8.9,9.21,5721,0
WPR,D,20240418,000000,9.21,10.38,9.1,9.9,11138,0
WPR,D,20240419,000000,10,10,9.1,9.5,8660,0
WPR,D,20240422,000000,9.62,9.92,9.3,9.3,6002,0
WPR,D,20240423,000000,9.3,9.86,9.3,9.34,949,0
WPR,D,20240424,000000,9.35,9.4,9.3,9.3,2304,0
WPR,D,20240425,000000,9.3,9.4,9.2,9.2,1354,0
WPR,D,20240426,000000,9.4,9.4,9,9.03,4021,0
WPR,D,20240429,000000,9,9.78,8.9,9,2905,0
WPR,D,20240430,000000,9,9,8.53,8.96,4486,0
WPR,D,20240502,000000,8.96,9.5,8.95,9.2,4356,0
WPR,D,20240506,000000,9.15,9.59,9.15,9.15,6443,0
WPR,D,20240507,000000,9.15,9.6,9,9,4528,0
WPR,D,20240508,000000,9.01,9.5,9.01,9.5,3477,0
WPR,D,20240509,000000,9.57,9.57,8.67,9,10600,0
WPR,D,20240510,000000,9,9.46,8.95,9.02,3964,0
WPR,D,20240513,000000,8.92,9.05,8.92,8.93,3504,0
WPR,D,20240514,000000,8.95,9.19,8.95,9.19,2702,0
WPR,D,20240515,000000,9.2,9.44,9.2,9.3,859,0
WPR,D,20240516,000000,9.3,9.3,9.03,9.3,1737,0
WPR,D,20240517,000000,9.5,9.5,9,9,2715,0
WPR,D,20240520,000000,9.02,9.6,8.9,9.6,4348,0
WPR,D,20240521,000000,9.6,9.6,9.2,9.5,4530,0
WPR,D,20240522,000000,9.5,9.5,9.11,9.43,41,0
WPR,D,20240523,000000,9,9.25,8.7,9.25,9009,0
WPR,D,20240524,000000,9.24,9.24,8.7,8.96,6704,0
WPR,D,20240527,000000,9.03,9.03,8.5,8.87,2833,0
WPR,D,20240528,000000,8.88,8.88,8.43,8.73,4434,0
WPR,D,20240529,000000,8.7,8.7,8.5,8.66,1516,0
WPR,D,20240531,000000,8.66,8.7,8.5,8.5,1241,0
WPR,D,20240603,000000,8.5,8.67,8.44,8.65,5403,0
WPR,D,20240604,000000,8.66,8.66,8.2,8.2,6305,0
WPR,D,20240605,000000,8.17,8.2,7.99,8,37181,0
WPR,D,20240606,000000,7.72,7.72,7.21,7.3,37535,0
WPR,D,20240607,000000,7.3,7.3,6.98,7,25734,0
WPR,D,20240610,000000,7,7,6.5,6.85,26160,0
WPR,D,20240611,000000,6.85,7,6.7,6.8,94221,0
WPR,D,20240612,000000,7,7.5,6.95,7.35,50745,0
WPR,D,20240613,000000,7.35,7.4,7.02,7.2,8357,0
WPR,D,20240614,000000,7.24,7.24,6.92,7.1,6527,0
WPR,D,20240617,000000,7.24,7.28,6.85,7.12,3789,0
WPR,D,20240618,000000,7.27,7.55,7.2,7.3,6004,0
WPR,D,20240619,000000,7.38,8.4,7.38,8.25,30323,0
WPR,D,20240620,000000,8.25,9.07,8.03,8.72,24772,0
WPR,D,20240621,000000,8.72,8.75,8,8.75,11568,0
WPR,D,20240624,000000,8.68,8.68,8,8.13,7471,0
WPR,D,20240625,000000,8.35,9,8.07,8.8,6697,0
WPR,D,20240626,000000,8.8,8.9,8.24,8.86,11259,0
WPR,D,20240627,000000,8.89,9,8.5,8.88,15986,0
WPR,D,20240628,000000,8.98,9.75,8.81,9.45,9691,0
WPR,D,20240701,000000,9.4,9.51,8.8,9.21,8713,0
WPR,D,20240702,000000,9.21,9.21,8.8,8.97,2504,0
WPR,D,20240703,000000,8.97,8.97,8.5,8.9,3794,0
WPR,D,20240704,000000,8.48,8.48,8.1,8.39,17684,0
WPR,D,20240705,000000,8.38,8.99,7.94,8.99,12200,0
WPR,D,20240708,000000,8.9,8.9,8.4,8.73,5876,0
WPR,D,20240709,000000,8.73,8.73,8.4,8.5,1318,0
WPR,D,20240710,000000,8.48,8.52,8.28,8.52,1725,0
WPR,D,20240711,000000,8.52,8.68,8.3,8.67,2842,0
WPR,D,20240712,000000,8.67,8.67,8.3,8.41,1446,0
WPR,D,20240715,000000,8.42,8.6,8.34,8.49,1214,0
WPR,D,20240716,000000,8.45,8.45,8.25,8.3,3488,0
WPR,D,20240717,000000,8.35,8.35,7.94,8.06,4182,0
WPR,D,20240718,000000,8.2,8.89,7.79,8.64,9925,0
WPR,D,20240719,000000,8.65,8.9,8.65,8.73,3128,0
WPR,D,20240722,000000,8.9,9.2,8.88,9.15,6735,0
WPR,D,20240723,000000,9.2,9.4,8.88,8.88,2746,0
WPR,D,20240724,000000,9.06,9.06,8.6,8.66,3211,0
WPR,D,20240725,000000,8.68,8.68,8.04,8.25,3735,0
WPR,D,20240726,000000,8.42,8.42,8.16,8.17,907,0
WPR,D,20240729,000000,8.25,8.88,8.15,8.25,4455,0
WPR,D,20240730,000000,8.42,8.6,8.14,8.3,1523,0
WPR,D,20240731,000000,8.54,8.54,8.25,8.53,113,0
WPR,D,20240801,000000,8.54,8.54,8.24,8.4,218,0
WPR,D,20240802,000000,8.5,8.5,8.12,8.12,646,0
WPR,D,20240805,000000,8.18,8.18,7.69,7.88,5991,0
WPR,D,20240806,000000,7.1,7.98,7,7.5,15536,0
WPR,D,20240807,000000,7.6,7.6,6.84,7.1,26391,0
WPR,D,20240808,000000,6.92,7.2,6.72,6.99,9517,0
WPR,D,20240809,000000,6.99,7.15,6.8,7,4579,0
WPR,D,20240812,000000,7.05,7.2,6.84,7,8452,0
WPR,D,20240813,000000,7,7.13,6.86,7.05,1189,0
WPR,D,20240814,000000,7.05,7.05,6.81,6.98,1857,0
WPR,D,20240816,000000,6.98,7,6.89,7,4203,0
WPR,D,20240819,000000,7,7,6.65,6.94,10379,0
WPR,D,20240820,000000,6.98,7,6.94,7,3337,0
WPR,D,20240821,000000,7.15,7.2,6.87,7,2151,0
WPR,D,20240822,000000,7,7.1,6.7,7,5594,0
WPR,D,20240823,000000,7.06,7.06,6.71,7,1626,0
WPR,D,20240826,000000,7,7,6.76,6.99,1510,0
WPR,D,20240827,000000,6.99,6.99,6.78,6.99,237,0
WPR,D,20240828,000000,6.99,7,6.7,6.89,3246,0
WPR,D,20240829,000000,6.94,6.94,6.7,6.9,232,0
WPR,D,20240830,000000,6.9,6.9,6.73,6.9,338,0
WPR,D,20240902,000000,6.9,6.92,6.72,6.92,1482,0
WPR,D,20240903,000000,6.92,6.92,6.8,6.8,732,0
WPR,D,20240904,000000,6.8,6.9,6.7,6.7,2655,0
WPR,D,20240905,000000,6.7,6.7,6.56,6.7,5214,0
WPR,D,20240906,000000,6.7,6.8,6.59,6.75,2290,0
WPR,D,20240909,000000,6.78,6.8,6.68,6.68,1561,0
WPR,D,20240910,000000,6.68,6.8,6.57,6.75,1069,0
WPR,D,20240911,000000,6.75,6.8,6.68,6.7,1062,0
WPR,D,20240912,000000,6.8,6.8,6.64,6.65,798,0
WPR,D,20240913,000000,6.65,6.8,6.4,6.4,6069,0
WPR,D,20240916,000000,6.5,6.5,6.42,6.44,463,0
WPR,D,20240917,000000,6.46,6.64,5.83,6,34624,0
WPR,D,20240918,000000,6,6.09,5.9,6.09,2257,0
WPR,D,20240919,000000,6.08,6.1,5.92,5.92,6092,0
WPR,D,20240920,000000,5.95,6,5.92,5.92,3451,0
WPR,D,20240923,000000,5.92,6,5.92,5.93,3327,0
WPR,D,20240924,000000,5.92,5.95,5.92,5.95,464,0
WPR,D,20240925,000000,5.92,5.95,5.9,5.95,1007,0
WPR,D,20240926,000000,5.95,6,5.86,5.98,2726,0
WPR,D,20240927,000000,5.98,6,5.92,5.92,7002,0
WPR,D,20240930,000000,5.95,6,5.92,5.95,1427,0
WPR,D,20241001,000000,5.95,6,5.95,5.95,13044,0
WPR,D,20241002,000000,6,6,5.95,6,2290,0
WPR,D,20241003,000000,6,6,5.68,5.74,6133,0
WPR,D,20241004,000000,5.74,5.74,5.3,5.71,6706,0
WPR,D,20241007,000000,5.7,5.7,5.51,5.7,611,0
WPR,D,20241008,000000,5.7,5.7,5.5,5.5,1269,0
WPR,D,20241009,000000,5.69,5.69,5.3,5.35,3559,0
WPR,D,20241010,000000,5.4,5.73,5.25,5.73,9997,0
WPR,D,20241011,000000,5.73,5.73,5.4,5.46,1543,0
WPR,D,20241014,000000,5.52,5.61,5.27,5.27,3394,0
WPR,D,20241015,000000,5.31,5.58,5.31,5.58,132,0
WPR,D,20241016,000000,5.57,5.57,5.4,5.4,275,0
WPR,D,20241017,000000,5.4,5.55,5.32,5.55,954,0
WPR,D,20241018,000000,5.55,5.55,5.32,5.45,437,0
WPR,D,20241021,000000,5.45,5.45,5.32,5.33,5393,0
WPR,D,20241022,000000,5.45,5.45,5.25,5.4,7635,0
WPR,D,20241023,000000,5.43,5.45,5.25,5.3,1955,0
WPR,D,20241024,000000,5.3,5.3,5.25,5.25,1358,0
WPR,D,20241025,000000,5.25,5.3,5.05,5.06,12917,0
WPR,D,20241028,000000,5.3,5.3,4.88,5,8902,0
WPR,D,20241029,000000,5,5,4.86,4.86,5789,0
WPR,D,20241030,000000,4.86,4.95,4.86,4.95,742,0
WPR,D,20241031,000000,4.94,4.95,4.9,4.95,1909,0
WPR,D,20241104,000000,4.95,4.95,4.8,4.9,1179,0
WPR,D,20241105,000000,4.9,4.9,4.675,4.84,1745,0
WPR,D,20241106,000000,4.84,4.84,4.69,4.84,1990,0
WPR,D,20241107,000000,4.88,4.95,4.7,4.94,4443,0
WPR,D,20241108,000000,4.94,4.95,4.62,4.7,10134,0
WPR,D,20241112,000000,4.7,4.7,4.41,4.41,6011,0
WPR,D,20241113,000000,4.41,4.5,4.02,4.44,9443,0
WPR,D,20241114,000000,4.305,4.5,4.3,4.5,17138,0
WPR,D,20241115,000000,4.5,4.5,4.4,4.45,3186,0
WPR,D,20241118,000000,4.45,4.59,4.21,4.21,8736,0
WPR,D,20241119,000000,4.21,4.25,3.79,3.79,51395,0
WPR,D,20241120,000000,3.8,4.18,3.51,4,6577,0
WPR,D,20241121,000000,4,4.38,4,4.35,6211,0
WPR,D,20241122,000000,4.35,4.5,4.155,4.21,14118,0
WPR,D,20241125,000000,4.21,4.21,4.06,4.06,4843,0
WPR,D,20241126,000000,4,4,3.82,3.99,8033,0
WPR,D,20241127,000000,3.99,4,3.76,3.9,12568,0
WPR,D,20241128,000000,3.9,4.03,3.745,3.745,9352,0
WPR,D,20241129,000000,3.745,3.95,3.745,3.85,6123,0
WPR,D,20241202,000000,3.885,4.695,3.87,4.48,81167,0
WPR,D,20241203,000000,4.8,4.8,4.265,4.265,28865,0
WPR,D,20241204,000000,4.2,4.5,4,4.44,58113,0
WPR,D,20241205,000000,4.45,4.5,3.85,4.06,43865,0
WPR,D,20241206,000000,4.06,4.06,3.78,4.02,34777,0
WPR,D,20241209,000000,4.02,4.2,3.58,3.69,59956,0
WPR,D,20241210,000000,3.69,3.78,3.45,3.66,14892,0
WPR,D,20241211,000000,3.66,3.9,3.58,3.9,18908,0
WPR,D,20241212,000000,3.9,3.965,3.655,3.96,12648,0
WPR,D,20241213,000000,3.81,3.955,3.81,3.83,4666,0
WPR,D,20241216,000000,3.87,3.87,3.63,3.74,13770,0
WPR,D,20241217,000000,3.745,3.745,3.605,3.7,9495,0
WPR,D,20241218,000000,3.7,3.75,3.605,3.7,6237,0
WPR,D,20241219,000000,3.65,3.9,3.61,3.655,12265,0
WPR,D,20241220,000000,3.66,3.835,3.66,3.835,12281,0
WPR,D,20241223,000000,3.8,3.835,3.7,3.7,23283,0
WPR,D,20241227,000000,3.825,3.845,3.755,3.845,2721,0
WPR,D,20241230,000000,3.845,3.945,3.845,3.94,4723,0
WPR,D,20250102,000000,3.94,4.19,3.94,4.1,4535,0
WPR,D,20250103,000000,4.14,4.4,4.135,4.39,12030,0
WPR,D,20250107,000000,4.39,4.39,4.25,4.34,1913,0
WPR,D,20250108,000000,4.26,4.34,4.075,4.2,5940,0
WPR,D,20250109,000000,4.15,4.32,4.15,4.26,2275,0
WPR,D,20250110,000000,4.27,4.28,4.16,4.27,1715,0
WPR,D,20250113,000000,4.24,4.24,4.025,4.09,6863,0
WPR,D,20250114,000000,4.1,4.23,4.1,4.2,3233,0
WPR,D,20250115,000000,4.2,4.39,4.06,4.375,3419,0
WPR,D,20250116,000000,4.36,4.36,4.07,4.315,590,0
WPR,D,20250117,000000,4.305,4.305,4.205,4.29,487,0
WPR,D,20250120,000000,4.28,4.28,3.945,4,11479,0
WPR,D,20250121,000000,4.2,4.24,4,4.125,1500,0
WPR,D,20250122,000000,4.22,4.22,3.825,3.92,13232,0
WPR,D,20250123,000000,4,4,3.78,3.835,2556,0
WPR,D,20250124,000000,3.86,4,3.86,3.995,119,0
WPR,D,20250127,000000,3.99,4.095,3.86,4.095,2023,0
WPR,D,20250128,000000,4.1,4.12,3.87,3.87,13345,0
WPR,D,20250129,000000,3.87,4.12,3.87,4.01,4548,0
WPR,D,20250130,000000,4.02,4.18,4.02,4.02,7115,0
WPR,D,20250131,000000,4.02,4.18,4.02,4.02,1305,0
WPR,D,20250203,000000,4.175,4.175,3.905,3.93,633,0
WPR,D,20250204,000000,4.04,4.15,3.925,4.015,1926,0
WPR,D,20250205,000000,4.12,4.12,3.95,4.07,6007,0
WPR,D,20250206,000000,4.07,4.07,3.96,3.965,1219,0
WPR,D,20250207,000000,4.12,4.12,3.96,4.04,6086,0
WPR,D,20250210,000000,4.12,4.12,3.96,3.965,896,0
WPR,D,20250211,000000,3.965,4.3,3.965,4.1,6462,0
WPR,D,20250212,000000,4.24,4.24,4.04,4.075,662,0
WPR,D,20250213,000000,4.075,4.2,4.05,4.2,2724,0
WPR,D,20250214,000000,4.2,4.2,4.05,4.15,4544,0
WPR,D,20250217,000000,4.15,4.2,4.065,4.08,2855,0
WPR,D,20250218,000000,4.195,4.2,4.08,4.12,68,0
WPR,D,20250219,000000,4.12,4.12,4.02,4.035,2684,0
WPR,D,20250220,000000,4.035,4.1,4.02,4.025,675,0
WPR,D,20250221,000000,4.015,4.09,3.96,3.96,3478,0
WPR,D,20250224,000000,3.96,4.185,3.96,4.175,2069,0
WPR,D,20250225,000000,4.19,4.19,4.055,4.19,478,0
WPR,D,20250226,000000,4.19,4.22,4.065,4.22,665,0
WPR,D,20250227,000000,4.24,4.25,4.12,4.12,1276,0
WPR,D,20250228,000000,4.12,4.2,4.12,4.12,1210,0
WPR,D,20250303,000000,4.25,4.25,4.05,4.05,629,0
WPR,D,20250304,000000,4.06,4.25,4,4.08,2342,0
WPR,D,20250305,000000,4.03,4.08,4.03,4.04,1313,0
WPR,D,20250306,000000,4.06,4.08,4.06,4.06,1053,0
WPR,D,20250307,000000,4.06,4.08,4.04,4.08,2450,0
WPR,D,20250310,000000,4.1,4.1,3.96,3.96,6650,0
WPR,D,20250311,000000,3.97,3.97,3.89,3.955,4470,0
WPR,D,20250312,000000,3.965,3.965,3.62,3.9,17192,0
WPR,D,20250313,000000,3.94,3.94,3.7,3.845,3658,0
WPR,D,20250314,000000,3.85,3.9,3.85,3.85,3336,0
WPR,D,20250317,000000,3.85,3.86,3.59,3.78,17428,0
WPR,D,20250318,000000,3.775,3.775,3.59,3.695,10790,0
WPR,D,20250319,000000,3.695,3.695,3.605,3.68,1631,0
WPR,D,20250320,000000,3.68,3.9,3.61,3.9,7696,0
WPR,D,20250321,000000,4,4.6,4,4.58,39632,0
WPR,D,20250324,000000,4.57,4.57,4.155,4.21,18601,0
WPR,D,20250325,000000,4.295,4.295,4,4.065,7560,0
WPR,D,20250326,000000,4.2,4.22,3.9,3.92,16793,0
WPR,D,20250327,000000,4,4,3.9,3.9,1273,0
WPR,D,20250328,000000,3.99,4.38,3.955,4.3,7177,0
WPR,D,20250331,000000,4.28,4.28,4.03,4.16,4320,0
WPR,D,20250401,000000,4.02,4.09,4,4.09,4311,0
WPR,D,20250402,000000,4.09,4.09,3.98,3.98,2782,0
WPR,D,20250403,000000,3.98,4.07,3.98,3.98,1003,0
WPR,D,20250404,000000,3.98,4.04,3.95,3.95,3074,0
WPR,D,20250407,000000,3.95,4.02,3.81,3.9,1987,0
WPR,D,20250408,000000,3.98,3.98,3.83,3.83,939,0
WPR,D,20250409,000000,3.83,3.94,3.83,3.83,1610,0
WPR,D,20250410,000000,3.83,3.9,3.7,3.9,8384,0
WPR,D,20250411,000000,3.93,3.93,3.74,3.74,770,0
WPR,D,20250414,000000,3.78,4.03,3.78,4.03,6462,0
WPR,D,20250415,000000,3.94,4.04,3.91,3.91,795,0
WPR,D,20250416,000000,3.91,3.91,3.91,3.91,307,0
WPR,D,20250417,000000,3.96,3.96,3.9,3.9,2043,0
WPR,D,20250422,000000,3.9,3.93,3.83,3.87,1564,0
WPR,D,20250423,000000,3.93,3.95,3.85,3.95,1640,0
WPR,D,20250424,000000,3.95,3.95,3.85,3.9,1018,0
WPR,D,20250425,000000,3.9,3.95,3.71,3.85,5943,0
WPR,D,20250428,000000,3.86,3.86,3.65,3.79,15504,0
WPR,D,20250429,000000,3.8,3.89,3.8,3.89,2893,0
WPR,D,20250430,000000,3.89,3.89,3.89,3.89,1292,0
WPR,D,20250502,000000,3.9,3.9,3.85,3.9,294,0
WPR,D,20250505,000000,3.9,3.9,3.76,3.86,7328,0
WPR,D,20250506,000000,3.87,3.87,3.75,3.79,1328,0
WPR,D,20250507,000000,3.85,3.85,3.75,3.77,16,0
WPR,D,20250508,000000,3.85,3.92,3.83,3.83,4273,0
WPR,D,20250509,000000,3.89,3.89,3.82,3.82,198,0
WPR,D,20250512,000000,3.82,3.9,3.75,3.8,2634,0
WPR,D,20250513,000000,3.8,3.89,3.78,3.89,3657,0
WPR,D,20250514,000000,3.89,3.95,3.78,3.95,4448,0
WPR,D,20250515,000000,3.95,3.99,3.82,3.88,3143,0
WPR,D,20250516,000000,3.88,4.01,3.88,3.98,3212,0
WPR,D,20250519,000000,4.01,4.03,3.94,3.99,3457,0
WPR,D,20250520,000000,3.99,3.99,3.9,3.97,1010,0
WPR,D,20250521,000000,3.98,3.98,3.98,3.98,26,0
WPR,D,20250522,000000,3.92,3.95,3.92,3.95,84,0
WPR,D,20250523,000000,3.95,3.95,3.82,3.82,1991,0
WPR,D,20250526,000000,3.82,3.9,3.81,3.9,2152,0
WPR,D,20250527,000000,3.9,3.94,3.9,3.94,1745,0
WPR,D,20250528,000000,3.95,3.95,3.95,3.95,305,0
WPR,D,20250529,000000,3.94,3.94,3.86,3.94,435,0
WPR,D,20250530,000000,3.95,3.95,3.9,3.94,107,0
WPR,D,20250602,000000,3.94,3.94,3.9,3.9,181,0
WPR,D,20250603,000000,3.94,3.94,3.86,3.86,266,0
WPR,D,20250604,000000,3.86,3.9,3.8,3.9,1720,0
WPR,D,20250605,000000,3.88,3.88,3.8,3.82,650,0
WPR,D,20250606,000000,3.82,3.88,3.78,3.87,1495,0
WPR,D,20250609,000000,3.87,3.88,3.78,3.78,548,0
WPR,D,20250610,000000,3.78,3.86,3.78,3.78,893,0
WPR,D,20250611,000000,3.78,3.8,3.78,3.8,993,0
WPR,D,20250612,000000,3.78,3.8,3.5,3.5,19758,0
WPR,D,20250613,000000,3.5,3.7,3.5,3.62,6951,0
WPR,D,20250616,000000,3.73,3.82,3.63,3.63,845,0
WPR,D,20250617,000000,3.77,3.8,3.62,3.8,101,0
WPR,D,20250618,000000,3.82,3.82,3.8,3.8,1686,0
WPR,D,20250620,000000,3.81,3.81,3.75,3.81,698,0
WPR,D,20250623,000000,3.86,3.86,3.65,3.74,1577,0
WPR,D,20250624,000000,3.74,3.78,3.74,3.78,1329,0
WPR,D,20250625,000000,3.78,3.78,3.6,3.66,2704,0
WPR,D,20250626,000000,3.7,3.7,3.61,3.65,1329,0
WPR,D,20250627,000000,3.65,3.68,3.6,3.6,2290,0
WPR,D,20250630,000000,3.6,3.84,3.6,3.8,5158,0
WPR,D,20250701,000000,3.8,3.8,3.74,3.74,1414,0
WPR,D,20250702,000000,3.76,3.76,3.68,3.69,219,0
WPR,D,20250703,000000,3.69,3.7,3.69,3.7,105,0
WPR,D,20250704,000000,3.75,3.75,3.75,3.75,48,0
WPR,D,20250707,000000,3.75,3.75,3.69,3.75,300,0
WPR,D,20250708,000000,3.75,3.76,3.68,3.74,1968,0
WPR,D,20250709,000000,3.74,3.74,3.68,3.68,1017,0
WPR,D,20250710,000000,3.68,3.7,3.64,3.69,1574,0
WPR,D,20250711,000000,3.69,3.69,3.62,3.69,313,0
WPR,D,20250714,000000,3.5,3.66,3.49,3.58,13775,0
WPR,D,20250715,000000,3.58,3.58,3.51,3.52,2156,0
WPR,D,20250716,000000,3.52,3.57,3.51,3.57,1724,0
WPR,D,20250717,000000,3.52,3.58,3.51,3.58,1612,0
WPR,D,20250718,000000,3.54,3.54,3.47,3.53,7147,0
WPR,D,20250721,000000,3.52,3.58,3.38,3.48,19755,0
WPR,D,20250722,000000,3.44,3.47,3.41,3.41,1634,0
WPR,D,20250723,000000,3.48,3.5,3.42,3.5,1032,0
WPR,D,20250724,000000,3.5,3.53,3.42,3.53,5872,0
WPR,D,20250725,000000,3.53,3.53,3.39,3.39,9116,0
WPR,D,20250728,000000,3.39,3.46,3.39,3.46,1651,0
WPR,D,20250729,000000,3.48,3.48,3.36,3.38,5030,0
WPR,D,20250730,000000,3.4,3.48,3.39,3.39,877,0
WPR,D,20250731,000000,3.43,3.43,3.33,3.4,6642,0
WPR,D,20250801,000000,3.4,3.41,3.33,3.35,543,0
WPR,D,20250804,000000,3.35,3.41,3.35,3.4,545,0
WPR,D,20250805,000000,3.41,3.43,3.33,3.34,1634,0
WPR,D,20250806,000000,3.34,3.4,3.34,3.35,2176,0
WPR,D,20250807,000000,3.39,3.39,3.35,3.39,1755,0
WPR,D,20250808,000000,3.39,3.39,3.39,3.39,27,0
WPR,D,20250811,000000,3.33,3.4,3.33,3.4,1903,0
WPR,D,20250812,000000,3.4,3.4,3.34,3.4,1662,0
WPR,D,20250813,000000,3.4,3.46,3.34,3.44,2011,0
WPR,D,20250814,000000,3.46,3.46,3.43,3.46,1760,0
WPR,D,20250818,000000,3.44,3.48,3.44,3.47,1267,0
WPR,D,20250819,000000,3.47,3.47,3.38,3.47,1661,0
WPR,D,20250820,000000,3.47,3.5,3.4,3.47,1660,0
WPR,D,20250821,000000,3.46,3.46,3.25,3.4,8210,0
WPR,D,20250822,000000,3.38,3.44,3.32,3.32,3652,0
WPR,D,20250825,000000,3.39,3.39,3.38,3.38,273,0
WPR,D,20250826,000000,3.38,3.38,3.22,3.22,4429,0
WPR,D,20250827,000000,3.22,3.36,3.22,3.23,1205,0
WPR,D,20250828,000000,3.34,3.34,3.33,3.33,998,0
WPR,D,20250829,000000,3.33,3.33,3.11,3.11,8636,0
WPR,D,20250901,000000,3.11,3.25,3.11,3.17,3728,0
WPR,D,20250902,000000,3.25,3.25,3.25,3.25,1281,0
WPR,D,20250903,000000,3.25,3.25,3.11,3.12,1055,0
WPR,D,20250904,000000,3.11,3.19,3.11,3.15,9755,0
WPR,D,20250905,000000,3.15,3.15,3.11,3.11,914,0
WPR,D,20250908,000000,3.11,3.14,3.03,3.12,8982,0
WPR,D,20250909,000000,3.12,3.15,3.09,3.12,6117,0
WPR,D,20250910,000000,3.15,3.15,3.04,3.14,12477,0
WPR,D,20250911,000000,3.14,3.24,3.04,3.18,16297,0
WPR,D,20250912,000000,3.18,3.2,3.1,3.2,6058,0
WPR,D,20250915,000000,3.22,3.26,3.22,3.26,2313,0
WPR,D,20250916,000000,3.26,3.32,3.22,3.32,9357,0
WPR,D,20250917,000000,3.32,3.44,3.32,3.44,14403,0
WPR,D,20250918,000000,3.44,3.49,3.38,3.49,5047,0
WPR,D,20250919,000000,3.5,3.7,3.5,3.6,9661,0
WPR,D,20250922,000000,3.68,3.68,3.58,3.68,1780,0
WPR,D,20250923,000000,3.68,3.7,3.68,3.7,3633,0
WPR,D,20250924,000000,3.7,3.7,3.6,3.6,1725,0
WPR,D,20250925,000000,3.6,3.93,3.58,3.93,11396,0
WPR,D,20250926,000000,3.93,3.96,3.54,3.6,30615,0
WPR,D,20250929,000000,3.72,3.74,3.7,3.7,3009,0
WPR,D,20250930,000000,3.7,3.7,3.5,3.59,6116,0
WPR,D,20251001,000000,3.59,3.59,3.52,3.52,1150,0
WPR,D,20251002,000000,3.52,3.6,3.5,3.6,3101,0
WPR,D,20251003,000000,3.6,3.6,3.4,3.44,3871,0
WPR,D,20251006,000000,3.5,3.5,3.32,3.5,3857,0
WPR,D,20251007,000000,3.52,3.58,3.52,3.52,2084,0
WPR,D,20251008,000000,3.52,3.55,3.52,3.55,1029,0
WPR,D,20251009,000000,3.48,3.55,3.4,3.55,3024,0
WPR,D,20251010,000000,3.55,3.55,3.36,3.48,8522,0
WPR,D,20251013,000000,3.47,3.52,3.4,3.41,3199,0
WPR,D,20251014,000000,3.52,3.52,3.3,3.48,764,0
WPR,D,20251015,000000,3.52,3.56,3.52,3.55,4031,0
WPR,D,20251016,000000,3.55,3.55,3.31,3.31,2721,0
WPR,D,20251017,000000,3.5,3.51,3.38,3.41,2507,0
WPR,D,20251020,000000,3.41,3.5,3.28,3.44,3180,0
WPR,D,20251021,000000,3.44,3.45,3.3,3.45,1124,0
WPR,D,20251022,000000,3.45,3.51,3.36,3.51,2386,0
WPR,D,20251023,000000,3.51,3.54,3.51,3.54,1741,0
WPR,D,20251024,000000,3.54,3.54,3.4,3.54,531,0
WPR,D,20251027,000000,3.54,3.54,3.38,3.38,3789,0
WPR,D,20251028,000000,3.35,3.44,3.33,3.33,1169,0
WPR,D,20251029,000000,3.43,3.45,3.29,3.4,457,0
WPR,D,20251030,000000,3.3,3.42,3.3,3.42,2459,0
WPR,D,20251031,000000,3.42,3.42,3.32,3.32,288,0
WPR,D,20251103,000000,3.32,3.4,3.31,3.4,569,0
WPR,D,20251104,000000,3.31,3.39,3.2,3.27,4027,0
WPR,D,20251105,000000,3.34,3.34,3.24,3.24,424,0
WPR,D,20251106,000000,3.24,3.32,3.22,3.32,160,0
WPR,D,20251107,000000,3.32,3.32,3.32,3.32,5,0
WPR,D,20251110,000000,3.34,3.34,3.26,3.3,301,0
WPR,D,20251112,000000,3.3,3.31,3.22,3.3,412,0
WPR,D,20251113,000000,3.3,3.3,3.23,3.29,12,0
WPR,D,20251114,000000,3.29,3.31,3.03,3.2,9261,0
WPR,D,20251117,000000,3.07,3.19,3.05,3.05,3959,0
WPR,D,20251118,000000,3.04,3.04,3.01,3.04,3603,0
WPR,D,20251119,000000,3.01,3.29,3.01,3.04,2695,0
WPR,D,20251120,000000,3.04,3.2,3.04,3.1,625,0
WPR,D,20251121,000000,3.1,3.1,2.8,3.06,19042,0
WPR,D,20251124,000000,3.04,3.06,2.8,2.91,13583,0
WPR,D,20251125,000000,2.91,2.97,2.9,2.91,2714,0
WPR,D,20251126,000000,2.91,2.98,2.91,2.98,373,0
WPR,D,20251127,000000,2.91,2.98,2.9,2.97,3098,0
WPR,D,20251128,000000,2.97,2.97,2.85,2.97,19617,0
WPR,D,20251201,000000,2.9,2.98,2.85,2.94,5906,0
WPR,D,20251202,000000,2.94,2.94,2.85,2.92,30,0
WPR,D,20251203,000000,2.92,2.92,2.86,2.91,1227,0
WPR,D,20251204,000000,2.86,2.91,2.85,2.85,1867,0
WPR,D,20251205,000000,2.85,2.85,2.62,2.77,6646,0
WPR,D,20251208,000000,2.76,2.78,2.72,2.78,16674,0
WPR,D,20251209,000000,2.77,2.77,2.75,2.75,350,0
WPR,D,20251210,000000,2.75,2.75,2.75,2.75,835,0
WPR,D,20251211,000000,2.72,2.75,2.61,2.72,14826,0
WPR,D,20251212,000000,2.71,2.71,2.55,2.58,7908,0
WPR,D,20251215,000000,2.6,2.63,2.55,2.55,13696,0
WPR,D,20251216,000000,2.55,2.55,2.31,2.45,22301,0
WPR,D,20251217,000000,2.41,2.65,2.3,2.58,23755,0
WPR,D,20251218,000000,2.57,2.59,2.5,2.52,15641,0
WPR,D,20251219,000000,2.52,2.59,2.48,2.49,12638,0
WPR,D,20251222,000000,2.49,2.49,2.37,2.4,11630,0
WPR,D,20251223,000000,2.4,2.64,2.34,2.5,42537,0
WPR,D,20251229,000000,2.5,2.63,2.42,2.56,1786,0
WPR,D,20251230,000000,2.7,2.7,2.45,2.59,8300,0
WPR,D,20260102,000000,2.6,2.73,2.5,2.57,7518,0
WPR,D,20260105,000000,2.6,2.6,2.55,2.55,2018,0
WPR,D,20260107,000000,2.6,2.6,2.5,2.56,10572,0
WPR,D,20260108,000000,2.56,2.58,2.52,2.58,2214,0
WPR,D,20260109,000000,2.58,2.58,2.5,2.53,4327,0
WPR,D,20260112,000000,2.53,2.97,2.53,2.84,29147,0
WPR,D,20260113,000000,2.86,2.89,2.6,2.83,11755,0
WPR,D,20260114,000000,2.84,2.89,2.61,2.8,5021,0
WPR,D,20260115,000000,2.85,3.86,2.83,3.86,84446,0
WPR,D,20260116,000000,4.02,4.88,4.02,4.88,131775,0
WPR,D,20260119,000000,5,6.3,4.88,5.7,316234,0
WPR,D,20260120,000000,5.7,5.88,4.8,5,138545,0
WPR,D,20260121,000000,5,5.08,4.5,4.54,52964,0
WPR,D,20260122,000000,4.56,5.5,4.44,5.04,195363,0
WPR,D,20260123,000000,5,5,4.52,4.68,62039,0
WPR,D,20260126,000000,4.69,4.69,4.24,4.37,51704,0
WPR,D,20260127,000000,4.37,4.68,4.2,4.4,45035,0
WPR,D,20260128,000000,4.34,4.4,4.2,4.29,14621,0
WPR,D,20260129,000000,4.22,4.89,4.2,4.42,62693,0
WPR,D,20260130,000000,4.6,4.65,4.34,4.37,19684,0
WPR,D,20260202,000000,4.45,4.45,4.07,4.12,16418,0
WPR,D,20260203,000000,4.16,4.19,4.1,4.11,5278,0
WPR,D,20260204,000000,4.11,4.17,4.07,4.07,3705,0
WPR,D,20260205,000000,4.07,4.07,3.84,4.07,14937,0
WPR,D,20260206,000000,4,4.35,3.85,4.19,29206,0
WPR,D,20260209,000000,4.18,4.18,3.85,4.08,17097,0
WPR,D,20260210,000000,4.08,4.12,3.9,4.1,4042,0
WPR,D,20260211,000000,3.91,4.06,3.9,3.97,6235,0
WPR,D,20260212,000000,3.9,3.98,3.85,3.98,3723,0
WPR,D,20260213,000000,3.97,3.97,3.81,3.94,6866,0
WPR,D,20260216,000000,3.94,3.94,3.94,3.94,205,0
WPR,D,20260217,000000,3.94,3.94,3.82,3.84,3820,0
WPR,D,20260218,000000,3.84,4.18,3.8,4,15865,0
WPR,D,20260219,000000,4.02,4.1,3.85,3.9,5352,0
WPR,D,20260220,000000,3.91,4.09,3.91,3.95,6740,0
WPR,D,20260223,000000,4.1,4.6,4.1,4.22,33070,0
WPR,D,20260224,000000,4.39,4.39,4,4.08,12405,0
WPR,D,20260225,000000,4.1,4.34,4.02,4.33,12113,0
WPR,D,20260226,000000,4.33,4.4,4.12,4.4,13766,0
WPR,D,20260227,000000,4.4,4.4,4.2,4.36,3911,0
WPR,D,20260302,000000,4.3,4.3,3.92,4.08,14568,0
WPR,D,20260303,000000,4.09,4.09,3.83,3.94,5059,0
WPR,D,20260304,000000,3.9,4.04,3.83,4.04,1352,0
WPR,D,20260305,000000,4.05,4.07,3.97,4.07,925,0
WPR,D,20260306,000000,4.07,4.07,3.85,3.96,5988,0
WPR,D,20260309,000000,3.97,3.97,3.8,3.86,6635,0
WPR,D,20260310,000000,3.93,4.03,3.9,3.91,2295,0
WPR,D,20260311,000000,3.92,4.02,3.8,3.87,2981,0
WPR,D,20260312,000000,3.81,3.97,3.81,3.9,1989,0
WPR,D,20260313,000000,3.91,3.91,3.65,3.86,12114,0
WPR,D,20260316,000000,3.9,3.9,3.74,3.89,702,0
WPR,D,20260317,000000,3.79,3.9,3.79,3.89,186,0
WPR,D,20260318,000000,3.82,3.89,3.82,3.82,149,0
WPR,D,20260319,000000,3.82,3.82,3.76,3.76,722,0
WPR,D,20260320,000000,3.76,3.89,3.7,3.7,4480,0
WPR,D,20260323,000000,3.64,3.73,3.4,3.55,8966,0
WPR,D,20260324,000000,3.57,3.7,3.57,3.58,2880,0
WPR,D,20260325,000000,3.58,3.63,3.5,3.5,4502,0
WPR,D,20260326,000000,3.5,3.56,3.45,3.45,3873,0
WPR,D,20260327,000000,3.49,3.49,3.44,3.49,471,0
WPR,D,20260330,000000,3.49,3.49,3.33,3.4,2491,0
WPR,D,20260331,000000,3.4,3.73,3.25,3.73,12645,0
WPR,D,20260401,000000,3.73,3.73,3.47,3.65,2855,0
WPR,D,20260402,000000,3.6,3.6,3.34,3.49,4373,0
WPR,D,20260407,000000,3.47,3.63,3.35,3.4,3295,0
WPR,D,20260408,000000,3.4,3.73,3.25,3.25,16717,0
WPR,D,20260409,000000,3.26,3.3,3.26,3.26,2360,0
WPR,D,20260410,000000,3.26,3.45,3.26,3.44,2278,0
WPR,D,20260413,000000,3.35,3.45,3.34,3.45,2063,0
WPR,D,20260414,000000,3.44,3.45,3.34,3.42,4021,0
WPR,D,20260415,000000,3.43,3.56,3.43,3.56,3188,0
WPR,D,20260416,000000,3.56,3.56,3.21,3.21,38193,0
WPR,D,20260417,000000,3.25,3.25,3.06,3.12,18653,0
WPR,D,20260420,000000,3.12,3.12,2.9,2.97,15983,0
WPR,D,20260421,000000,3,3.05,2.83,2.86,14492,0
WPR,D,20260422,000000,2.87,3.5,2.87,3.16,78856,0
WPR,D,20260423,000000,3.15,3.15,3.06,3.06,5949,0
WPR,D,20260424,000000,3.06,3.3,3.05,3.07,4750,0
WPR,D,20260427,000000,3.07,3.13,3,3.11,4389,0
WPR,D,20260428,000000,3.11,3.11,2.95,2.95,4420,0
WPR,D,20260429,000000,2.99,2.99,2.9,2.98,6570,0
WPR,D,20260430,000000,2.88,2.97,2.85,2.85,8625,0
WPR,D,20260504,000000,2.84,2.85,2.77,2.83,5643,0
WPR,D,20260505,000000,2.83,2.98,2.78,2.85,14473,0
WPR,D,20260506,000000,2.9,2.94,2.9,2.9,5763,0
WPR,D,20260507,000000,2.9,2.94,2.9,2.94,2961,0
WPR,D,20260508,000000,2.93,2.93,2.77,2.87,10782,0
WPR,D,20260511,000000,2.92,2.92,2.74,2.83,10110,0
WPR,D,20260512,000000,2.83,2.97,2.74,2.85,41378,0
WPR,D,20260513,000000,2.8,2.9,2.78,2.9,10247,0
WPR,D,20260514,000000,2.91,2.91,2.8,2.85,4812,0
WPR,D,20260515,000000,2.85,3.01,2.81,2.91,49830,0
WPR,D,20260518,000000,2.91,3.1,2.91,2.91,28888,0
WPR,D,20260519,000000,2.9,2.9,2.85,2.9,3314,0
WPR,D,20260520,000000,2.9,2.9,2.86,2.86,557,0
WPR,D,20260521,000000,2.87,2.97,2.87,2.96,4687,0
WPR,D,20260522,000000,2.96,2.96,2.86,2.93,4379,0
WPR,D,20260525,000000,2.93,2.96,2.86,2.92,6081,0
WPR,D,20260526,000000,2.86,2.94,2.84,2.91,5138,0
WPR,D,20260527,000000,2.91,2.93,2.85,2.86,5046,0
WPR,D,20260528,000000,2.86,3.01,2.86,2.97,20853,0
WPR,D,20260529,000000,2.97,3,2.9,2.9,6079,0
WPR,D,20260601,000000,2.86,2.9,2.8,2.85,12879,0
WPR,D,20260602,000000,2.85,2.87,2.77,2.86,4054,0
WPR,D,20260603,000000,2.86,2.86,2.79,2.84,3961,0
WPR,D,20260605,000000,2.8,2.84,2.8,2.84,2610,0
WPR,D,20260608,000000,2.83,2.83,2.78,2.83,996,0
WPR,D,20260609,000000,2.83,3,2.82,2.82,26752,0
WPR,D,20260610,000000,2.82,2.87,2.8,2.85,5434,0
WPR,D,20260611,000000,2.84,2.84,2.8,2.8,15,0
WPR,D,20260612,000000,2.8,2.81,2.77,2.77,4040,0
WPR,D,20260615,000000,2.77,2.77,2.7,2.72,4552,0
WPR,D,20260616,000000,2.75,2.77,2.75,2.75,1896,0
WPR,D,20260617,000000,2.75,2.86,2.75,2.8,18522,0
WPR,D,20260618,000000,2.8,2.8,2.7,2.79,2990,0
WPR,D,20260619,000000,2.8,2.83,2.75,2.83,925,0
WPR,D,20260622,000000,2.83,2.83,2.71,2.71,12059,0
WPR,D,20260623,000000,2.72,2.76,2.72,2.76,1164,0
WPR,D,20260624,000000,2.76,2.76,2.76,2.76,45,0
WPR,D,20260625,000000,2.76,2.78,2.72,2.76,1715,0
WPR,D,20260626,000000,2.78,2.83,2.73,2.83,6643,0
WPR,D,20260629,000000,2.83,2.94,2.76,2.8,5663,0
WPR,D,20260630,000000,2.8,3.18,2.8,2.98,33737,0
WPR,D,20260701,000000,3.08,3.1,2.85,3.07,12409,0
WPR,D,20260702,000000,3.08,3.2,3.02,3.12,14314,0
WPR,D,20260703,000000,3.16,3.16,2.97,3.08,4085,0
WPR,D,20260706,000000,3.06,3.06,3,3,464,0
WPR,D,20260707,000000,3,3.04,3,3.04,373,0
WPR,D,20260708,000000,3.04,3.06,2.92,3.06,1536,0
WPR,D,20260709,000000,3.06,3.14,3.03,3.03,3570,0
WPR,D,20260710,000000,3.03,3.11,2.97,2.97,6120,0
WPR,D,20260713,000000,3.07,3.37,3,3.37,19835,0
WPR,D,20260714,000000,3.4,3.46,3.26,3.26,13462,0
WPR,D,20260715,000000,3.21,3.26,3.19,3.26,579,0
WPR,D,20260716,000000,3.26,3.26,2.9,2.91,14869,0
WPR,D,20260717,000000,2.96,2.99,2.88,2.96,2152,0
WPR,D,20260720,000000,2.97,3.18,2.92,3.18,3729,0
WPR,D,20260721,000000,2.92,3,2.92,3,4295,0
WPR,D,20260722,000000,2.93,2.96,2.85,2.93,11702,0
WPR,D,20260723,000000,2.93,2.93,2.88,2.93,727,0
WPR,D,20260724,000000,2.94,2.94,2.88,2.9,1958,0
WPR,D,20260727,000000,2.84,2.9,2.8,2.84,5063,0
WPR,D,20260728,000000,2.89,2.89,2.81,2.88,1527,0
WPR,D,20260729,000000,2.89,2.9,2.75,2.9,3923,0
WPR,D,20260730,000000,2.87,2.9,2.78,2.78,423,0
WPR,D,20260731,000000,2.8,2.88,2.76,2.76,3362,0
WPR,D,20260803,000000,2.82,2.9,2.82,2.84,2615,0
WPR,D,20260804,000000,2.82,2.85,2.64,2.7,27664,0
WPR,D,20260805,000000,2.7,2.7,2.67,2.7,3225,0
WPR,D,20260806,000000,2.7,2.77,2.5,2.7,19830,0
WPR,D,20260807,000000,2.7,2.7,2.61,2.61,7400,0
WPR,D,20260810,000000,2.61,2.69,2.49,2.58,27325,0
WPR,D,20260811,000000,2.8,2.92,2.7,2.88,29805,0
WPR,D,20260812,000000,2.73,2.99,2.73,2.98,10691,0
WPR,D,20260813,000000,2.99,3,2.83,2.89,12234,0
WPR,D,20260814,000000,3.01,3.01,3,3,1020,0
WPR,D,20260817,000000,2.91,2.97,2.64,2.94,15754,0
WPR,D,20260818,000000,2.95,2.95,2.7,2.76,7563,0
